406
7
0
45
23
0
446
412
7
415
25
22
24
31
1
5
20
22
10
83
432
28
17
0
0
385
385
0
0
0
0
0
0
0
0
0
0
392
0
427
406
406
471
407
386
29
407
9
16
0
22
417
444
8
0
391
430
392
21
406
416
431
65
88
14
5
0
0
0
0
0
8
0
0
0
5
0
0
0
6
0
0
0
11
9
0
9
9
9
27
0
0
0
0
0
29
22
9
10
0
10
9
17
0
0
0
2
70
32
9
0
1
0
0
0
0
0
10
1
9
9
2
66
406
17
16
10
385
65
84
20
19
19
4
0
385
16
0
2
410
385
1
0
0
0
0
10
56
0
0
0
0
0
0
0
0
4
429
0
0
0
59
2
1
1
11
386
0
1
1
386
21
6
37
385
10
0
4
6
6
13
1
0
5
1
9
7
5
6
466
0
6
1
0
0
0
0
0
0
0
0
0
0
0
0
0
0
0
0
0
0
0
0
0
0
0
0
389
418
385
389
392
385
390
388
0
0
0
0
0
0
0
0
0
0
0
0
0
0
0
0
0
0
0
0
0
0
0
0
0
0
0
0
0
0
0
0
0
0
0
0
0
0
0
0
0
0
0
0
0
0
0
0
0
0
0
0
0
0
0
0
0
0
0
0
0
0
0
0
0
0
0
0
0
0
0
0
0
0
0
0
0
21
0
405
407
4
6
7
0
9
423
90
386
0
0
1
0
0
0
0
2
0
0
0
0
0
0
0
407
1
9
407
1
0
0
0
21
407
9
11
24
29
6
0
407
0
3
0
20
3
388
23
104
0
7
412
4
402
5
5
1
2
401
0
0
16
19
52
26
8
0
4
10
11
10
13
0
151
3
37
1
0
298
41
35
0
0
397
14
9
21
2
3
0
0
0
2
43
24
16
1
1
21
2
0
109
21
22
18
80
14
21
12
38
1
5
6
36
1
110
37
13
210
414
21
396
12
18
5
13
0
20
8
12
40
7
0
6
104
5
64
455
23
53
16
28
20
12
1
25
15
5
6
390
3
124
391
16
22
13
23
9
12
87
7
11
267
12
11
105
6
10
10
25
659
1
1
762
101
6
13
19
391
14
8
26
5
123
6
7
97
0
5
101
63
5
7
0
11
15
28
0
11
34
5
8
8
5
1
0
0
11
1
129
2
10
207
43
5
292
9
38
9
0
6
10
220
63
0
16
170
0
5
5
65
15
5
7
391
10
156
23
96
6
11
6
408
15
406
15
0
15
385
5
394
1
4
0
0
0
0
512
406
0
1
394
3
3
386
7
385
0
0
0
0
0
0
410
2
385
0
385
0
0
385
0
385
0
0
7
446
0
0
0
0
0
0
406
24
21
2
0
406
0
0
406
1
23
0
23
0
0
0
407
1
32
0
439
