0
2
14
2
7
0
0
0
1
0
1
0
204
425
2
0
0
425
0
0
0
0
8
8
1
9
1
12
19
5
0
1
0
1
2
6
1
1
5
3
0
2
0
2
2
2
5
8
99
1
21
0
1
22
6
10
224
1
124
1
2
0
3
0
60
0
0
1
0
5
0
13
0
2
0
19
2
0
0
450
0
147
38
0
0
0
0
38
0
0
0
0
0
0
0
0
0
0
0
13
0
38
0
0
0
0
0
0
1
2
0
9
51
0
1
38
0
5
5
1
1
0
2
0
0
0
3
0
1
1
0
6
8
1
0
0
0
38
0
0
0
0
0
0
0
0
2
4
0
0
0
0
0
0
0
0
0
1
9
0
0
0
0
0
0
4
0
0
0
0
21
3
0
4
0
0
1
0
1
2
54
9
3
0
0
0
0
0
0
0
0
0
1
6
51
0
1
16
40
3
0
425
0
0
12
1
1
0
0
44
0
11
0
1
5
0
0
6
0
0
38
0
0
0
0
0
0
0
0
2
0
0
0
0
0
0
0
0
0
0
0
0
0
0
0
4
0
0
0
0
3
0
7
1
0
0
0
0
1
3
2
9
1
1
0
1
0
0
1
6
0
0
1
15
0
11
1
3
3
0
2
0
0
0
1
0
3
1
6
0
0
1
432
0
3
6
0
6
0
5
12
4
2
1
2
2
2
5
5
2
3
0
2
1
0
0
0
2
0
7
0
7
3
5
6
10
434
8
48
2
7
11
0
0
81
5
6
40
3
0
7
0
2
6
0
0
9
7
66
455
182
6
17
8
20
27
0
5
5
7
6
0
0
2
0
2
0
0
24
20
24
6
4
25
1
6
1
9
6
9
8
5
66
385
5
8
5
1
10
5
0
5
88
9
4
8
0
14
6
12
8
0
0
22
0
3
28
120
0
426
27
11
13
11
1
22
2
20
15
0
11
20
1
6
87
7
5
210
0
69
7
12
6
24
7
17
3
20
32
8
9
398
3
10
6
1
7
17
28
13
6
1
2
0
37
25
4
12
0
1
5
68
6
1
10
0
1
11
109
2
8
11
1
3
5
0
19
1
14
189
3
125
8
2
109
0
5
1
2
32
9
10
30
2
5
5
1
0
5
0
59
15
5
47
11
0
13
0
5
6
1
468
17
6
14
1
9
147
38
0
1
0
51
0
0
0
458
63
2
0
0
0
0
0
0
0
1
0
5
7
0
0
5
3
0
0
1
3
1
0
0
0
0
1
0
8
9
0
7
5
12
0
0
2
0
0
0
1
0
0
0
0
0
0
1
2
610
12
0
2
0
0
0
0
0
0
0
0
0
0
0
0
7
0
0
0
0
3
0
11
2
0
0
0
0
0
0
