48
0
0
2
7
2
0
1
1
7
0
32
31
17
0
11
11
5
13
4
4
3
1
1
0
1
6
6
1
1
21
9
0
75
1
1
220
3
113
7
3
49
1
0
1
9
1
1
1
0
1
0
2
6
0
117
1
0
1
1
0
0
0
0
0
0
0
0
0
0
0
0
1
0
0
0
0
0
0
0
0
0
0
0
1
0
0
0
0
0
0
0
0
0
0
1
0
11
5
0
1
43
5
3
0
3
1
1
1
0
0
0
0
0
0
0
7
0
0
0
0
0
2
2
7
20
7
41
0
0
9
5
5
0
9
7
85
0
51
20
5
83
1
0
127
1
0
0
0
0
0
0
0
0
0
3
0
1
4
12
54
0
0
0
5
0
1
64
458
0
0
0
0
0
5
23
1
7
7
0
81
0
1
0
1
0
0
0
0
3
1
1
6
0
0
0
0
6
0
0
0
1
0
1
6
0
6
9
81
110
81
0
81
411
9
1
0
0
0
23
0
4
3
2
1
0
1
0
0
10
0
0
0
1
87
5
0
25
117
117
0
0
5
1
59
1
0
0
0
27
0
0
0
10
1
0
1
0
59
0
1
117
1
3
0
0
65
0
11
89
59
0
0
6
59
0
0
59
1
59
59
59
59
39
39
44
1
85
59
0
0
0
0
0
0
0
0
0
59
0
0
0
0
0
0
59
16
67
140
111
20
66
0
1
0
0
0
6
3
36
81
0
7
0
1
1
1
66
0
0
0
9
9
5
2
1
386
0
37
1
0
18
5
0
1
7
87
1
17
21
13
91
4
14
145
5
119
1
6
18
5
13
45
3
65
455
13
1
8
5
163
6
138
10
6
7
13
16
9
22
5
10
2
15
0
0
31
0
14
31
58
0
12
9
93
27
8
94
0
16
0
216
0
90
0
28
1
20
6
6
56
2
2
14
29
9
166
2
193
6
0
124
3
14
192
2
3
260
5
1
5
45
5
0
1
3
12
20
1
0
113
1
0
0
0
0
0
0
0
0
3
0
1
0
0
0
0
0
9
109
21
4
4
4
0
5
60
30
6
0
415
5
0
1
418
4
82
81
1
11
18
1
10
81
0
35
4
0
117
421
0
0
0
1
117
443
5
0
0
0
0
1
41
133
2
67
61
0
10
5
30
