0
93
0
28
11
1
22
5
11
1
0
8
6
0
0
0
12
498
7
8
34
36
5
0
16
0
38
11
26
2
12
0
11
22
13
425
3
1
1
37
1
1
6
3
2
0
12
10
0
0
0
0
0
0
0
0
0
51
1
86
1
22
1
97
1
5
0
1
1
1
0
0
0
431
124
20
0
3
15
1
102
9
1
11
22
0
1
0
20
1
0
10
0
0
0
0
14
6
3
0
0
0
0
0
10
28
11
427
22
0
0
0
0
0
12
10
9
1
0
0
0
0
0
0
0
37
3
1
0
0
0
1
0
0
0
0
0
0
10
59
14
0
0
0
0
0
1
0
10
0
0
10
0
0
0
0
0
1
0
0
31
0
0
12
10
24
59
70
13
0
0
425
0
11
0
1
0
11
1
10
70
27
30
0
0
0
0
0
0
0
0
0
0
0
0
0
59
0
0
0
10
2
0
3
1
27
14
1
0
0
0
0
0
1
1
7
13
0
63
0
12
1
0
5
5
0
0
0
0
1
0
0
0
0
0
0
0
0
0
0
6
11
435
6
1
0
0
0
21
21
21
21
0
0
14
0
0
0
0
0
0
0
0
3
0
0
0
0
0
0
0
0
0
0
0
0
0
0
0
0
0
0
0
0
0
0
0
0
0
0
0
0
0
0
0
1
0
0
0
0
0
0
0
0
0
0
0
0
425
1
13
3
429
1
393
385
2
1
0
425
425
0
447
0
445
24
0
14
0
1
0
0
0
3
14
0
0
0
0
0
0
0
0
31
4
13
2
4
1
0
0
0
0
0
0
0
0
0
0
0
0
0
0
0
0
0
0
3
10
0
3
0
10
0
0
13
11
14
451
385
0
0
0
0
0
0
6
6
8
391
449
7
1
15
1
2
2
6
23
24
0
4
1
0
1
21
10
0
0
0
75
10
0
1
17
0
1
10
0
4
14
16
0
5
2
28
1
4
0
3
7
113
6
8
2
68
455
34
1
7
1
3
2
142
5
9
6
15
1
18
0
47
0
115
426
0
6
9
1
2
3
1
24
6
1
34
20
4
3
25
6
36
0
443
37
92
0
7
390
1
12
7
0
0
6
7
414
0
63
1
7
1
22
1
0
5
141
6
16
2
26
1
23
7
24
1
26
0
206
39
0
104
387
104
27
12
0
17
7
14
34
0
0
0
0
0
0
0
0
0
0
3
0
272
1
3
0
2
0
14
1
23
10
0
10
0
12
0
37
1
3
5
10
426
9
0
18
425
17
0
2
1
0
0
0
0
0
3
14
0
0
0
0
0
0
0
0
0
0
0
0
0
0
0
0
0
0
0
19
386
14
1
20
1
20
0
0
0
0
0
0
0
0
0
0
0
0
0
0
0
425
14
425
20
391
407
430
0
427
390
386
1
0
12
63
10
0
10
0
10
6
0
0
0
0
0
10
0
0
0
26
14
0
0
0
3
0
0
0
0
0
0
0
0
0
0
0
0
0
0
0
0
0
0
0
0
0
0
0
0
0
0
0
0
0
0
0
0
0
0
0
0
0
0
0
0
0
0
0
0
0
0
0
0
0
0
0
0
0
0
0
0
0
0
0
0
0
0
2
6
11
3
0
15
0
0
10
31
30
