4
0
5
1
0
5
0
0
0
10
0
2
20
0
54
11
0
429
4
15
4
0
0
0
17
25
1
0
0
0
6
0
0
20
1
0
16
1
8
8
390
16
0
4
0
10
0
0
0
0
19
6
0
0
0
0
9
0
0
0
20
20
11
0
4
11
0
0
0
10
9
19
0
0
0
6
0
0
0
0
0
0
9
9
0
0
0
0
0
0
0
0
0
0
10
13
0
9
0
0
0
12
13
29
9
22
16
12
0
1
0
0
9
9
0
0
5
0
0
10
0
11
19
9
10
8
9
0
48
2
5
3
0
0
592
21
472
428
27
0
81
13
2
0
385
13
0
15
35
0
21
0
28
2
9
30
2
0
0
12
12
0
21
0
0
0
0
0
398
402
419
389
2
5
385
0
385
388
404
7
407
1
15
0
0
9
16
1
5
9
3
14
0
13
5
13
0
39
19
385
406
0
0
0
0
385
385
385
12
398
0
0
0
0
0
0
0
0
0
385
385
385
0
0
398
0
0
0
0
0
0
0
0
10
0
0
0
0
385
385
385
13
3
0
385
385
385
13
3
0
0
0
0
0
0
0
0
12
0
3
0
1
11
399
416
6
0
5
5
6
5
6
3
0
0
26
6
0
78
7
23
6
6
0
64
5
3
10
10
0
20
0
70
455
23
16
16
10
8
20
18
10
0
5
6
10
13
16
6
1
386
10
10
0
7
7
0
0
0
0
6
16
0
82
11
9
392
0
6
14
6
6
90
10
5
38
1
4
5
10
6
6
0
7
35
13
6
34
15
17
12
0
6
7
6
5
0
6
390
10
12
11
6
6
6
10
401
6
8
27
399
0
15
27
6
0
400
7
6
0
15
7
5
0
1
1
21
5
0
8
10
5
29
9
1
0
5
59
15
5
7
63
6
11
28
5
62
406
1
