20
324
0
1
14
2
5
5
20
0
0
0
40
148
20
0
81
0
17
46
2
10
10
2
10
25
24
0
20
0
1
1
27
0
22
0
50
123
6
0
76
5
0
2
0
2
39
0
35
49
3
12
2
3
0
6
20
5
8
40
19
13
0
0
7
0
5
1
7
1
16
2
0
0
20
0
1
26
0
96
85
93
9
0
0
0
0
0
0
27
31
0
0
27
20
0
0
0
0
0
0
20
0
0
0
0
0
0
0
0
0
1
0
71
19
65
1
2
20
0
0
0
0
0
20
0
0
0
1
0
0
0
0
1
19
64
15
0
0
0
0
0
0
0
0
1
0
0
6
2
3
22
8
0
0
26
12
10
4
12
32
0
0
5
5
2
1
29
0
0
0
0
0
15
1
0
23
0
0
0
0
11
0
0
1
0
0
0
1
0
0
0
0
0
2
0
0
0
0
0
0
0
1
2
0
6
0
0
0
2
0
89
22
117
56
20
0
0
0
5
0
50
38
37
0
2
20
9
12
0
116
46
35
83
3
30
10
2
20
127
128
0
26
0
0
0
9
0
0
0
53
2
12
0
117
22
43
136
11
0
1
0
9
0
1
0
0
0
0
0
20
22
0
0
0
3
0
1
0
0
0
20
0
20
22
3
22
25
0
22
10
0
0
0
2
0
61
0
5
0
0
4
2
28
0
0
0
1
0
0
32
11
0
2
5
0
1
22
20
39
0
0
2
2
3
10
16
12
6
3
2
48
30
7
25
7
7
1
1
9
10
4
2
6
11
0
76
6
12
0
1
9
9
2
116
126
0
72
7
5
10
52
0
4
6
0
0
5
52
1
13
7
47
0
14
19
0
5
20
15
5
54
25
13
21
15
35
11
21
15
7
39
0
13
128
2
7
12
0
5
0
