1
0
117
0
1
1
6
1
0
3
0
12
51
0
83
1
12
1
1
4
0
84
188
3
0
2
1
0
0
1
0
17
0
0
1
9
18
0
0
1
0
0
1
1
0
0
0
0
0
0
59
0
13
1
1
0
3
1
1
2
1
1
1
60
4
0
0
0
0
425
17
0
13
0
0
425
434
0
124
0
0
0
5
0
4
0
0
425
0
459
428
66
445
1
428
0
0
4
0
2
5
0
24
0
52
0
11
5
4
0
0
62
2
0
1
1
425
9
0
0
5
60
0
0
0
4
63
0
60
101
61
425
434
2
427
426
10
17
1
1
0
0
0
3
20
0
0
0
0
0
0
0
0
0
0
0
0
0
0
0
0
0
445
0
0
0
0
0
0
0
0
428
9
0
1
0
1
1
1
1
44
0
4
4
1
7
0
0
2
1
0
1
2
0
0
0
0
20
2
427
426
1
17
1
0
0
70
2
3
0
61
0
1
23
0
0
0
0
0
0
0
1
59
0
0
61
64
0
0
7
0
425
425
1
60
486
0
1
426
1
60
0
0
0
6
425
5
428
6
0
0
0
0
3
0
0
0
0
0
0
0
0
0
426
32
0
0
1
63
4
61
1
0
0
0
0
17
1
0
0
0
0
1
4
8
1
64
118
102
117
65
11
1
0
2
1
19
24
3
1
13
7
470
1
0
26
0
31
0
2
0
1
2
1
12
3
16
10
1
0
1
1
0
0
0
7
0
7
0
39
3
38
63
0
64
461
16
23
1
4
22
1
11
0
1
97
402
9
2
7
17
23
117
1
7
6
64
66
0
1
6
6
1
5
20
1
402
1
114
426
16
1
24
0
0
171
0
59
15
0
21
45
7
99
387
85
18
420
3
0
28
0
4
9
3
8
17
12
2
8
1
29
4
9
31
9
140
4
152
0
3
60
3
61
61
2
7
3
0
0
9
1
3
428
0
13
1
0
0
89
0
1
0
0
0
0
61
4
0
0
0
0
0
486
4
0
0
0
0
0
0
0
0
0
0
0
0
0
0
0
0
0
0
0
0
0
0
0
0
0
0
0
0
0
0
0
0
0
2
0
0
0
9
0
0
0
0
0
60
59
0
0
0
0
0
0
0
0
0
0
0
0
0
0
0
0
0
0
0
0
0
0
0
0
0
0
0
0
0
0
59
0
9
425
0
2
0
0
0
0
60
59
