433
0
17
3
1
18
15
17
33
0
55
1
2
15
0
17
25
2
15
16
14
0
12
17
0
0
0
12
23
0
0
0
0
0
0
20
0
0
0
6
0
0
0
0
0
0
14
8
0
0
0
0
0
1
0
0
4
15
1
18
17
16
0
16
0
16
29
15
0
36
6
49
15
49
0
1
0
0
0
3
0
24
0
15
4
1
24
30
1
0
0
0
0
0
0
16
4
4
0
0
0
0
0
0
0
0
19
23
0
16
23
0
0
3
34
0
23
25
21
0
21
0
16
3
14
21
0
8
0
0
0
0
15
4
0
24
27
0
0
0
0
0
0
0
0
0
0
0
0
0
0
0
0
0
0
0
0
0
0
0
0
0
0
0
0
0
0
0
0
0
0
0
0
0
0
0
0
0
0
0
0
23
0
0
0
0
0
0
0
0
0
0
0
0
0
0
0
0
0
0
0
0
0
0
0
0
0
0
0
0
0
0
0
0
0
0
0
0
0
0
0
0
0
0
0
26
0
0
0
0
0
0
0
0
0
0
0
0
0
0
0
0
0
0
0
0
0
0
0
0
0
0
0
0
0
0
0
0
0
0
0
0
0
0
0
0
0
0
0
15
8
0
0
19
5
1
0
0
0
0
0
0
0
0
0
0
0
0
0
0
0
0
0
0
0
1
0
0
0
0
0
0
0
0
0
0
0
0
0
0
0
0
0
0
0
0
0
0
0
0
19
0
0
0
0
0
0
0
0
0
0
0
0
0
0
0
0
0
0
0
0
0
0
0
0
0
0
0
0
0
0
0
0
0
0
0
0
0
33
0
0
0
3
35
45
0
20
1
8
15
16
15
0
35
0
38
19
2
470
4
15
2
0
1
53
7
20
15
16
3
5
0
5
387
8
39
20
15
16
21
20
20
15
16
20
14
20
15
50
20
15
21
20
20
3
15
20
6
1
195
15
20
15
20
14
18
15
11
0
18
20
7
15
18
20
18
391
0
2
355
15
20
10
23
11
7
15
9
57
6
13
21
104
15
33
16
20
26
22
5
6
16
20
9
16
19
53
7
391
16
0
20
10
0
0
6
11
0
5
15
391
0
4
1
90
16
28
16
35
9
260
0
20
6
1
0
0
18
36
1
0
18
18
0
42
