388
108
0
2
387
385
386
2
418
46
0
74
390
130
1
114
0
3
389
2
5
17
4
36
424
385
124
386
21
385
444
407
387
41
38
2
527
38
0
0
0
0
0
0
0
0
0
0
0
0
0
5
6
0
0
0
0
0
0
391
0
544
12
37
106
481
33
67
113
3
0
421
76
0
0
0
15
30
47
0
543
0
385
1
2
10
386
424
385
0
2
12
10
72
33
35
2
388
0
420
1
0
0
0
0
0
0
0
39
0
0
0
0
0
0
0
0
0
0
0
0
0
0
0
0
0
0
0
0
0
0
0
0
0
0
0
0
0
0
0
0
1
0
0
2
169
0
21
21
89
62
486
139
10
0
0
3
3
34
3
6
80
6
11
0
0
0
20
3
0
1
1
5
0
386
406
33
117
397
0
6
38
1
2
14
0
3
0
0
0
0
0
0
0
0
0
0
0
0
0
0
0
0
0
0
0
0
0
0
0
0
0
0
0
0
0
0
33
2
17
2
14
0
3
17
11
50
385
1
4
105
1
4
11
3
548
113
2
2
0
0
2
0
0
0
0
12
0
3
2
446
0
0
0
0
0
0
0
0
4
34
44
408
26
1
0
6
4
532
394
0
387
2
0
0
3
0
5
1
0
387
418
414
1
4
7
3
0
0
17
0
1
2
21
6
1
391
7
7
0
5
35
42
7
45
51
26
108
0
483
35
155
202
35
423
2
4
83
0
28
59
4
24
385
39
388
386
393
406
386
0
11
0
0
0
0
508
4
1
0
76
17
9
7
5
63
37
406
7
37
5
2
0
16
4
3
5
35
1
390
100
385
0
2
1
0
101
434
11
2
194
397
16
1
0
6
77
424
85
0
0
3
0
118
0
4
123
0
35
32
0
0
91
2
110
1
129
69
32
7
1
0
0
3
6
0
90
0
0
14
8
399
13
440
84
385
17
9
131
5
218
1
117
35
213
0
35
130
0
1
117
1
3
386
6
31
0
387
116
5
160
385
105
6
40
3
39
385
0
20
0
0
0
0
0
0
0
0
0
2
0
0
0
0
0
0
0
0
0
0
0
0
0
0
0
0
0
0
0
0
0
0
0
0
0
0
0
0
0
0
5
0
0
0
0
0
0
0
0
0
0
0
0
0
0
0
0
0
0
0
0
3
0
0
0
0
0
0
0
0
0
0
0
0
0
0
0
0
0
0
0
0
0
0
0
2
0
0
0
0
0
0
0
0
0
0
0
0
0
0
0
0
0
0
0
0
0
0
0
0
0
0
0
0
0
0
0
0
0
0
0
0
0
0
0
0
0
0
0
0
0
0
0
0
0
0
0
0
1
67
63
2
88
67
73
3
71
18
1
0
0
0
0
0
0
0
385
0
0
0
0
0
0
0
0
0
0
26
0
3
0
6
393
17
8
7
39
0
0
0
387
4
3
0
35
0
73
14
102
0
0
485
1
2
404
404
17
0
0
0
0
0
0
0
0
0
0
0
0
0
0
0
0
0
0
0
0
0
0
0
0
0
0
0
0
0
0
0
0
0
0
0
0
0
0
0
0
0
0
0
0
0
0
0
0
0
4
1
487
4
3
12
0
0
0
17
0
0
0
64
21
106
0
