21
0
2
1
0
23
20
25
20
20
106
197
28
0
1
0
1
27
7
23
22
7
3
0
0
17
0
0
0
0
0
0
0
0
0
0
0
0
0
0
0
0
0
0
0
0
0
0
26
0
26
0
1
109
33
21
13
0
0
0
11
5
0
11
11
0
0
8
1
7
0
0
2
0
0
0
5
19
24
20
3
23
0
24
4
0
1
452
1
2
0
27
0
0
0
0
0
5
0
0
20
0
0
0
0
4
21
2
2
0
0
1
2
0
0
0
0
0
0
0
0
0
0
0
0
0
0
0
0
0
0
0
0
0
0
27
1
1
0
0
0
0
0
0
21
0
1
22
1
1
0
0
9
7
3
0
0
0
0
0
0
1
7
1
0
1
0
5
1
29
76
72
0
5
47
0
0
0
0
0
0
0
0
0
0
0
0
0
25
0
1
124
21
6
6
1
0
1
0
0
5
0
0
0
0
0
0
0
0
0
0
0
0
0
0
0
0
0
0
0
5
0
0
0
0
9
1
0
20
21
0
0
7
25
0
0
0
0
0
0
0
6
17
0
28
0
1
21
21
0
0
0
15
1
0
0
0
1
0
0
0
0
0
0
0
0
0
0
5
0
18
13
385
0
39
0
20
0
0
0
0
0
0
0
0
0
0
0
0
0
0
0
0
0
0
0
0
0
0
0
0
0
0
0
0
0
0
0
0
0
0
0
0
0
0
0
0
0
0
0
0
0
0
0
0
0
0
0
0
0
0
0
0
0
0
0
0
0
0
0
0
0
0
0
0
0
0
0
0
0
0
0
0
0
0
0
0
0
0
0
0
0
0
0
0
0
0
0
0
0
0
0
0
0
0
0
0
0
0
0
0
0
0
0
0
0
0
0
0
0
0
0
0
0
0
0
0
0
0
0
0
0
0
0
0
0
0
0
0
0
0
0
0
0
0
0
0
0
0
25
21
18
666
5
0
18
87
0
23
0
1
411
17
6
21
444
82
20
20
22
53
88
4
1
20
0
6
1
0
20
27
6
20
0
0
0
0
0
0
0
0
0
0
0
5
0
0
7
5
1
0
1
1
0
0
1
6
4
0
20
0
46
0
56
20
0
20
20
31
4
2
3
19
32
0
17
2
1
0
11
19
24
0
9
21
5
5
3
0
27
6
70
455
23
41
9
13
98
0
13
11
15
6
1
32
11
0
0
6
0
1
28
6
0
11
0
19
28
9
8
26
1
5
12
11
12
2
0
6
0
7
1
0
0
0
21
1
3
0
0
7
8
9
1
1
4
0
0
3
25
58
12
35
26
5
12
21
17
21
13
235
1
0
1
4
8
6
28
11
91
0
10
7
0
7
1
38
13
5
1
28
10
40
0
2
20
5
6
0
9
20
13
132
5
12
136
6
13
30
16
0
6
7
95
0
13
27
0
5
23
9
0
12
0
0
59
38
59
22
506
1
0
0
0
0
0
0
0
0
0
0
0
0
0
0
0
0
0
0
0
0
1
0
0
0
0
1
0
0
2
0
9
0
0
0
0
0
0
0
0
0
0
0
0
0
0
0
0
0
0
0
2
