1
57
0
39
1
0
3
11
11
10
0
3
12
0
1
37
0
0
0
4
103
50
149
1
0
9
17
0
0
1
11
10
0
0
1
0
0
0
83
2
4
0
3
0
0
6
9
105
79
52
78
76
0
102
0
3
0
0
0
0
66
11
0
0
1
0
0
5
0
0
0
0
0
49
10
76
9
5
15
20
0
0
0
7
0
0
55
1
89
0
0
50
50
0
12
12
14
0
0
0
0
0
0
0
17
58
9
76
50
9
10
1
0
0
0
13
79
0
0
27
0
0
0
0
0
74
10
0
58
58
0
0
0
1
0
9
11
51
0
0
0
0
0
0
0
0
0
0
1
5
1
4
0
0
0
0
0
27
0
0
0
1
28
50
0
0
0
0
0
10
1
59
10
0
0
0
79
37
27
0
0
0
0
58
0
0
0
3
0
0
0
0
0
0
6
0
0
0
0
6
7
77
0
0
0
0
0
0
0
0
0
0
0
0
0
2
6
1
82
1
0
20
20
3
20
1
49
0
0
0
0
0
0
0
0
0
0
0
0
0
0
0
0
0
0
0
0
0
0
0
0
0
0
0
0
0
0
0
0
0
0
0
0
0
0
0
0
0
0
0
0
0
0
0
0
0
0
25
0
67
0
228
4
8
6
78
5
0
1
20
0
69
20
0
0
23
0
9
9
11
0
1
0
0
0
0
0
0
0
0
0
0
0
0
0
1
79
0
20
10
0
0
0
7
0
0
0
0
0
0
6
0
0
0
0
10
0
21
0
2
0
12
12
0
15
0
0
99
11
194
22
148
24
109
12
7
0
28
0
118
0
19
13
41
1
137
1
1
0
0
0
2
0
2
12
14
9
2
55
176
71
5
1
2
0
81
2
348
3
36
9
0
