0
12
2
5
0
0
1
21
1
10
2
1
13
1
5
0
0
11
0
10
1
0
1
0
8
6
0
0
387
5
1
2
0
5
2
0
0
0
10
0
0
0
30
4
0
2
0
0
1
0
27
0
7
25
18
12
10
4
5
0
0
1
20
0
0
10
6
11
18
0
0
0
1
0
0
7
1
3
5
1
1
1
17
22
11
12
0
6
0
0
6
1
12
5
25
1
1
1
0
0
60
12
1
0
1
3
0
20
0
5
59
15
1
36
31
0
11
0
20
1
12
0
1
0
8
59
0
1
1
0
11
0
0
9
0
1
0
0
0
0
6
9
1
0
0
0
0
0
0
0
0
0
0
0
0
0
0
0
0
0
0
0
0
0
0
0
0
0
0
0
0
0
0
59
0
1
0
0
0
0
15
0
20
1
0
0
0
0
1
0
0
0
0
0
9
0
5
10
2
10
0
10
10
10
0
0
10
0
0
54
0
15
10
0
0
0
3
0
0
0
2
1
29
0
0
0
0
0
2
20
5
9
0
2
10
1
0
1
0
0
0
0
0
0
3
0
0
0
20
0
2
1
25
21
399
1
2
2
1
0
0
0
0
0
0
0
0
3
3
0
0
26
0
0
0
0
62
0
0
0
0
0
0
0
0
2
2
20
11
0
0
1
11
18
0
1
0
2
1
0
0
1
0
0
0
0
0
0
0
0
0
0
0
0
0
0
0
0
0
0
0
0
12
0
0
2
1
13
0
0
1
10
7
4
2
0
4
0
0
0
6
0
0
0
0
0
0
0
1
6
0
1
5
13
1
64
22
1
5
123
1
12
45
7
392
0
15
0
0
6
2
20
5
10
2
0
0
0
32
0
1
394
20
14
54
15
8
0
17
0
17
5
1
6
0
0
76
5
8
0
15
10
12
12
0
5
