50
41
0
0
3
11
3
0
0
14
0
0
3
81
3
30
0
50
50
9
27
9
0
6
4
27
8
0
8
0
0
6
10
0
80
1
3
4
10
10
10
10
31
3
20
3
0
51
0
0
62
0
50
100
4
31
17
1
0
14
0
10
50
6
22
0
0
1
0
50
22
0
3
0
20
6
0
30
12
10
0
10
3
0
0
13
0
21
10
0
0
0
3
3
0
11
0
0
8
61
11
0
0
18
11
18
17
0
0
50
13
14
10
0
50
4
0
0
4
0
18
0
13
0
0
0
20
12
7
17
10
0
10
13
18
0
0
0
22
0
0
11
12
1
0
10
13
3
11
0
81
8
13
65
11
9
3
7
7
8
60
52
8
71
8
0
0
70
0
0
0
0
0
0
22
0
0
8
78
106
54
20
50
50
8
0
8
0
50
0
0
0
0
0
0
0
0
0
35
0
21
73
25
0
63
57
1
8
8
0
50
0
0
0
0
0
0
50
3
10
0
0
50
50
0
0
50
0
0
0
0
50
50
0
0
0
50
10
10
18
4
0
4
50
1
0
80
0
10
50
50
50
50
0
0
0
0
1
0
0
0
13
0
0
3
0
34
63
6
0
14
30
2
9
0
22
0
40
22
24
20
27
72
9
0
24
20
14
0
94
21
2
17
0
13
5
29
31
0
34
4
2
0
17
0
4
0
22
9
18
0
17
0
52
0
39
0
0
138
0
0
0
101
8
0
70
0
0
0
5
50
4
10
19
0
0
10
18
6
0
10
22
0
14
10
0
0
0
4
0
4
0
4
0
0
