63
9
0
0
82
12
12
12
12
3
12
10
5
75
84
147
0
84
10
132
0
2
29
0
0
0
0
0
0
0
11
27
12
32
0
0
0
0
0
0
0
79
12
17
0
0
74
17
0
12
11
3
68
0
79
0
0
20
31
17
0
32
16
2
0
81
12
23
10
66
76
0
14
88
64
0
1
4
1
0
2
1
1
1
2
92
108
0
17
0
0
0
20
0
0
5
5
0
0
9
23
1
72
3
0
15
15
12
27
0
0
0
0
0
0
9
0
18
18
0
65
15
2
0
11
9
0
14
0
1
0
0
0
0
0
0
0
15
0
0
0
0
0
0
0
0
0
0
0
0
0
0
0
0
0
0
0
0
0
0
82
2
13
0
1
0
0
8
6
0
0
0
0
0
0
0
0
20
0
0
4
0
1
16
9
0
0
0
0
0
27
82
39
0
0
0
16
4
0
0
2
0
0
0
0
0
0
0
0
0
0
0
0
1
0
1
0
0
0
0
0
0
0
0
0
0
0
2
1
0
0
39
0
0
0
27
0
0
0
7
4
2
16
27
0
0
0
0
2
0
0
27
0
27
0
9
98
0
0
0
4
0
0
5
6
0
0
28
0
0
0
0
0
4
0
0
0
0
0
0
0
13
0
4
15
0
1
12
4
13
2
7
92
16
0
0
10
0
5
3
3
20
18
5
18
0
0
0
0
13
13
0
21
2
0
0
0
0
2
1
101
0
0
38
38
2
44
2
0
0
0
0
0
41
2
1
3
7
3
64
5
7
0
73
72
0
0
0
27
3
33
3
67
19
85
12
7
8
11
0
0
0
0
37
12
69
71
62
0
3
0
5
0
64
0
0
13
0
0
0
38
0
0
0
0
0
0
0
0
0
0
0
0
0
60
12
73
0
24
0
64
0
0
13
12
1
0
82
3
0
16
12
7
0
64
0
0
0
0
9
115
8
0
0
0
28
1
35
63
64
449
1
0
10
0
9
0
392
27
11
13
22
9
18
2
59
1
36
9
0
0
0
0
0
0
0
0
0
0
0
0
0
1
0
0
1
0
0
0
0
0
0
0
0
0
0
0
0
0
1
0
0
0
0
63
0
