0
102
7
11
0
4
0
3
3
1
0
20
0
2
2
5
5
2
13
21
0
1
7
4
24
1
72
17
3
0
1
45
5
1
3
5
4
2
20
3
56
0
1
1
21
0
0
10
7
2
4
68
100
0
35
0
74
68
0
0
0
18
1
1
1
27
0
64
64
0
6
5
0
0
64
0
0
64
6
86
0
64
3
1
1
1
79
0
49
49
0
4
8
4
1
0
0
0
0
0
0
0
0
0
0
0
6
2
0
0
0
0
0
12
3
0
1
27
6
0
0
0
0
0
0
0
0
0
64
0
0
0
0
0
0
0
0
0
0
0
0
0
0
0
0
0
0
0
0
0
0
1
0
0
0
0
0
0
10
0
1
0
0
0
0
0
0
0
1
2
0
54
1
8
3
65
5
0
0
0
0
0
2
6
68
3
22
1
2
0
0
0
64
0
0
0
21
2
5
0
23
0
1
20
21
2
0
0
0
0
0
0
0
0
2
21
75
54
54
23
20
2
1
1
26
49
29
0
0
0
0
0
0
0
0
0
0
0
0
0
0
0
0
0
18
76
9
1
7
39
20
2
0
1
0
1
2
56
10
23
50
25
1
0
0
2
0
0
0
0
0
0
0
0
0
0
0
1
0
0
2
0
0
0
0
0
0
0
0
0
0
0
1
0
0
0
0
8
0
1
0
0
0
1
0
0
1
59
0
42
0
17
1
5
1
9
0
0
20
10
22
49
10
6
9
0
1
2
23
0
0
4
0
0
0
2
5
7
0
22
5
0
0
6
1
0
0
0
0
6
1
0
0
50
6
0
4
1
7
0
8
10
0
6
0
3
0
0
4
50
15
6
33
52
227
6
17
2
10
9
12
0
14
9
3
0
0
5
7
41
5
1
2
79
0
10
0
6
179
0
100
0
10
0
0
40
13
10
40
17
1
15
6
387
0
6
0
1
65
1
0
1
85
0
0
