49
1
13
0
2
0
41
5
1
7
21
0
11
41
29
1
0
44
73
6
0
5
151
9
17
6
5
74
5
27
49
5
87
1
47
0
0
1
3
2
0
3
0
2
0
0
0
5
6
2
0
0
68
33
10
84
55
34
433
0
73
0
45
1
11
75
39
1
0
0
0
0
0
66
1
0
4
2
1
56
58
56
6
0
0
15
48
129
0
0
19
6
1
0
0
0
0
0
19
0
19
5
5
49
60
55
0
70
49
0
15
0
0
0
0
0
0
103
35
0
5
0
0
35
0
5
5
0
6
10
6
41
6
28
22
47
5
3
71
6
0
1
82
49
2
61
0
56
51
103
0
0
0
0
0
0
0
0
0
14
0
0
33
0
0
0
0
0
0
0
0
0
0
0
0
0
0
103
33
61
47
0
33
0
0
0
39
33
0
0
0
29
0
0
0
0
0
0
0
0
0
103
145
69
49
153
73
0
83
75
11
8
0
0
15
0
0
0
5
10
66
5
0
0
0
0
6
0
40
3
9
1
60
3
54
32
6
5
33
0
25
0
2
8
8
3
13
5
0
0
17
9
38
23
2
2
9
13
3
4
3
51
1
0
0
0
0
0
0
0
0
0
1
1
0
0
1
0
19
0
0
0
1
21
3
0
0
1
0
0
4
2
2
14
3
3
64
21
28
11
10
0
0
0
0
1
1
1
0
0
5
14
5
4
26
64
15
3
8
6
3
6
20
5
4
82
39
0
6
0
16
63
3
0
149
1
22
10
5
120
426
8
0
12
12
63
63
5
112
0
128
5
8
190
36
7
40
4
12
113
2
5
9
6
0
20
0
59
1
30
5
2
42
445
37
0
0
17
0
0
28
28
0
7
117
0
64
74
87
34
24
0
53
7
0
0
0
0
0
0
0
0
79
1
50
0
1
0
67
0
0
0
0
0
0
0
0
0
0
0
0
0
0
0
0
0
0
0
0
0
0
1
0
0
0
0
0
0
0
0
0
0
0
0
0
0
0
2
10
0
0
0
0
0
0
5
1
0
4
4
0
0
0
0
157
0
0
0
0
2
1
0
0
0
0
0
0
0
0
7
0
1
0
0
0
0
6
6
0
6
6
0
6
0
0
0
0
0
0
0
0
0
0
0
0
1
0
0
0
0
0
64
6
5
0
14
0
0
0
20
0
0
6
0
0
0
0
0
0
0
3
2
2
20
3
3
20
0
0
1
0
0
0
0
20
0
0
20
6
0
64
0
