5
179
0
15
1
6
29
15
16
127
100
14
0
0
4
0
81
236
3
18
89
16
49
0
0
64
64
5
113
17
63
64
0
0
71
5
0
3
4
0
24
35
78
29
16
0
68
0
49
0
211
10
53
0
1
3
0
0
10
86
9
63
44
34
14
8
0
4
0
0
0
0
0
0
33
16
59
126
45
0
0
0
0
0
0
0
0
48
0
4
0
0
0
0
0
0
0
0
0
0
0
0
0
0
0
0
0
0
0
0
0
0
0
0
0
0
0
0
0
0
0
0
0
0
0
0
0
0
0
0
0
0
0
0
0
0
29
29
4
0
0
0
0
0
0
0
0
0
0
0
0
0
0
0
1
4
0
0
0
0
0
0
0
44
5
5
0
0
0
0
0
0
0
0
0
9
1
0
0
0
0
27
0
0
1
14
0
0
0
0
0
0
27
0
0
20
0
0
0
0
5
0
0
0
0
0
0
0
0
31
0
0
0
0
0
0
0
0
8
27
0
0
3
0
0
0
0
0
0
35
1
394
60
0
60
15
50
68
5
0
2
429
578
764
63
417
6
33
457
0
1
18
15
10
0
5
3
411
449
1
0
0
0
0
0
0
0
0
0
0
0
0
82
23
10
0
0
1
11
5
30
10
0
0
10
25
20
23
24
396
1
0
431
8
8
11
37
35
2
2
418
0
426
0
454
0
0
0
471
1
411
475
0
15
0
59
5
405
586
82
0
5
19
0
1
1
29
24
18
561
69
13
6
32
1
6
10
6
125
0
64
449
0
63
163
4
151
63
117
1
203
396
61
385
0
2
0
14
4
5
9
4
29
34
53
103
4
208
6
0
4
2
37
103
0
156
12
2
63
167
0
24
93
63
1
91
2
90
5
31
9
94
0
395
6
10
117
0
0
175
4
208
10
287
1
15
411
176
1
88
0
6
236
0
2
220
0
0
37
6
234
1
33
4
0
4
4
0
0
0
0
0
0
0
0
0
0
0
0
0
0
0
0
0
0
0
0
0
0
0
0
0
0
0
25
1
4
0
0
0
0
0
0
0
0
0
0
0
49
0
