3
0
0
5
5
1
1
0
0
0
1
6
0
1
1
117
16
20
2
12
1
0
0
0
0
33
18
0
0
0
0
0
0
3
1
2
1
0
1
1
0
0
0
0
0
0
1
0
0
0
0
20
10
0
0
20
1
6
0
2
8
0
0
0
7
0
26
20
0
15
39
6
0
0
59
2
0
0
0
11
0
3
10
0
0
0
0
0
18
0
0
0
9
2
0
2
70
0
1
123
0
0
20
59
49
0
49
123
0
15
50
0
49
0
0
0
0
10
61
0
20
0
109
50
49
49
69
0
68
7
1
49
49
3
0
0
4
0
18
0
69
0
0
10
7
0
40
5
1
1
2
2
0
4
26
2
0
178
0
73
2
0
0
0
0
33
12
0
0
0
2
4
0
5
0
0
0
0
0
0
0
1
78
60
386
8
2
20
0
1
21
5
0
1
2
0
3
1
2
1
1
5
0
0
35
15
527
1
1
0
0
0
0
15
0
0
2
64
1
15
0
0
118
5
4
0
5
14
9
1
0
0
28
0
1
1
1
52
0
0
20
1
1
1
1
3
4
6
1
0
0
1
21
0
5
0
5
15
4
78
55
0
1
30
8
1
8
1
12
3
3
6
10
0
0
8
0
11
6
3
2
3
92
0
5
6
0
23
1
21
0
29
1
26
10
29
24
11
13
0
6
97
3
1
1
6
7
1
11
11
1
11
2
2
64
5
15
0
5
21
0
5
96
6
5
290
1
12
10
1
6
1
1
0
0
7
1
5
0
1
15
11
10
6
11
10
534
0
12
16
9
13
6
5
6
0
0
480
0
26
9
5
11
5
5
11
1
5
11
0
14
1
5
5
6
11
17
7
5
49
0
2
17
1
7
1
1
0
0
0
0
1
1
0
0
14
0
11
594
1
7
6
8
0
7
2
34
5
21
39
11
71
5
11
10
8
11
6
36
5
54
3
9
7
1
56
61
11
8
2
12
0
96
2
7
0
0
12
0
7
1
1
1
0
9
0
11
97
0
5
6
1
1
5
6
1
0
0
0
2
0
5
10
19
0
5
0
1
7
16
12
6
24
5
6
0
5
6
1
1
4
11
146
0
5
141
0
6
10
4
4
1
4
0
42
0
11
629
1
15
5
5
6
5
11
170
1
5
7
0
0
0
0
6
43
0
11
6
0
5
1
0
0
1
31
0
2
5
20
0
17
6
0
0
49
0
0
59
65
185
54
0
0
20
20
0
0
4
0
0
0
1
55
108
49
51
0
0
0
0
4
0
0
0
5
0
2
4
2
8
6
0
59
0
0
5
1
0
75
10
4
9
9
77
10
0
59
0
4
0
1
0
0
0
0
0
0
0
0
0
0
0
0
0
0
4
0
0
1
60
219
59
0
0
75
15
1
0
82
1
1
5
0
0
1
1
0
0
8
3
108
0
0
0
0
1
0
55
15
0
0
0
0
0
123
4
3
13
90
20
98
12
39
71
