1
136
0
1
1
0
10
0
9
10
2
3
7
11
6
1
2
12
5
0
2
17
8
0
9
0
0
23
6
5
0
26
2
0
0
0
0
49
0
0
0
5
0
0
0
1
10
8
0
0
0
0
1
0
0
0
0
0
103
0
127
0
50
70
90
84
52
5
0
0
5
22
5
0
0
29
65
36
0
0
0
0
0
35
15
9
0
3
131
78
11
0
0
0
11
0
0
1
9
5
0
0
0
0
0
5
5
5
0
0
0
0
0
0
0
0
0
0
0
0
5
0
0
0
0
0
0
0
12
10
19
5
0
3
0
8
0
0
1
0
0
5
1
68
0
0
0
0
0
0
0
0
5
0
0
0
0
0
0
0
0
0
0
0
0
0
0
10
1
9
0
0
0
0
0
6
0
1
1
1
4
54
54
69
69
200
20
69
12
3
0
19
7
112
0
0
23
64
9
117
30
1
50
49
0
0
0
0
0
2
0
0
0
20
3
16
4
0
1
7
0
20
182
0
0
0
56
62
0
20
179
0
0
34
0
22
56
19
62
12
20
0
20
0
0
0
0
172
0
0
0
192
0
0
0
21
1
0
9
6
9
0
0
10
21
1
21
1
15
0
0
5
0
0
0
0
0
0
21
6
1
0
6
5
5
0
1
1
5
0
21
0
0
1
12
2
0
44
5
5
18
1
5
88
1
14
2
3
1
1
0
0
1
10
11
85
0
7
2
11
22
22
69
3
59
82
1
79
2
238
7
0
1
11
6
0
128
9
25
122
0
31
20
14
1
5
2
136
2
2
19
16
0
0
109
6
7
1
8
2
123
64
103
10
8
7
19
48
9
0
27
16
4
0
5
0
1
8
2
82
65
4
0
29
9
1
20
9
19
9
19
6
0
0
1
21
5
6
1
11
1
5
21
0
0
