1
1
1
0
0
0
10
2
3
1
1
0
5
0
0
1
1
10
1
11
0
33
5
1
17
0
0
0
21
0
0
0
9
11
0
0
0
1
38
5
0
5
1
33
0
0
0
10
0
11
0
2
5
0
5
0
0
0
2
9
0
6
2
4
0
6
480
0
8
5
14
7
21
21
9
26
6
4
16
61
19
9
14
22
5
29
42
0
0
39
1
1
1
7
0
7
6
0
7
0
3
15
0
0
7
6
7
6
11
0
6
0
2
7
9
0
0
0
7
16
0
0
2
24
26
21
0
6
17
5
11
25
21
21
0
0
0
0
1
20
35
20
473
525
392
0
388
2
24
44
394
20
0
23
0
386
389
0
60
0
0
0
20
0
0
389
0
389
404
0
0
0
0
0
5
0
385
63
2
0
6
9
20
5
4
1
23
2
0
9
0
0
0
1
0
2
0
0
6
410
3
20
0
0
0
11
0
5
0
21
392
0
495
0
411
0
10
9
1
64
455
18
5
1
0
4
6
19
0
18
6
91
8
0
0
0
0
0
0
0
0
2
0
22
70
22
1
15
0
3
424
5
0
7
0
0
397
0
406
0
9
0
2
1
7
6
1
6
0
0
7
3
6
1
3
12
6
97
0
9
26
1
15
1
0
112
4
0
0
3
0
4
3
1
1
1
2
0
0
0
6
2
6
15
3
0
0
0
0
8
13
0
1
4
1
6
3
16
1
10
0
0
1
0
4
0
25
0
1
3
0
0
0
0
7
6
16
1
3
0
0
2
10
1
1
6
20
0
0
0
6
0
0
0
0
9
60
15
5
0
0
7
0
0
0
7
6
3
1
411
4
0
0
388
0
0
0
385
404
5
2
11
0
10
0
16
1
0
0
1
11
17
5
3
0
0
