0
0
0
13
5
0
0
0
4
39
2
0
17
13
0
0
86
83
3
0
13
0
19
0
3
22
0
25
10
6
0
1
0
0
0
0
5
0
8
7
49
0
0
39
5
0
3
6
0
1
20
0
0
6
0
14
0
8
3
0
0
43
18
20
15
3
0
24
0
70
114
5
0
0
2
3
0
1
1
0
0
19
18
84
0
9
5
30
13
3
0
24
0
35
3
1
0
3
0
1
3
0
59
0
2
0
21
410
0
0
1
0
0
3
0
4
0
0
0
26
0
2
1
2
0
0
0
0
0
3
1
0
1
2
7
1
12
1
2
3
0
3
0
0
0
2
2
18
0
1
22
5
6
18
0
18
25
0
0
58
0
3
6
0
10
11
1
2
0
0
0
0
8
0
18
5
0
0
14
0
11
0
0
2
0
61
9
20
0
3
0
22
13
12
40
5
2
0
8
6
0
0
1
0
0
2
5
0
14
5
6
1
0
0
16
2
2
1
0
6
6
1
0
4
1
4
0
2
0
20
0
5
6
0
0
11
64
0
5
5
15
10
6
405
0
0
5
3
21
0
0
0
9
8
17
3
5
15
2
0
7
0
5
26
12
6
404
2
0
7
3
12
1
9
5
396
0
12
12
7
6
7
9
9
0
18
5
8
6
12
1
1
0
9
0
6
3
1
0
6
64
15
0
7
4
3
11
5
6
6
11
10
6
10
8
33
35
8
12
33
10
15
18
1
28
29
3
5
27
6
13
9
2
5
38
67
6
0
6
0
5
49
33
17
390
5
5
6
15
9
12
2
152
89
6
21
6
5
11
0
0
0
15
0
20
2
16
1
1
5
0
31
36
0
4
0
1
8
8
29
3
12
14
15
3
6
7
11
6
14
5
14
6
18
5
10
11
14
17
0
11
6
6
88
9
4
61
1
4
15
6
12
15
1
6
19
13
10
14
0
10
6
3
10
15
11
32
3
9
0
6
9
18
6
91
1
21
6
6
6
10
17
5
6
17
19
17
127
5
17
16
3
7
10
1
10
0
12
17
6
15
0
3
10
0
5
0
6
5
7
1
5
18
1
10
6
6
10
4
4
3
6
8
0
0
0
0
11
5
1
9
0
2
11
15
10
15
9
20
5
9
1
11
6
12
7
10
13
12
0
29
0
3
28
7
6
0
0
6
6
11
1
3
5
6
1
10
26
8
9
31
9
7
6
0
4
6
0
0
2
0
6
1
1
5
26
3
11
9
4
5
6
93
8
35
3
10
6
1
1
0
20
0
4
10
7
9
9
216
9
9
6
2
5
1
11
6
6
13
5
0
0
0
1
8
7
4
5
36
2
5
10
1
5
19
0
1
5
55
10
10
28
0
50
5
29
1
21
10
91
9
5
5
2
14
22
1
5
7
6
5
54
4
5
83
1
0
119
2
11
30
4
1
154
3
5
6
0
0
0
1
0
0
0
0
0
0
0
0
0
5
0
0
18
0
1
0
0
0
0
7
0
7
0
0
0
0
0
6
6
0
0
0
0
0
8
6
12
0
0
0
0
0
0
0
8
0
23
0
0
3
4
0
4
0
0
5
0
10
0
0
0
0
0
2
0
2
0
0
0
0
0
99
0
24
0
0
25
0
0
0
0
0
0
0
0
8
0
0
1
0
5
0
0
0
0
0
0
0
0
0
0
0
0
0
0
0
0
0
0
0
0
0
0
0
0
0
0
0
0
0
0
0
0
8
8
0
9
4
3
6
3
0
0
3
8
0
0
0
3
0
8
0
0
0
385
0
0
2
81
0
0
0
15
0
0
0
1
0
4
0
0
1
0
0
0
5
0
0
0
0
5
0
1
0
0
0
0
0
1
0
5
12
1
0
0
0
0
6
0
0
0
0
0
0
3
6
4
0
17
4
9
0
0
5
0
0
0
