21
9
0
20
89
18
404
21
123
105
20
0
29
25
43
23
11
18
13
520
21
37
23
4
4
20
29
21
90
10
31
0
0
0
10
79
58
0
0
0
0
0
0
1
17
9
5
0
0
0
0
0
21
20
25
33
21
20
46
19
21
23
6
4
21
5
16
17
2
0
101
9
4
20
13
0
0
0
0
26
0
0
11
0
0
0
0
0
15
0
8
11
20
42
389
2
0
3
418
2
0
3
0
0
0
0
0
0
0
0
0
0
0
0
0
20
11
394
4
449
11
1
122
1
6
412
4
0
0
468
0
27
7
14
16
0
0
0
0
9
4
13
46
2
8
29
20
34
24
52
4
0
4
0
397
10
24
15
10
11
0
46
34
28
32
8
5
24
0
4
7
7
11
12
5
0
9
14
427
386
1
9
14
9
0
0
4
17
5
16
0
50
0
0
0
25
4
13
4
12
4
59
31
0
4
3
3
0
0
0
0
0
0
398
394
9
4
4
0
4
4
0
398
399
14
4
4
4
10
54
30
20
0
4
23
19
385
20
16
403
7
4
4
4
9
13
13
10
21
4
82
19
7
23
13
0
5
25
25
0
389
403
390
33
385
385
405
0
23
87
24
26
20
21
31
27
0
10
0
4
3
20
13
512
0
37
4
6
20
47
73
9
70
455
23
30
66
3
21
73
22
17
5
110
5
12
139
409
9
6
16
15
5
20
0
24
64
11
3
444
85
1
101
7
32
21
16
10
25
29
9
25
21
9
146
6
7
21
2
193
57
24
15
5
18
13
40
6
4
6
46
0
20
0
1
1
37
423
4
1
503
408
401
25
24
398
13
24
405
386
423
18
0
28
1
9
1
6
2
14
117
392
411
25
38
0
25
17
0
389
2
415
2
0
3
0
0
0
0
389
2
415
2
0
0
0
0
0
0
21
385
405
3
3
0
0
0
0
0
0
386
