9
5
0
0
1
2
1
0
68
1
1
1
31
0
0
0
0
0
0
0
0
0
0
0
0
0
1
20
0
0
0
0
0
1
2
0
0
0
106
0
1
1
30
158
18
5
87
11
12
1
4
2
0
0
87
91
86
0
0
10
0
1
9
0
0
0
0
0
0
0
0
0
0
0
0
0
0
0
0
10
0
0
0
0
0
0
10
0
0
0
0
0
0
0
0
0
0
0
0
0
0
0
0
10
13
0
1
1
0
1
5
15
17
11
31
20
19
0
0
0
0
15
75
0
0
0
21
7
10
0
22
2
10
73
10
0
0
5
32
0
0
0
0
0
27
0
0
0
0
10
27
0
0
0
0
0
0
35
30
118
98
7
47
0
0
0
0
0
27
0
0
0
56
2
0
22
2
0
0
0
0
0
0
0
0
0
0
0
44
37
0
0
0
0
0
11
95
103
38
0
0
0
0
35
53
2
6
0
0
0
0
0
0
10
10
0
23
0
0
0
0
0
0
0
0
0
0
0
0
0
0
0
0
0
4
0
0
0
0
0
0
0
0
0
0
5
9
0
28
0
112
1
2
21
0
0
0
0
7
20
0
13
5
4
21
85
101
111
25
5
10
0
0
0
0
63
0
0
0
0
0
0
0
0
0
0
0
0
0
0
0
0
0
5
0
5
27
90
71
36
59
0
20
10
5
64
0
1
35
2
17
3
17
218
11
4
12
1
0
0
0
0
0
63
0
0
0
0
0
2
9
0
0
0
0
0
0
1
10
9
9
20
21
21
9
5
0
1
84
10
20
1
3
29
6
21
10
4
20
2
0
0
0
0
0
0
0
0
15
5
0
0
98
89
0
0
2
0
0
0
0
15
0
6
61
7
54
21
0
0
0
0
20
18
18
0
0
0
0
0
73
16
72
0
10
10
0
0
0
143
40
1
2
104
3
5
37
106
99
32
1
4
325
1
9
0
11
19
1
0
0
11
6
1
6
2
5
200
1
9
223
0
5
218
0
5
22
294
0
5
95
1
12
6
30
5
0
5
0
45
1
6
13
5
7
1
23
28
9
8
6
1
1
104
37
1
0
0
16
5
10
12
18
7
1
0
8
0
6
7
0
17
6
1
0
17
6
36
32
5
9
9
1
0
24
0
14
118
0
11
6
5
1
12
5
0
10
52
0
5
5
0
11
109
41
5
8
42
0
13
26
5
21
0
33
0
13
32
21
6
0
34
0
0
5
10
0
117
20
5
142
1
12
266
3
0
117
0
4
0
175
0
6
0
114
6
14
10
242
0
5
22
3
0
89
0
6
267
0
5
76
21
13
37
9
4
5
162
59
0
6
0
5
0
0
0
0
0
0
0
0
0
0
0
0
0
0
1
49
4
0
4
4
5
6
0
0
84
69
9
0
0
9
0
0
0
0
0
0
1
10
9
28
10
5
20
1
6
0
1
1
0
0
0
0
0
48
8
0
63
9
2
0
0
4
0
0
0
0
0
9
7
0
0
20
63
0
20
3
0
1
0
0
0
0
1
3
3
1
8
3
1
0
0
5
1
1
1
1
1
5
0
15
0
6
0
0
3
0
0
7
9
9
0
10
0
0
0
4
0
3
0
1
0
0
3
3
2
1
2
1
0
2
5
7
0
2
2
2
0
0
