12
110
0
4
6
12
3
441
0
201
56
0
18
6
11
6
71
0
0
36
8
0
5
1
22
2
7
10
461
1
19
557
31
19
129
228
5
7
30
8
8
6
16
0
0
10
0
0
0
0
0
0
0
0
0
0
0
6
4
27
0
1
0
0
0
0
0
0
0
0
10
0
0
5
6
0
4
6
5
0
0
6
0
0
0
0
0
6
5
5
7
12
1
0
1
7
3
3
5
8
7
5
441
31
0
4
2
35
0
0
0
1
0
0
0
0
0
0
0
0
0
0
0
0
0
0
0
0
0
0
6
123
0
0
65
64
2
11
0
0
9
23
461
40
1
0
3
0
0
0
400
63
0
0
129
393
0
0
0
0
0
0
0
0
0
0
0
431
0
0
0
391
6
0
0
0
0
0
0
0
0
0
437
1
5
636
0
2
393
431
0
0
0
0
496
28
516
0
451
17
0
0
12
0
1
0
0
0
0
0
0
391
431
0
0
0
0
0
0
0
0
59
1
0
391
0
0
0
0
0
0
0
0
0
0
0
0
0
0
433
15
2
6
447
28
0
4
3
7
1
19
0
446
32
21
0
429
445
32
4
0
0
385
0
0
391
0
0
0
0
7
8
11
67
0
7
0
1
1
5
0
0
0
391
385
0
0
2
1
4
1
4
8
1
387
7
393
2
7
1
1
0
401
385
391
385
0
0
0
0
0
0
0
0
11
392
385
0
7
6
2
1
7
15
17
6
7
5
0
0
0
5
0
21
11
402
5
406
5
3
1
6
410
16
10
41
0
6
0
2
1
64
455
6
399
84
6
69
90
6
9
396
0
0
4
0
53
386
12
16
6
5
5
18
0
1
8
6
13
94
8
14
100
387
28
7
12
9
9
142
7
469
0
130
405
26
2
135
426
16
0
9
8
0
72
1
0
11
425
10
6
22
9
449
37
91
0
5
6
8
0
10
1
6
9
15
6
6
38
1
0
155
5
6
309
2
3
20
12
232
0
6
33
9
142
6
7
6
75
2
12
219
9
5
116
7
6
6
220
0
231
5
23
5
0
14
6
188
0
10
21
1
47
11
105
0
47
1
0
1
1
84
0
0
4
32
4
132
1
1
8
2
7
102
17
13
63
15
0
12
0
14
5
2
2
1
22
28
5
0
127
435
1
0
441
0
0
2
0
0
3
14
391
431
0
0
0
0
0
0
0
0
0
0
0
0
0
0
0
0
64
0
385
0
0
391
0
0
0
0
0
0
0
0
0
0
0
64
0
391
431
0
0
0
0
0
2
0
0
0
0
0
0
391
431
0
0
0
0
0
0
0
457
1
29
397
0
