22
151
0
45
36
61
180
64
64
1
22
37
37
23
15
30
49
0
136
169
55
0
87
20
1
11
7
10
23
22
11
1
32
19
1
20
0
5
0
22
23
138
1
21
0
27
1
2
2
10
15
20
77
70
1
23
25
23
15
15
6
1
27
0
80
1
2
56
119
6
74
9
0
57
0
20
204
27
208
105
22
8
9
1
150
84
0
37
43
1
400
50
17
41
72
33
22
16
0
16
15
22
1
100
0
0
0
0
126
0
0
0
0
0
0
0
0
0
0
0
0
15
15
75
0
0
0
0
0
0
126
0
0
0
0
0
0
0
0
16
15
75
16
50
51
22
22
6
51
36
64
47
51
0
0
0
54
0
0
0
0
0
0
0
0
0
0
0
0
0
0
0
0
0
0
0
0
0
0
0
0
0
0
0
0
0
0
0
0
0
0
0
0
0
0
0
0
0
0
0
0
0
0
0
0
0
0
0
0
0
0
0
0
0
0
0
0
0
0
0
0
0
0
0
0
0
0
1
0
0
9
0
20
54
0
0
0
1
0
0
0
0
0
0
0
0
0
0
0
0
0
0
0
0
0
0
9
0
6
34
0
136
9
109
0
6
1
56
17
26
33
0
1
0
9
1
0
0
0
0
0
9
0
0
0
0
0
0
0
0
0
0
0
0
0
0
0
0
0
0
0
0
0
0
0
0
0
0
0
0
0
0
0
0
0
0
0
0
0
0
0
40
0
7
9
19
9
6
49
1
2
1
10
33
36
11
28
6
15
40
1
0
0
0
0
0
0
0
1
0
0
0
0
0
0
0
0
0
0
0
20
26
22
0
10
0
0
0
0
0
0
0
0
0
0
10
26
1
0
0
0
0
0
0
0
0
0
0
0
0
11
201
68
58
0
3
0
1
7
0
390
71
70
64
10
16
189
5
20
101
26
47
23
15
19
16
28
9
15
4
15
11
6
39
401
21
72
449
2
21
5
205
1
4
34
15
5
42
3
37
11
16
1
21
104
15
121
7
11
391
14
7
4
0
64
23
73
25
318
15
392
19
11
13
41
14
16
2
34
20
17
5
444
85
5
16
393
1
4
2
70
398
76
385
103
22
123
0
0
124
0
21
123
0
6
131
0
21
283
0
320
0
16
83
18
1
391
41
6
0
0
0
51
55
85
2
2
1
63
7
0
0
0
0
0
0
0
3
141
0
12
0
0
0
2
55
117
3
1
107
7
7
6
62
0
0
0
66
0
55
0
0
0
60
21
0
0
20
0
