72
2
2
0
72
16
3
10
128
43
90
14
38
81
488
78
17
12
10
20
0
145
17
28
9
15
9
64
32
0
9
126
30
1
0
0
0
1
0
9
12
144
27
0
59
0
0
0
0
0
0
0
0
0
0
0
14
29
9
0
1
1
0
13
0
9
0
0
0
6
0
0
0
117
0
0
0
0
0
0
0
0
0
0
0
0
0
0
0
0
0
0
0
0
0
0
0
0
0
0
6
0
0
0
0
0
0
0
0
0
11
0
6
0
0
0
0
0
1
2
0
6
1
0
15
0
0
0
0
1
10
0
0
0
0
0
0
0
0
0
0
0
9
0
0
4
37
0
0
48
0
0
9
3
9
0
0
0
0
10
10
13
0
76
9
13
4
92
9
20
10
10
10
0
0
0
0
0
9
9
19
0
9
0
0
0
0
0
0
0
0
0
0
0
0
0
0
0
0
0
0
0
0
0
0
0
0
0
0
0
0
5
0
0
0
6
0
0
0
0
0
0
0
0
0
0
0
0
0
0
0
0
12
0
9
10
1
15
24
14
5
15
0
9
0
6
0
0
0
0
0
0
3
10
46
0
0
0
0
0
9
10
0
0
0
0
0
6
0
0
0
0
0
0
0
0
0
0
0
0
0
0
0
0
0
0
0
0
0
0
0
0
0
0
1
0
1
9
1
0
0
0
0
0
15
9
0
0
14
0
9
0
9
0
0
0
0
0
0
0
0
0
0
0
0
0
0
0
0
0
0
0
0
0
0
0
0
0
0
0
0
3
11
0
0
0
0
0
0
0
0
0
0
0
0
0
0
0
0
0
59
6
0
3
0
0
0
0
0
0
0
0
0
0
0
0
0
0
0
0
0
0
19
0
0
15
72
0
0
0
0
0
0
0
0
0
0
10
0
0
0
0
1
0
0
0
11
0
9
0
0
0
0
0
0
63
24
16
15
63
0
0
0
0
0
0
0
0
0
0
0
0
0
1
0
0
9
9
0
81
29
1
66
3
15
60
0
26
0
0
83
0
0
0
0
10
109
131
73
4
10
23
83
9
93
0
14
69
3
83
88
81
13
66
0
26
19
4
0
11
560
21
5
6
23
13
12
15
1
0
0
0
0
0
0
0
0
513
0
3
18
110
1
76
38
3
68
52
454
0
0
0
0
11
7
0
0
0
0
0
0
0
20
0
1
20
0
4
72
120
10
63
1
1
0
7
0
3
63
20
17
66
63
17
47
24
2
1
0
63
0
0
6
0
0
0
0
29
9
0
10
117
16
557
201
65
0
6
0
15
7
9
24
1
0
0
0
20
76
15
0
15
145
22
23
17
42
0
73
154
4
0
0
34
0
79
32
9
0
52
0
64
0
6
0
0
0
0
0
0
0
0
0
0
0
0
0
0
0
0
0
0
0
0
0
0
0
0
0
0
0
0
0
0
0
0
0
0
0
0
0
0
0
0
0
0
0
0
0
0
0
9
0
0
0
0
0
0
0
0
0
0
0
0
0
0
0
0
0
0
0
0
0
0
0
0
0
0
0
0
0
0
0
0
0
0
0
0
0
0
0
0
0
0
0
0
0
0
0
5
0
9
0
0
0
0
0
0
0
0
0
0
0
0
1
9
0
0
0
0
0
14
0
0
0
0
0
0
0
0
0
0
0
0
3
19
15
0
0
0
0
0
0
0
0
0
9
0
14
0
0
0
0
0
0
0
0
0
0
0
0
0
0
0
0
0
0
0
0
0
0
0
0
0
0
0
0
0
11
0
0
0
0
0
0
0
0
0
0
0
0
0
0
0
0
0
0
0
0
0
0
0
0
0
0
0
0
0
0
0
0
0
0
0
0
0
0
0
0
0
0
0
5
0
9
1
0
6
0
0
0
0
0
0
0
0
0
0
0
0
0
0
0
0
0
5
3
0
0
0
0
0
0
0
0
0
0
0
0
0
0
0
0
0
0
0
0
0
0
0
0
0
0
0
0
0
0
0
0
0
0
0
0
0
0
0
0
0
0
0
0
0
0
0
0
0
0
0
0
0
0
0
0
0
0
0
0
0
0
0
0
0
0
0
0
0
0
0
0
0
0
0
0
0
0
0
0
0
0
0
0
0
0
0
0
0
0
0
0
0
0
0
0
0
0
0
0
0
0
0
0
0
0
0
0
0
0
0
0
0
0
0
0
0
0
0
0
0
0
0
0
0
0
0
0
0
0
0
0
0
0
0
0
0
0
0
0
0
0
0
0
0
0
0
0
0
0
0
0
0
0
0
0
0
0
0
0
0
1
0
0
0
0
0
0
0
0
0
0
0
0
0
0
0
0
0
0
0
0
0
0
0
0
0
0
0
0
0
0
0
0
0
0
0
0
0
0
0
0
0
0
0
0
0
1
2
3
0
0
0
0
9
0
0
0
