1
8
2
10
0
2
6
5
20
3
0
6
2
0
5
12
2
26
120
0
1
0
18
1
21
1
0
1
5
0
0
0
1
3
0
0
0
0
0
1
1
0
0
0
0
0
0
0
0
0
0
25
104
0
0
0
0
0
20
0
0
6
0
0
1
22
2
1
0
1
0
0
0
0
0
0
1
0
0
0
0
1
2
0
0
0
2
24
58
0
20
0
0
0
0
0
0
0
0
25
0
0
0
0
0
5
3
0
0
0
0
5
2
2
2
20
61
64
3
434
385
0
1
2
0
15
0
2
1
2
0
0
0
66
0
20
20
12
411
0
400
434
434
445
385
1
1
0
1
0
0
0
20
0
427
1
0
0
385
385
425
0
0
0
0
0
0
0
0
0
0
0
0
0
0
0
0
0
0
0
0
0
0
0
0
0
20
20
1
0
20
0
0
427
20
21
2
0
425
0
0
0
0
0
0
0
0
0
0
0
425
430
0
0
425
1
1
20
21
0
0
0
0
1
0
0
5
0
1
0
0
0
49
0
0
0
445
0
445
0
1
0
1
0
15
0
0
0
0
0
0
0
15
0
0
385
0
425
0
0
0
0
0
0
0
0
0
0
0
0
0
0
0
0
385
0
445
0
17
2
0
25
114
1
1
3
13
0
0
1
0
49
2
0
2
24
6
7
1
0
1
0
1
0
17
3
26
3
0
79
1
82
3
12
0
11
7
90
0
69
449
1
0
1
0
14
5
37
0
117
1
7
2
150
0
126
1
6
20
0
480
0
21
26
15
0
220
0
390
15
161
3
144
9
115
426
18
0
1
3
1
37
1
2
385
1
20
112
5
202
0
0
43
0
443
85
92
0
104
2
130
0
1
17
6
9
5
79
1
12
1
11
1
77
10
112
29
137
10
0
0
1
1
5
0
20
0
20
0
0
0
1
0
0
0
0
0
0
10
0
0
0
0
0
2
2
1
0
16
0
0
0
1
0
0
39
0
0
0
0
1
0
471
6
50
13
445
43
0
