5
78
0
32
425
5
450
2
32
0
10
26
11
518
11
16
5
12
416
5
48
61
15
416
38
462
425
13
0
0
411
425
14
54
39
2
0
465
466
527
431
430
452
4
447
454
9
451
0
448
54
394
6
430
14
0
44
15
456
0
434
385
0
425
5
411
0
0
0
75
391
0
445
0
3
0
3
5
3
0
10
0
26
0
20
93
425
394
0
5
425
0
450
73
0
481
82
455
459
1
511
457
446
19
0
0
62
6
0
428
0
0
444
429
426
43
10
10
9
0
0
0
0
0
0
1
30
0
435
444
31
1
440
15
11
10
10
23
445
0
0
59
0
0
0
0
0
0
59
0
25
0
484
505
0
1
20
428
0
0
0
0
0
0
0
0
0
0
0
0
0
0
0
0
0
0
0
0
0
0
0
0
0
0
0
24
5
1
15
17
9
1
27
6
0
462
21
429
14
13
0
0
0
0
0
0
0
59
443
27
0
1
27
5
1
27
15
59
4
0
10
3
426
33
24
19
0
1
4
1
0
11
4
395
88
431
0
391
431
5
385
77
5
102
4
6
0
0
71
447
11
0
0
0
12
0
6
3
0
386
434
8
13
10
33
0
431
2
426
61
4
0
394
5
7
3
24
1
6
22
12
1
0
17
7
6
9
1
6
9
0
1
6
19
8
8
0
388
4
2
10
24
12
2
41
385
394
10
20
385
14
0
5
16
0
66
455
23
17
2
1
19
10
417
10
141
1
91
98
402
47
16
28
20
410
5
10
6
10
9
7
8
6
0
10
2
72
6
12
397
94
6
195
0
5
195
0
5
6
0
396
397
7
20
8
47
0
15
28
32
139
0
453
11
13
10
82
7
87
14
21
1
38
2
230
0
18
1
72
40
21
9
65
15
5
47
11
0
5
21
0
0
23
19
11
21
39
13
6
34
15
17
7
27
23
42
0
90
4
12
390
10
27
461
440
385
0
425
0
385
0
0
0
0
0
425
434
0
0
0
20
0
61
0
461
470
504
445
490
446
19
9
0
0
0
385
459
0
0
0
0
0
0
0
0
59
0
0
385
0
425
0
385
425
1
1
10
64
1
0
385
0
425
0
385
425
1
1
22
447
