0
1
0
15
3
15
6
30
26
10
35
20
0
17
33
10
0
132
14
4
0
3
11
2
2
17
15
0
0
0
117
20
25
17
23
9
7
15
11
0
0
5
6
3
0
15
5
0
0
0
0
0
0
0
0
0
0
0
0
9
0
0
0
0
1
0
18
22
0
0
0
10
0
81
1
0
9
0
9
0
19
10
10
0
0
2
2
64
59
0
1
40
1
15
0
2
0
0
64
0
0
45
5
0
0
0
0
15
1
8
0
15
0
22
14
0
26
21
24
25
40
0
0
10
69
74
27
74
0
26
0
10
10
18
10
11
0
13
0
0
0
0
25
5
10
6
7
0
0
0
0
10
0
10
0
0
0
0
10
29
6
0
29
0
1
0
5
0
0
63
20
0
49
5
20
0
0
30
56
2
8
29
0
12
0
3
15
0
0
0
2
20
16
0
18
0
0
1
0
0
0
0
0
0
0
0
0
0
0
0
0
0
0
0
0
0
0
0
2
1
0
8
10
0
1
0
0
212
10
395
129
0
0
0
16
17
0
0
0
0
52
131
5
627
3
88
0
0
3
2
0
2
21
0
0
0
0
0
1
11
49
1
0
0
0
5
14
20
60
0
9
3
3
0
6
0
15
0
20
15
0
3
0
0
3
84
3
3
0
0
0
4
15
4
12
0
0
0
51
19
19
15
15
3
3
15
0
0
0
1
30
0
0
0
0
0
0
0
10
0
0
0
0
0
3
5
3
1
0
2
3
0
0
5
12
3
84
3
0
63
92
5
6
4
4
3
5
0
2
5
473
6
22
3
5
7
0
0
0
385
0
122
3
0
4
0
3
0
0
0
10
0
0
9
6
0
5
6
49
11
0
0
6
260
2
0
21
0
0
0
0
0
3
0
0
0
0
5
14
0
0
0
2
18
4
0
1
8
0
0
6
19
6
0
0
13
0
0
13
15
6
7
5
0
0
79
20
0
190
2
0
80
0
0
385
0
36
0
8
0
1
0
0
3
93
0
4
5
5
4
3
0
5
3
8
1
0
5
0
11
0
0
0
0
0
6
149
27
0
