20
171
2
6
5
117
32
7
4
0
29
5
5
0
21
0
62
0
171
2
0
0
0
5
0
23
11
0
0
0
17
0
1
407
0
3
5
20
1
6
5
0
5
35
232
59
1
12
0
5
0
0
2
0
5
0
25
59
0
0
0
0
0
0
0
11
0
0
0
113
127
0
428
416
0
7
8
6
0
0
0
1
0
0
0
0
0
0
0
0
0
0
0
1
0
0
0
0
0
0
0
0
0
0
0
0
0
0
0
1
1
0
0
0
0
0
1
15
5
0
0
0
0
0
0
0
0
5
0
2
3
3
0
0
0
0
1
0
0
25
54
0
15
1
0
0
20
1
0
0
0
0
5
0
0
5
0
0
6
8
0
0
0
0
0
0
0
0
0
0
0
0
0
0
0
0
0
0
0
0
0
0
0
0
0
0
0
3
0
0
0
0
0
0
0
0
0
0
0
0
0
0
0
0
0
0
0
20
137
20
67
21
20
20
0
21
4
5
0
0
30
0
2
1
5
4
0
0
0
0
0
0
0
0
2
15
0
0
0
0
0
0
0
0
0
0
0
0
0
0
0
0
0
0
3
0
0
21
35
15
35
5
0
2
26
2
0
0
0
0
0
0
0
0
0
0
0
0
0
0
0
27
0
22
8
26
9
0
2
4
1
0
0
0
0
1
0
0
0
20
0
0
0
1
6
6
6
0
6
0
9
0
1
6
0
1
1
0
0
6
0
0
0
27
3
20
20
0
0
21
5
9
11
12
13
0
14
2
3
0
9
0
0
0
0
0
0
0
0
0
0
0
0
0
0
0
0
0
0
0
0
0
0
0
0
0
1
0
0
0
0
0
0
0
0
0
0
0
0
0
0
0
0
0
0
0
0
0
0
0
0
0
0
15
148
20
0
0
27
6
0
3
0
0
0
0
0
20
0
0
0
5
0
5
0
4
6
1
3
0
81
2
5
3
1
0
123
99
1
2
22
0
2
59
5
6
7
5
22
6
3
0
0
3
0
183
3
20
0
137
20
5
5
23
40
0
20
4
2
20
389
20
5
3
20
6
86
1
19
9
33
7
70
455
23
55
0
8
14
175
0
20
14
23
2
42
1
19
26
8
6
0
15
0
134
6
1
31
1
11
214
6
1
1
1
8
5
8
43
7
1
96
1
10
13
1
18
14
1
1
14
0
18
32
21
16
27
23
12
9
1
21
25
5
7
132
0
5
12
200
0
5
6
229
5
159
1
6
5
1
95
0
13
244
0
22
10
97
0
2
245
1
5
230
0
5
9
155
21
5
0
0
127
20
33
32
0
0
0
0
20
1
0
5
20
0
0
4
1
0
0
0
0
0
392
56
2
0
0
2
0
11
0
4
4
2
399
0
0
0
0
0
0
0
0
0
0
0
0
0
0
0
0
0
0
0
0
0
0
0
0
0
0
0
0
0
0
0
0
0
0
0
0
0
0
0
3
0
0
0
0
0
0
0
0
0
0
0
0
0
0
0
0
0
0
506
0
0
0
1
0
0
0
0
0
0
0
0
0
0
0
0
0
0
0
0
0
0
0
0
0
0
0
0
0
0
0
1
0
0
0
0
1
0
0
0
0
0
0
0
0
0
0
0
0
0
0
0
0
0
0
0
0
0
0
0
0
0
0
0
0
0
0
0
0
0
0
0
0
0
0
0
0
0
0
0
0
0
0
0
0
0
0
0
0
0
0
0
0
0
0
0
1
0
0
0
1
1
0
10
1
0
0
0
9
9
0
0
0
0
0
0
0
0
0
1
1
1
1
1
0
1
1
0
1
1
0
0
0
0
0
0
0
0
0
8
0
1
1
0
0
1
0
1
1
1
0
0
0
0
0
0
1
0
0
0
1
0
0
0
1
0
0
0
1
0
0
0
