6
224
0
21
27
46
30
1
52
26
5
18
7
0
7
2
8
1
421
0
413
6
41
28
20
1
451
30
6
42
21
0
1
72
0
1
22
143
17
108
40
6
30
0
0
5
0
0
0
21
0
20
0
20
6
0
1
0
0
1
1
0
0
5
4
11
24
9
0
0
1
23
25
8
405
1
0
0
1
0
0
1
404
7
1
6
21
12
2
0
1
47
0
2
31
3
23
37
481
435
12
2
20
55
0
49
1
15
94
1
404
443
1
0
6
9
12
404
0
6
0
60
109
5
9
0
0
0
0
0
3
10
20
6
12
0
9
22
10
0
10
0
0
5
0
0
0
0
0
0
0
0
0
0
0
0
0
440
0
0
0
0
0
0
0
6
529
0
0
11
24
0
0
2
6
95
51
6
0
2
0
475
18
39
0
10
2
22
430
19
0
603
526
5
126
116
405
6
20
17
0
109
578
5
1
116
4
28
0
469
11
436
27
446
404
22
446
20
9
134
0
86
21
30
59
0
434
1
16
32
2
0
2
3
15
0
0
15
30
21
0
6
133
6
9
0
448
41
0
6
65
5
0
15
0
0
0
0
1
0
1
0
0
425
24
50
4
0
0
0
0
5
7
38
0
11
17
18
0
1
0
0
0
6
31
0
0
1
22
1
46
0
489
7
15
21
5
54
30
7
63
0
1
5
7
6
17
95
1
81
5
4
15
10
7
5
15
16
88
6
6
70
455
14
211
1
8
20
18
3
14
15
18
10
10
0
17
1
5
178
1
12
130
1
10
9
7
0
3
40
68
22
25
27
5
31
58
12
207
6
6
133
0
11
133
0
1
11
21
23
16
6
7
116
0
23
1
18
11
66
6
66
0
63
13
7
66
0
7
5
87
0
0
18
1
12
2
114
0
426
37
7
1
25
0
3
65
6
231
5
12
11
0
4
6
1
38
14
0
39
0
13
199
0
14
60
20
87
2
10
95
2
11
81
25
5
131
64
12
120
0
1
6
102
0
404
1
0
24
3
3
0
10
0
0
1
0
0
0
0
0
0
0
0
0
0
0
0
0
3
0
0
0
0
0
23
9
5
9
4
0
20
8
0
0
0
6
21
20
2
20
1
40
20
32
23
0
0
0
0
6
26
0
0
0
0
6
0
0
0
20
1
21
0
0
0
0
14
21
89
17
21
1
5
19
1
2
389
0
8
0
0
413
411
415
5
0
0
2
1
20
0
0
0
0
0
0
5
25
13
0
33
0
13
0
13
0
