1
108
0
3
17
1
25
17
6
0
7
24
3
3
17
0
0
16
3
23
121
4
17
16
400
0
5
1
82
20
15
14
10
1
59
1
20
18
22
1
0
0
28
17
18
6
16
6
0
6
22
0
0
9
0
0
23
0
0
0
19
20
174
146
9
0
0
0
46
6
5
5
17
0
21
0
1
0
0
0
0
0
0
0
0
0
0
0
0
0
0
0
15
0
0
0
0
0
0
0
0
0
0
22
9
16
26
28
0
6
22
19
5
9
0
0
0
0
0
0
22
16
16
16
0
19
20
0
0
0
5
0
0
0
0
0
0
0
16
22
6
0
0
0
0
0
0
0
0
0
0
19
81
1
3
100
16
16
73
0
11
16
9
0
0
25
17
16
9
28
6
6
27
0
0
0
0
0
24
16
0
0
0
0
0
0
0
0
0
0
0
0
0
0
0
0
22
0
6
27
0
0
0
0
0
0
0
0
0
0
0
0
6
64
58
0
0
17
16
0
0
0
0
0
0
0
0
0
0
0
0
0
0
18
0
0
0
0
0
0
0
0
0
0
0
0
1
2
92
0
0
0
0
0
1
27
14
0
0
0
20
0
0
0
0
0
0
0
0
0
0
0
0
0
0
0
0
0
0
0
0
0
0
0
0
0
0
0
0
0
0
0
0
0
0
0
0
0
0
0
0
0
0
0
0
0
0
0
0
0
0
0
0
0
0
0
0
0
0
0
0
0
0
0
0
0
18
81
0
1
22
4
1
0
0
23
0
0
0
2
2
109
2
0
88
20
41
20
0
21
0
0
0
20
0
0
0
0
0
0
0
20
0
0
0
0
0
0
0
0
0
0
0
0
0
0
0
0
0
0
0
1
3
0
2
6
0
0
7
0
7
0
0
6
0
20
0
11
0
16
27
0
0
0
17
7
0
2
113
100
113
72
1
9
17
0
9
0
6
122
94
11
0
8
10
0
0
4
11
5
7
388
90
2
5
37
394
0
4
6
90
3
6
394
2
2
0
0
6
8
11
391
10
85
9
5
232
2
5
311
0
162
385
5
0
5
212
0
0
137
0
0
10
1
204
15
25
1
15
0
0
141
2
88
0
6
1
169
0
9
58
2
392
26
17
122
1
0
4
0
11
29
8
54
398
14
18
10
35
9
1
