31
89
0
2
0
5
7
12
25
9
3
51
0
1
134
22
1
40
420
9
30
0
0
10
10
0
0
0
117
17
3
0
20
0
0
8
0
0
50
21
40
0
49
1
0
5
13
12
5
17
84
1
35
0
1
0
5
35
28
20
0
0
0
1
5
0
76
10
0
1
0
1
0
83
5
0
6
0
0
0
0
12
15
32
0
0
0
0
0
0
0
5
0
398
410
20
9
0
0
0
56
0
7
102
84
0
0
0
0
0
0
0
0
0
0
0
0
12
402
49
0
0
0
0
0
0
50
0
0
23
87
4
49
72
5
69
20
50
0
34
7
0
0
0
0
0
0
0
0
0
0
0
0
32
28
4
2
0
0
0
0
0
0
0
0
0
0
0
0
0
0
0
0
0
0
2
12
1
5
15
49
9
407
22
152
0
386
91
8
2
390
0
0
0
2
0
91
385
0
0
0
0
0
0
0
0
0
0
1
0
0
0
0
0
8
0
398
2
385
385
0
0
0
0
0
0
10
0
0
0
19
3
3
2
0
15
0
0
21
5
385
3
1
5
0
6
13
10
10
0
0
415
175
24
23
89
23
9
0
80
144
0
2
405
0
3
0
0
20
20
0
0
1
0
0
6
30
8
11
15
0
439
27
6
1
90
5
1
19
20
15
88
7
68
13
7
124
5
16
9
7
3
386
0
25
92
28
38
0
1
39
9
18
5
0
8
0
93
13
48
8
8
0
10
328
0
0
123
0
8
6
89
0
122
0
1
5
1
6
6
26
6
10
19
0
16
1
85
16
18
6
0
0
20
49
11
424
2
1
0
385
0
5
58
402
0
0
2
1
