59
0
21
21
0
386
0
0
5
58
76
66
1
9
0
0
9
4
0
0
3
11
20
18
21
445
43
10
0
392
6
0
1
16
0
1
0
35
0
22
106
0
11
0
16
44
5
0
0
22
0
4
393
396
15
0
0
7
2
5
20
41
396
385
385
2
0
11
2
0
0
0
518
0
1
11
547
2
0
448
14
397
30
1
0
0
8
0
0
0
9
0
0
0
0
0
1
0
0
11
0
9
0
21
1
0
0
0
0
0
2
28
11
385
1
0
1
1
1
4
0
0
0
0
0
6
1
0
2
391
0
1
17
139
159
1
30
0
2
32
8
405
412
24
0
430
2
385
3
447
21
411
405
0
5
399
405
4
385
84
388
22
385
1
445
1
0
385
0
0
6
6
4
4
0
0
0
0
0
387
385
0
0
0
0
0
0
0
0
0
0
0
0
0
0
0
0
0
0
0
0
0
0
0
0
0
0
0
0
0
400
385
9
0
0
0
0
0
0
0
0
0
0
0
0
0
0
412
385
0
25
0
385
0
386
385
0
385
385
393
0
3
15
5
2
0
0
0
0
0
0
0
0
0
0
0
0
0
0
387
0
0
0
0
0
0
0
0
0
0
0
0
0
392
386
2
402
391
0
0
385
4
0
0
385
0
15
16
401
416
386
401
387
0
0
25
385
0
0
76
1
0
0
0
80
1
55
0
75
0
66
0
0
10
12
11
0
28
20
144
35
1
82
0
0
0
3
27
385
7
0
0
385
12
400
0
5
5
6
9
0
14
8
0
6
11
26
11
109
0
6
118
0
83
5
16
385
17
11
70
455
28
13
2
5
6
1
10
0
5
6
12
3
1
13
11
0
0
19
13
0
0
5
116
0
5
13
12
0
1
0
8
88
41
13
6
1
17
88
11
7
8
0
13
27
5
11
20
0
15
0
19
0
5
6
15
7
13
49
18
6
0
6
0
0
0
0
1
0
18
5
15
20
0
15
217
5
0
19
13
25
56
5
7
0
5
0
6
0
1
1
1
10
0
12
6
