7
247
0
6
11
6
394
4
0
24
0
29
0
6
6
10
10
0
12
6
15
0
124
0
101
620
1
1
10
4
0
220
0
17
0
24
6
389
414
2
4
8
573
22
4
4
211
39
283
108
0
651
39
177
0
407
99
411
78
397
386
0
0
0
424
21
0
70
94
0
38
0
4
8
4
38
0
9
0
1
3
0
10
4
0
400
0
12
5
21
465
88
4
0
0
24
4
5
6
90
0
0
0
73
10
0
0
0
0
0
4
0
0
0
0
12
0
24
10
22
2
23
21
65
518
129
0
4
4
389
86
0
0
0
0
0
1
1
1
6
7
1
0
0
5
0
4
4
0
0
0
5
4
65
0
0
70
22
470
21
1
0
451
79
122
99
177
502
0
0
0
4
0
679
0
0
0
0
0
0
0
0
0
0
0
0
0
0
0
0
0
0
0
0
0
0
0
0
0
0
0
0
385
0
385
385
0
0
0
0
9
0
0
20
0
78
62
4
78
79
29
9
20
0
266
136
407
484
497
2
409
20
0
0
0
30
21
385
0
429
16
0
4
0
0
0
0
0
0
385
385
63
0
0
0
8
0
1
201
33
4
78
0
389
78
4
0
0
0
0
385
0
0
385
0
4
4
0
0
4
33
4
4
0
0
0
385
385
385
0
1
472
385
20
0
387
65
18
26
33
4
17
4
17
11
1
389
406
3
16
0
0
0
27
11
0
201
7
5
207
13
7
23
0
0
64
455
23
14
26
51
1
13
33
41
9
11
1
385
0
21
4
61
5
29
132
13
0
5
11
18
225
7
5
128
23
7
8
8
12
120
385
13
38
88
7
0
107
396
6
158
145
9
14
4
80
411
14
33
21
5
121
426
1
6
9
0
6
3
6
0
8
390
80
7
10
37
9
0
