1
413
418
0
21
3
2
57
0
0
12
3
5
0
0
11
1
1
1
2
2
0
37
5
24
1
2
1
1
7
1
49
3
0
0
2
1
5
0
2
0
3
1
6
6
6
1
11
1
0
31
2
0
468
385
21
0
4
9
1
0
0
0
7
12
6
0
0
84
1
0
1
99
506
0
8
11
0
1
1
6
1
0
1
7
0
387
2
1
51
488
0
385
0
435
50
49
70
0
0
0
0
0
53
0
0
0
49
2
0
2
110
385
0
1
0
0
2
49
0
5
0
0
0
0
0
0
0
0
0
1
0
20
0
2
0
2
0
0
2
1
0
2
27
34
13
7
0
0
0
0
59
0
0
0
27
27
27
0
0
0
0
0
0
0
0
0
0
0
0
0
0
0
0
0
0
0
0
0
0
0
62
1
0
5
0
0
0
7
98
0
1
1
5
8
414
2
5
36
400
440
0
17
386
0
0
0
0
0
0
0
0
27
27
27
0
0
0
0
0
0
0
0
0
0
0
0
0
0
0
0
0
0
0
0
0
0
0
3
7
0
63
9
409
8
21
1
35
4
50
2
0
0
0
0
0
0
0
64
7
0
0
0
63
1
0
0
60
0
4
4
0
0
0
0
0
0
0
0
0
0
0
0
0
0
0
0
0
0
7
7
7
0
0
0
0
0
0
0
0
0
1
1
0
1
0
21
56
0
33
20
21
0
3
1
0
1
0
0
4
44
22
12
4
10
0
0
0
65
455
14
27
2
13
1
123
0
0
0
26
6
0
1
7
31
0
63
12
18
0
2
0
0
1
10
9
32
0
8
2
6
2
3
0
14
49
0
5
27
11
13
0
112
5
0
0
0
48
1
8
0
6
9
9
403
2
0
2
5
0
2
22
5
38
1
8
0
6
161
5
5
89
4
11
1
35
64
159
5
11
506
0
0
511
0
0
0
11
0
91
0
95
0
6
115
16
1
398
6
3
