1
1
33
0
17
0
1
2
3
2
13
75
6
0
0
1
0
46
70
10
50
3
34
1
4
18
1
3
0
0
2
0
449
0
6
0
0
2
2
68
7
0
0
1
0
7
34
16
48
12
1
6
3
0
1
9
8
3
2
0
1
9
12
9
3
3
0
0
1
90
0
2
7
7
7
3
5
99
11
0
0
1
25
0
9
59
9
1
238
0
13
13
11
5
14
4
1
1
0
0
0
0
0
0
0
1
2
0
2
0
0
17
6
0
0
2
3
0
2
0
15
0
0
2
10
7
0
51
1
0
1
1
5
6
2
1
14
0
0
1
9
0
33
409
2
1
0
1
1
1
5
2
6
2
3
2
0
0
0
1
2
0
4
22
2
12
5
6
0
0
9
49
32
0
13
5
7
0
0
0
5
6
26
0
0
11
0
0
12
36
8
6
6
0
21
1
14
1
14
4
0
15
11
1
391
8
11
0
16
20
1
17
1
2
0
2
3
2
7
1
0
0
7
19
1
102
0
0
2
2
4
0
0
4
0
1
2
10
1
0
0
1
7
3
5
6
11
405
13
18
7
10
33
6
17
3
7
17
0
18
2
1
0
512
0
237
1
0
78
1
16
6
0
0
7
1
27
0
3
12
45
8
1
36
3
12
70
455
28
14
7
6
169
6
27
9
3
0
8
2
6
0
2
50
6
2
1
1
1
1
3
1
22
49
5
90
6
9
13
12
0
1
292
1
12
10
413
5
18
0
6
6
8
10
42
2
13
6
6
1
127
15
31
68
6
9
21
16
0
18
12
15
0
41
8
7
6
0
0
0
0
7
2
16
14
8
5
66
385
20
1
5
1
18
1
2
0
1
0
6
0
11
6
1
4
15
33
0
10
10
0
3
5
6
137
6
55
0
395
5
6
0
0
5
5
3
6
9
10
22
18
0
20
2
22
1
0
1
21
19
68
5
11
13
0
0
0
2
5
5
6
0
0
0
0
0
5
0
30
2
60
1
27
35
0
33
19
13
36
0
0
5
1
25
8
8
57
61
12
6
0
0
0
3
1
46
3
8
6
1
35
8
6
15
394
0
11
76
1
0
3
6
11
0
7
12
6
0
5
0
0
6
7
13
64
0
188
0
3
107
0
18
28
6
11
30
7
10
28
0
1
0
1
2
0
49
0
110
21
219
12
193
0
8
9
103
0
17
6
6
1
0
0
3
0
10
0
3
3
2
14
11
6
0
11
0
0
25
0
34
0
2
1
0
28
6
19
2
1
0
42
3
22
11
10
0
0
7
0
0
0
0
0
28
0
0
0
0
0
0
0
0
0
0
0
0
0
0
6
0
0
0
20
0
20
80
9
6
