1
4
195
81
0
0
20
4
1
0
0
49
1
0
1
206
129
0
195
9
0
3
0
21
0
22
511
53
24
24
17
0
0
24
13
30
49
4
0
0
3
23
51
26
33
18
1
434
25
0
29
21
451
0
7
4
4
0
0
0
0
0
9
0
9
1
9
20
0
3
0
0
9
5
28
389
8
15
0
0
0
65
1
0
395
447
415
0
10
6
1
0
0
502
0
18
0
0
0
0
0
0
0
0
18
0
0
0
0
0
0
0
0
0
0
10
23
0
0
0
0
0
0
0
0
1
23
0
0
0
0
0
0
23
3
18
0
0
0
18
0
0
0
0
0
0
0
0
2
31
0
4
8
1
33
19
9
10
10
0
0
0
0
6
1
0
10
423
0
0
0
0
10
20
33
9
21
0
0
0
0
10
2
6
0
2
0
0
0
0
13
0
0
0
2
1
39
40
0
9
1
0
1
15
3
4
39
62
4
26
20
31
20
7
3
0
4
0
561
0
0
0
0
0
0
0
0
571
0
0
0
0
0
0
13
4
0
5
20
169
474
398
401
24
423
0
21
0
0
10
0
13
0
0
0
32
59
1
2
18
18
2
5
20
5
15
10
452
10
3
10
6
34
2
20
21
39
13
0
3
13
12
1
30
0
64
13
11
472
5
3
24
8
2
0
25
0
414
1
1
1
44
8
24
473
10
431
2
1
51
11
11
19
64
32
5
13
3
13
0
6
28
1
191
116
547
5
10
24
206
2
5
122
0
30
5
9
70
455
23
18
20
64
0
12
7
116
0
120
426
9
0
0
25
53
7
6
5
9
12
21
10
6
6
1
17
0
5
5
39
0
13
17
25
5
24
3
29
9
9
1
7
411
10
47
0
114
404
64
16
10
46
1
14
6
