2
146
13
0
0
0
1
20
1
5
20
0
46
20
5
0
395
64
0
20
2
20
180
1
22
25
7
5
12
5
63
76
64
1
20
1
1
20
0
397
117
33
0
1
242
1
81
0
1
0
0
81
9
1
0
239
0
41
70
19
0
0
1
10
3
11
0
387
1
6
64
0
415
423
0
0
0
0
0
0
0
0
0
0
1
7
1
6
0
0
7
43
0
1
4
1
7
1
21
1
0
5
0
0
0
0
2
0
0
0
0
0
2
70
148
82
24
64
0
0
0
0
0
0
20
0
0
0
0
0
0
0
0
0
0
0
0
102
4
6
1
191
79
0
0
1
433
21
26
1
23
17
1
0
0
21
1
0
101
0
14
0
84
36
0
1
9
24
25
37
0
20
1
0
0
6
10
6
0
404
0
19
44
32
2
3
0
0
2
59
1
20
0
2
0
0
0
79
0
1
0
21
0
5
1
0
0
18
0
0
0
3
0
1
25
0
0
0
81
0
0
0
0
0
0
0
1
0
0
0
0
0
0
0
0
0
0
0
0
0
0
0
0
0
0
0
0
1
0
0
0
0
0
0
0
0
0
1
0
4
3
9
0
0
0
1
2
49
1
2
2
1
0
2
20
99
69
7
213
0
0
234
0
0
9
28
12
5
77
455
188
0
20
14
0
411
127
76
0
9
1
130
10
1
0
80
0
0
9
9
463
0
36
0
15
1
0
215
0
90
0
24
0
16
0
0
3
0
385
89
0
443
85
92
0
404
5
394
0
153
2
126
5
5
203
0
35
0
5
255
0
0
222
0
0
134
385
16
122
385
113
391
103
0
20
262
0
0
133
27
245
0
1
157
21
159
1
45
5
0
