222
0
5
17
95
15
15
27
88
3
48
0
589
411
20
15
75
121
17
74
15
103
9
14
0
6
424
412
17
20
0
99
20
0
2
0
145
1
15
0
0
385
385
0
0
0
0
0
0
1
0
0
2
0
0
0
36
0
19
16
7
0
0
20
0
0
0
1
1
1
1
15
0
0
0
2
1
0
1
0
0
0
0
21
0
0
0
0
0
1
0
1
0
18
0
1
5
5
5
17
0
1
4
0
0
0
0
0
0
20
3
4
0
0
0
0
0
38
2
0
0
0
0
0
0
0
5
0
0
0
0
0
0
1
0
1
1
5
0
0
0
0
0
0
1
0
395
0
117
1
112
0
425
0
3
99
22
25
104
467
20
400
407
393
398
0
27
504
20
484
470
0
0
0
0
2
406
0
20
385
440
400
543
33
16
39
407
1
4
1
3
179
3
0
0
0
0
0
3
0
0
0
0
0
3
0
0
0
0
0
0
0
0
0
0
94
2
118
0
0
0
0
3
0
0
0
0
0
59
0
2
74
35
84
43
444
7
17
2
0
79
1
0
66
26
0
0
0
0
188
0
0
0
0
0
5
15
3
0
0
0
3
0
0
0
74
20
1
1
13
13
21
0
25
0
3
5
2
18
2
74
15
2
22
0
28
15
0
0
0
3
0
3
0
3
0
0
0
0
0
0
0
2
0
0
6
0
0
0
0
36
3
0
5
3
2
19
3
15
61
94
0
0
18
7
0
9
19
0
0
0
36
0
3
6
0
0
16
15
0
9
59
0
6
5
1
0
5
41
0
99
69
17
0
12
4
5
11
102
12
7
0
69
455
12
5
484
1
10
0
9
23
17
19
3
39
5
3
0
385
7
0
6
5
0
2
0
30
0
6
23
3
1
113
9
198
0
34
1
6
20
5
0
5
69
3
0
1
0
53
3
113
390
112
5
443
37
47
9
508
0
393
0
1
0
72
1
159
0
0
131
0
22
33
63
97
0
10
98
0
6
104
1
38
11
33
24
123
0
145
1
102
0
2
195
0
0
18
0
1
185
0
1
15
23
20
15
3
3
4
0
0
0
0
0
0
3
0
0
0
0
0
4
0
0
1
2
1
0
2
4
0
20
49
5
0
15
0
1
420
15
35
1
0
12
0
0
5
0
0
0
0
0
0
0
0
1
0
0
2
2
0
0
10
10
0
32
82
1
0
0
38
3
0
18
15
27
5
15
17
0
0
11
0
19
49
0
1
27
