63
173
0
0
0
74
91
2
386
0
185
0
13
0
53
160
0
146
21
10
0
0
64
12
12
90
10
13
10
75
0
50
4
1
449
0
21
262
21
64
176
198
170
100
183
65
108
23
1
0
11
5
79
181
7
1
71
12
51
50
0
1
0
63
1
0
0
1
112
73
90
81
0
16
27
0
0
0
0
0
5
14
0
0
23
0
1
0
0
1
64
2
1
0
10
49
3
88
81
49
59
65
10
13
6
27
0
0
10
12
0
0
0
0
0
0
0
0
0
1
49
3
11
15
11
69
10
3
0
0
3
0
0
0
0
0
0
0
0
0
0
10
102
0
0
0
0
63
0
10
0
0
0
0
0
0
2
0
0
0
4
0
0
4
2
0
99
50
0
49
41
10
1
231
116
63
0
6
85
53
0
49
50
52
0
20
74
142
114
0
5
1
9
50
472
4
1
0
0
0
0
0
0
38
0
64
1
0
0
0
0
0
0
0
0
64
0
0
0
0
0
0
0
64
0
0
0
0
0
0
1
54
34
177
149
3
77
1
3
0
95
2
9
0
11
63
10
26
10
111
1
1
10
0
0
39
11
59
74
2
0
50
150
1
4
0
400
11
51
49
7
54
38
1
3
64
35
38
3
0
84
4
4
1
11
6
1
1
34
0
0
12
64
49
49
2
50
0
59
1
0
94
2
0
71
0
0
1
2
22
0
71
63
1
10
17
0
5
166
26
64
449
9
0
103
1
185
0
5
0
173
1
204
75
202
0
20
212
0
34
179
0
20
230
5
60
46
216
1
152
0
6
0
0
12
0
1
2
0
85
5
79
0
20
167
0
0
172
0
0
172
0
36
9
151
1
6
116
0
3
66
4
0
81
2
25
48
20
1
17
9
44
0
385
1
177
6
90
1
176
1
171
0
198
5
92
20
141
22
82
21
95
1
12
