3
18
0
2
6
12
0
0
10
127
22
0
1
0
0
0
13
1
0
0
0
2
1
0
22
9
1
16
2
17
0
0
0
0
1
1
8
3
83
0
0
2
0
3
2
177
278
1
1
0
20
6
9
44
0
2
1
0
90
3
2
1
0
1
0
0
0
1
2
12
0
22
0
0
0
0
7
0
0
0
0
0
0
1
0
0
1
0
0
0
0
0
11
0
3
0
0
0
4
0
0
0
0
5
0
0
3
0
0
0
1
0
0
0
0
0
0
0
0
0
0
0
0
0
0
0
0
0
0
0
0
0
0
0
0
15
0
0
0
0
0
0
0
0
0
0
0
0
0
0
0
0
0
0
0
0
0
0
0
6
0
0
0
1
0
3
0
0
0
0
0
0
0
0
0
0
3
0
0
0
0
0
0
0
0
0
1
0
2
0
0
0
0
0
0
0
0
0
0
0
0
0
0
0
32
0
0
0
0
0
0
0
0
0
9
0
3
9
5
0
7
15
5
0
0
11
8
2
5
12
9
48
20
0
9
20
4
0
0
0
0
3
6
10
20
41
43
0
0
25
18
5
8
9
1
0
20
0
42
0
32
0
5
0
38
42
60
11
0
33
1
2
2
0
5
0
69
22
13
5
0
0
18
0
0
0
0
25
19
0
1
21
0
39
5
0
0
9
39
30
1
0
9
0
0
0
30
20
0
20
0
22
1
0
1
0
1
20
10
1
0
0
1
0
3
0
0
0
0
0
0
18
0
0
0
0
0
18
0
0
0
0
0
0
20
0
5
0
0
5
11
19
5
1
0
1
15
1
0
133
2
132
1
0
83
0
1
6
77
0
21
39
4
0
4
21
0
107
0
2
0
104
0
2
1
107
0
0
26
0
0
7
2
0
9
0
16
0
5
13
0
1
0
19
0
1
0
16
0
20
0
12
0
2
1
11
0
4
1
22
0
5
0
19
11
0
208
1
0
10
47
11
6
33
1
152
1
0
150
39
87
32
0
25
0
0
9
1
108
0
0
203
2
0
168
0
10
0
97
0
3
106
1
0
4
21
19
48
33
13
1
13
28
0
26
27
0
21
5
0
67
0
0
83
2
11
0
26
0
54
0
2
0
0
131
39
1
6
0
0
0
0
0
0
0
0
0
0
0
0
0
0
0
0
0
0
0
0
0
0
0
0
0
0
0
0
0
0
0
0
0
0
0
0
0
0
0
0
0
0
0
0
0
0
0
0
0
0
0
0
0
0
0
0
0
0
0
0
0
0
0
0
0
0
0
0
0
0
0
0
0
0
0
0
0
0
0
0
0
0
0
0
0
0
0
0
0
0
0
0
0
0
0
0
0
0
0
0
0
0
0
0
0
0
0
0
0
5
0
0
0
0
0
0
0
0
0
0
0
0
0
0
0
0
0
0
0
0
0
0
0
0
0
0
0
0
0
0
0
0
0
0
0
0
0
5
0
0
0
0
0
0
0
0
0
0
0
0
0
0
0
0
0
0
0
0
0
0
0
0
0
0
0
0
0
0
30
0
0
0
0
0
0
0
0
0
0
0
0
0
0
0
0
0
0
0
0
0
0
0
0
0
0
10
0
1
0
0
3
1
0
0
0
0
0
0
0
10
0
0
0
0
0
0
0
0
0
0
0
0
5
0
0
0
0
0
0
0
0
0
0
0
0
0
0
0
0
0
0
0
0
0
0
0
0
0
0
0
0
0
0
0
19
7
0
7
0
0
0
0
0
0
0
0
7
0
0
0
0
0
