1
156
0
1
1
20
5
2
1
0
3
0
0
0
3
1
17
0
0
0
10
0
0
0
37
0
1
0
11
0
0
17
0
38
1
4
0
0
3
6
1
2
26
0
0
2
3
0
3
0
0
0
0
0
0
0
10
12
20
10
0
0
0
20
0
0
0
0
0
0
0
0
0
0
0
0
0
0
0
0
0
0
0
0
4
20
11
1
0
3
0
0
5
8
10
0
0
0
27
1
0
11
0
0
14
0
20
57
0
0
0
0
0
0
0
0
0
0
0
0
0
0
0
0
0
0
0
0
0
0
0
0
0
0
0
0
24
0
5
0
0
0
0
2
0
0
0
0
0
0
0
0
0
0
0
0
0
0
10
0
0
0
0
1
0
0
0
0
0
0
0
0
0
0
0
0
0
10
0
81
0
117
0
0
0
0
0
0
0
0
0
0
0
0
0
1
0
0
0
0
2
0
1
0
2
8
3
1
24
2
1
0
0
0
0
0
0
0
0
549
0
449
0
0
0
0
0
14
1
0
0
0
27
0
0
0
385
0
0
0
0
0
0
0
0
63
385
2
0
16
0
0
2
0
0
0
1
1
1
0
0
0
0
0
0
0
0
0
0
0
0
0
0
0
0
0
0
0
0
0
0
0
0
0
0
0
0
0
0
0
0
0
0
0
0
0
0
0
0
0
78
0
0
2
2
0
20
11
0
20
0
0
0
7
0
0
0
0
0
0
0
0
1
0
0
0
207
21
33
33
18
2
5
0
0
55
18
385
0
54
40
19
0
0
0
0
0
0
0
0
0
0
0
0
0
0
0
0
0
0
0
0
0
0
195
0
0
0
0
0
0
0
0
0
0
0
0
0
0
64
117
0
0
0
20
51
0
73
413
3
0
2
3
51
3
0
1
28
10
0
0
0
3
21
1
0
0
0
1
0
1
1
9
20
5
2
83
5
0
0
0
64
454
92
4
21
2
6
54
16
2
8
6
99
20
7
29
10
5
6
0
16
0
55
0
5
6
35
9
119
426
126
20
5
0
87
5
26
26
208
20
11
3
117
12
75
6
45
0
6
33
0
33
104
29
188
20
30
75
21
6
7
1
12
20
5
0
5
1
57
8
156
4
36
9
5
20
124
64
323
0
132
0
89
1
0
