0
6
13
0
6
6
6
10
7
6
6
570
0
12
439
12
8
392
385
0
405
12
1
2
7
10
10
6
6
517
457
36
409
415
0
11
7
10
16
7
7
6
392
391
0
455
6
391
386
490
491
32
391
392
0
387
6
0
391
385
6
6
5
448
4
23
390
88
445
22
17
1
6
385
2
0
0
0
0
0
0
0
0
0
0
428
391
4
89
0
4
0
24
1
34
0
122
393
10
0
415
0
0
0
0
0
0
0
0
0
0
391
391
391
391
391
391
391
391
391
0
391
0
0
0
0
0
0
0
0
0
0
0
0
0
0
0
0
0
0
0
0
0
0
0
0
0
0
0
0
0
0
0
0
0
0
0
0
0
0
0
0
0
0
0
0
0
0
0
0
0
0
0
0
0
61
39
0
20
1
40
4
2
6
5
5
394
0
388
391
59
394
0
1
167
392
466
22
391
410
20
64
0
391
7
393
19
24
0
391
386
394
10
10
0
2
401
0
439
10
10
391
20
3
395
69
391
396
414
396
0
395
450
0
0
15
6
3
0
435
385
5
0
0
394
388
1
7
420
0
0
0
0
6
0
0
385
385
385
0
0
0
0
385
6
0
385
385
385
385
6
0
385
385
385
385
6
0
385
385
385
385
6
0
385
385
385
385
6
0
0
385
385
385
385
0
0
0
0
0
0
0
0
0
0
0
0
0
0
0
0
0
0
0
0
0
0
0
0
0
0
0
0
0
0
0
0
0
0
0
0
0
0
0
0
0
0
0
0
0
0
0
0
0
0
0
0
0
0
0
0
0
0
0
0
0
0
0
0
0
0
0
0
0
0
0
0
0
0
0
0
0
0
0
0
0
0
0
0
0
0
0
0
0
0
0
0
0
0
0
0
0
0
0
0
0
0
0
0
0
0
0
0
0
0
0
0
0
0
0
0
0
0
0
409
0
2
0
0
6
6
59
0
5
59
6
65
391
391
34
386
134
9
28
0
0
7
0
0
0
0
0
0
0
0
0
0
385
385
385
385
385
385
0
0
0
0
0
0
0
0
0
0
0
0
0
0
0
0
0
0
0
0
0
0
0
0
0
0
0
0
417
3
0
4
1
11
390
0
391
15
0
406
18
6
0
412
385
408
7
0
5
391
398
12
23
0
16
386
395
7
0
15
397
391
0
18
385
0
0
6
473
0
8
21
12
6
0
12
14
396
7
16
6
1
21
0
31
4
14
8
12
76
21
8
65
455
23
397
16
37
9
6
2
0
0
2
0
1
17
6
10
6
5
0
11
46
7
0
14
7
5
1
1
11
6
124
391
6
10
9
6
69
0
69
6
18
385
17
9
12
21
5
114
426
16
0
6
38
13
16
390
6
23
26
22
17
6
5
41
6
5
16
0
0
385
91
6
13
34
15
14
3
15
42
6
22
0
16
5
19
0
41
6
19
0
6
19
391
14
18
12
1
6
0
401
444
85
7
21
7
97
0
5
6
0
0
391
14
0
385
0
3
5
13
6
9
12
5
0
0
5
2
64
5
2
9
0
4
1
6
7
0
6
37
9
1
0
391
1
391
10
7
391
7
280
17
1
385
8
0
391
9
6
18
8
50
65
15
5
404
69
18
345
102
11
651
2
0
392
0
0
67
3
0
503
64
6
0
1
6
3
33
12
3
0
76
1
39
0
13
17
467
395
400
385
11
5
385
391
5
386
0
16
0
1
385
15
389
5
0
34
30
1
13
394
391
385
407
402
424
400
391
0
14
26
0
0
0
417
38
0
0
0
0
0
0
0
0
0
0
0
38
0
411
415
1
38
0
0
0
0
0
0
0
386
0
0
0
0
0
0
0
0
0
0
0
0
0
0
0
0
0
0
0
0
0
0
0
0
0
0
0
0
0
0
0
0
0
0
0
0
0
0
0
0
0
0
0
0
4
0
0
0
0
0
0
0
0
0
0
0
0
89
0
0
0
0
4
0
4
4
0
0
0
0
0
0
1
0
0
0
0
10
0
0
0
0
0
0
0
0
0
3
0
11
0
0
0
0
0
391
0
0
0
429
0
0
0
0
0
0
0
0
0
0
0
0
0
6
0
0
0
0
0
0
0
0
385
385
0
0
0
0
0
0
0
0
0
0
0
0
0
0
0
0
0
385
0
0
0
0
0
0
0
0
6
0
0
0
0
0
0
385
0
0
0
385
0
0
0
0
0
0
0
0
0
385
0
0
0
0
0
0
6
0
0
0
0
0
0
0
0
385
385
0
0
0
0
0
0
0
0
0
0
0
0
0
0
0
0
0
385
0
0
0
0
0
0
0
0
6
0
0
0
0
0
0
0
0
385
385
0
0
0
0
0
0
0
0
0
0
0
0
0
0
0
0
0
385
0
0
0
0
0
0
0
0
6
0
0
0
0
0
0
0
0
385
385
0
0
0
0
0
0
0
0
0
0
0
0
0
0
0
0
0
385
0
0
0
0
0
0
0
0
6
0
0
0
0
0
0
0
0
0
385
385
0
0
0
0
0
0
0
0
0
0
0
0
0
0
0
0
0
385
0
0
0
0
0
0
0
0
391
0
2
0
0
0
0
0
0
0
0
0
385
385
385
385
385
385
0
0
0
0
0
0
0
0
0
0
0
0
0
0
0
0
0
0
0
0
0
0
0
0
0
0
0
0
0
0
0
0
0
0
0
0
0
0
0
0
0
0
0
0
0
0
0
0
0
0
0
0
0
0
0
0
395
17
386
0
0
0
0
0
0
0
0
0
391
391
391
391
391
391
391
391
391
0
0
0
0
0
0
0
0
0
0
0
0
0
0
0
0
0
0
0
0
0
0
0
0
0
0
0
0
0
0
0
0
0
0
0
0
0
0
0
0
0
0
0
0
0
0
0
0
0
0
0
0
0
0
0
0
0
0
0
0
0
0
0
0
0
0
0
0
0
0
0
0
0
0
0
0
0
0
0
0
0
0
0
0
0
0
0
0
0
0
0
391
0
0
0
0
0
