5
11
0
12
6
10
0
6
2
12
15
5
0
0
11
6
25
1
3
0
19
6
10
0
17
31
2
15
0
0
0
1
0
5
6
3
9
6
7
0
0
9
20
4
10
0
0
14
1
13
66
0
0
5
49
79
3
1
5
2
3
5
0
5
6
59
6
16
0
6
1
2
0
21
49
2
84
3
49
0
5
16
8
0
8
15
1
6
16
11
16
0
0
34
0
0
1
0
16
5
20
16
3
51
2
49
0
6
4
0
0
2
71
7
0
0
21
15
22
3
0
16
16
6
7
0
3
7
1
0
1
1
1
7
5
0
6
0
21
6
0
49
0
55
16
5
1
0
18
0
0
0
5
0
16
0
0
0
0
9
6
18
0
16
11
7
0
8
0
0
12
0
65
34
63
6
3
0
4
1
6
1
0
0
2
4
21
0
0
7
2
14
1
6
0
6
7
10
0
7
0
160
16
16
101
26
3
5
15
1
6
0
6
0
0
0
0
0
3
2
0
0
11
16
5
0
3
0
0
13
15
0
2
0
1
6
17
0
0
6
15
9
0
15
4
0
20
0
1
143
11
4
15
5
8
0
6
0
0
93
17
20
9
26
7
1
0
14
6
0
3
3
0
0
1
0
9
5
9
21
0
0
4
15
2
0
0
2
0
0
0
8
20
4
0
5
6
5
2
2
0
16
7
5
155
20
22
11
9
0
11
7
5
6
6
391
0
5
15
8
0
13
6
13
0
1
6
0
12
7
35
0
2
2
0
8
10
391
20
0
0
0
17
8
6
1
17
1
0
16
51
0
1
13
22
0
0
8
2
15
2
0
0
11
0
0
0
6
11
0
0
0
6
0
6
0
16
391
10
1
12
0
397
6
0
0
1
0
9
1
0
0
8
49
6
0
0
15
0
7
1
0
4
0
15
4
0
63
9
1
6
15
0
12
0
6
0
20
0
22
0
6
10
0
0
9
8
4
25
0
4
17
0
0
0
1
0
1
6
0
0
13
0
0
0
1
0
3
20
2
0
72
15
0
63
6
0
