3
0
0
0
0
4
6
0
0
0
0
0
0
1
1
1
2
0
16
0
2
0
0
10
0
0
15
0
0
0
0
0
0
0
0
0
0
0
0
0
9
6
6
20
15
16
0
0
27
64
1
15
6
2
2
0
0
0
26
4
24
0
8
5
0
0
0
10
0
0
0
22
4
29
5
10
0
0
6
19
0
72
28
81
124
89
0
1
17
0
7
10
0
0
12
0
0
83
5
23
0
0
15
64
4
4
0
4
0
4
5
4
46
0
1
3
9
2
14
5
68
1
8
5
5
4
6
0
9
0
11
0
11
10
0
4
0
1
0
0
0
9
0
1
1
13
0
9
5
8
63
5
0
0
0
0
0
0
0
0
0
0
0
0
5
5
11
1
0
9
36
0
5
2
60
0
1
16
15
0
0
27
27
0
5
15
0
0
0
0
0
6
0
1
0
0
0
0
0
4
0
6
0
0
12
8
3
0
0
34
1
15
3
0
10
3
2
2
64
0
1
0
11
0
0
4
0
1
22
5
4
0
10
9
4
19
69
134
18
0
5
69
70
12
63
0
69
0
6
0
3
1
0
21
1
0
30
5
1
9
49
0
7
25
0
7
0
0
6
0
12
11
0
49
0
31
12
114
0
0
3
3
0
0
0
12
6
0
0
0
0
14
0
5
6
5
0
7
15
18
5
6
0
3
0
13
9
0
6
7
0
0
19
11
21
483
10
0
5
0
5
0
0
6
0
5
25
16
57
9
0
0
0
0
