55
11
0
1
17
6
0
2
123
37
0
85
46
37
2
39
45
1
1
0
37
1
40
5
2
9
0
88
1
15
2
35
0
0
157
16
20
0
12
11
30
11
0
0
42
0
68
34
70
0
21
83
91
66
0
22
0
26
0
66
54
0
28
74
25
89
16
0
4
79
1
0
21
5
71
2
95
2
40
10
5
0
0
0
0
0
0
0
0
0
0
0
0
0
0
5
15
5
0
0
0
0
0
0
0
0
0
5
0
0
0
0
0
0
0
1
36
43
0
26
5
1
22
49
10
0
0
0
0
0
0
5
1
0
0
0
0
0
0
0
0
1
0
0
0
75
0
0
11
0
120
1
1
20
0
34
37
16
40
0
0
0
21
1
0
121
33
229
35
0
5
5
5
0
1
8
0
9
0
0
321
35
1
9
128
84
5
20
20
56
56
26
0
0
53
0
9
0
20
0
0
41
0
14
1
0
25
6
1
26
20
2
0
25
0
5
59
3
2
0
0
0
0
25
25
0
9
0
0
0
0
0
0
0
0
0
25
0
0
25
0
0
0
0
9
0
0
0
0
0
13
79
42
1
22
0
0
22
24
38
11
17
111
0
10
16
25
0
0
0
9
3
0
16
26
0
0
0
0
0
0
0
9
0
0
0
1
37
1
19
68
4
4
0
37
0
16
0
0
0
0
0
0
0
9
49
114
0
0
0
1
36
1
1
1
1
0
1
22
0
1
0
20
23
16
23
1
0
67
37
83
11
6
6
69
8
6
3
19
1
19
1
34
5
5
28
1
5
5
22
9
0
37
0
11
19
14
95
104
49
90
4
13
11
24
6
37
124
0
9
64
0
6
6
36
2
34
0
11
6
10
14
0
5
0
8
20
21
150
22
11
42
26
8
89
21
6
87
16
26
0
37
6
32
0
37
0
20
0
2
14
0
1
20
1
3
3
6
5
0
9
129
4
9
29
38
9
1
23
4
36
0
134
22
35
20
0
31
2
155
1
12
0
45
22
5
25
4
202
22
23
0
34
5
123
0
106
6
14
0
0
0
0
13
9
0
0
0
0
0
0
0
0
0
10
3
9
0
0
0
0
0
0
0
0
0
16
3
46
0
0
0
9
0
0
0
0
0
0
0
0
0
22
9
0
0
0
0
0
0
0
0
0
0
9
1
10
23
20
0
29
0
0
0
0
67
39
0
0
0
13
0
0
0
0
0
37
37
0
25
25
0
9
0
0
0
0
0
0
0
0
0
13
14
0
25
25
0
0
0
0
0
0
0
9
0
0
0
0
0
22
0
20
5
0
0
1
0
0
0
0
0
0
0
0
0
0
0
0
0
0
0
0
0
0
0
0
0
0
0
0
0
0
0
0
0
0
0
0
15
0
0
1
0
0
0
0
0
0
0
0
0
0
0
0
0
0
0
1
0
0
0
5
9
5
0
0
0
1
1
1
1
1
1
1
1
1
1
0
1
1
1
0
0
0
0
0
0
0
0
0
0
0
0
1
0
0
5
5
0
0
0
0
0
0
0
0
0
0
0
0
0
0
0
0
0
5
4
