6
0
0
25
0
1
2
68
4
24
6
1
15
74
64
6
2
0
4
64
64
14
156
18
76
3
65
97
0
58
2
75
5
27
0
0
0
0
0
93
0
0
1
8
12
83
22
27
21
0
7
1
0
6
17
22
0
7
0
6
1
0
6
94
449
13
64
0
459
32
0
407
5
0
388
388
392
21
15
15
0
1
117
0
1
8
10
19
12
106
8
8
117
398
0
22
117
10
0
48
0
1
0
23
8
2
16
0
5
20
15
15
19
0
0
0
17
1
1
1
0
25
1
21
9
2
3
121
0
0
34
5
3
10
0
0
0
2
4
4
7
66
6
3
0
20
12
0
22
17
0
21
0
0
0
0
0
0
0
0
0
0
0
0
0
29
1
12
4
0
24
20
0
0
2
23
14
0
8
10
0
1
0
0
0
0
0
0
0
0
0
0
0
59
1
0
65
0
59
2
4
76
6
5
12
66
75
1
64
1
0
0
0
0
0
0
0
0
0
0
2
22
1
21
5
32
84
99
9
4
84
0
26
4
85
7
5
69
0
0
1
37
1
63
26
3
1
2
1
70
1
0
4
3
1
26
21
7
21
2
26
22
27
5
7
22
7
6
0
0
12
6
6
21
0
8
10
21
7
4
14
391
21
8
14
25
3
6
6
16
16
3
21
1
3
37
7
14
7
2
32
93
10
0
417
18
12
17
15
5
19
27
6
14
7
14
21
0
63
76
21
5
30
7
0
2
392
38
6
91
6
13
22
0
16
18
0
41
20
391
14
129
6
7
12
21
7
6
3
14
0
97
14
6
7
21
12
28
13
7
122
396
12
63
63
5
7
391
10
7
391
0
51
6
5
6
11
20
0
0
2
1
0
0
2
455
0
0
0
0
0
0
0
0
0
0
0
0
79
0
0
0
0
0
0
0
0
0
0
0
0
20
0
