68
0
3
0
122
0
406
70
64
395
88
80
92
39
59
1
5
68
429
451
0
474
6
72
127
59
474
33
385
395
385
70
405
575
511
104
0
68
0
0
0
0
0
0
6
68
63
10
96
65
38
468
427
13
40
385
5
448
425
0
562
385
391
387
15
12
391
5
0
9
463
68
69
5
68
63
390
21
20
65
34
11
89
30
0
1
63
23
24
6
14
15
5
0
70
64
5
117
0
6
0
6
0
64
19
8
5
68
415
405
20
10
385
519
1
0
0
463
69
13
0
11
200
487
0
550
482
385
4
0
41
10
95
62
76
131
9
390
0
2
435
68
5
3
400
478
62
74
483
0
64
127
143
0
2
7
0
10
493
415
399
0
17
0
0
0
0
0
0
0
5
5
0
0
0
0
0
0
0
0
0
0
0
0
68
129
0
0
68
84
0
10
390
461
144
1
386
393
532
453
63
1
16
410
64
0
63
68
385
412
0
12
5
35
121
385
220
576
0
1
10
0
64
73
88
0
0
63
63
72
79
127
8
15
1
108
0
2
5
561
69
12
64
3
0
29
0
0
0
129
0
5
14
9
39
63
64
449
3
18
73
6
0
65
2
64
4
395
1
306
19
8
8
95
402
16
2
11
8
9
385
110
0
30
58
28
10
18
6
0
0
29
1
0
40
0
26
6
443
37
62
0
3
63
1
0
62
438
27
16
188
0
391
130
0
69
0
10
0
91
0
24
0
58
2
22
399
13
4
0
15
0
29
16
2
1
29
4
231
0
63
1
0
4
207
0
10
30
63
10
386
10
387
47
6
417
0
415
6
63
2
555
64
386
152
385
61
1
4
3
60
0
16
1
0
63
0
4
0
4
25
31
9
141
6
0
