8
76
38
82
0
1
7
1
9
26
7
67
6
9
10
1
1
8
111
0
430
32
19
1
0
0
17
26
65
1
7
7
0
31
7
0
0
1
9
25
7
6
11
22
6
418
3
424
389
32
4
6
77
1
6
1
12
20
6
91
12
20
4
11
8
24
1
0
0
0
0
0
0
24
0
0
0
0
0
0
0
0
0
0
0
0
0
8
10
1
0
0
10
14
19
0
0
0
0
0
1
0
0
0
0
11
6
0
6
0
0
0
0
0
0
0
0
0
0
0
0
0
0
0
0
0
0
1
8
12
0
0
0
0
0
0
0
0
0
17
0
0
0
0
0
0
0
0
0
0
0
13
0
0
6
16
0
59
0
0
0
0
0
0
19
8
0
0
0
0
0
0
0
0
0
0
0
0
0
0
0
0
0
0
0
0
0
0
0
0
0
0
0
0
0
0
0
0
0
0
0
0
385
0
0
0
0
0
0
0
0
0
0
0
61
17
0
0
0
0
6
0
0
1
10
6
390
10
1
0
0
0
0
5
0
0
0
0
21
15
404
23
0
0
0
0
16
30
541
453
11
0
0
0
0
7
1
0
390
0
0
13
0
45
25
15
0
20
1
6
0
15
0
13
0
425
12
1
7
6
6
9
6
0
0
1
1
0
0
0
0
0
0
0
0
0
0
0
0
0
0
0
34
0
0
6
0
0
0
0
0
0
0
0
26
0
1
0
0
0
0
0
0
0
0
0
0
0
0
0
0
4
25
2
18
4
18
33
385
0
0
0
0
0
0
0
0
0
0
0
0
0
0
0
0
0
0
0
0
0
0
0
0
0
0
0
0
0
0
0
428
385
0
385
0
0
0
0
0
0
0
0
0
0
0
0
0
0
0
0
0
0
0
0
0
0
0
0
0
0
0
0
0
0
0
0
0
0
0
0
0
0
0
0
0
0
0
0
0
0
0
0
0
0
0
0
0
0
0
0
0
0
0
0
0
0
0
0
0
0
0
0
0
0
0
0
0
0
0
425
0
0
0
0
0
0
0
0
0
0
0
0
0
0
10
0
0
0
0
0
1
3
0
0
0
0
0
0
4
22
0
39
3
15
78
6
3
0
0
1
6
0
0
0
0
0
0
0
0
0
0
0
0
0
0
0
0
0
0
0
0
0
1
447
3
0
85
5
0
59
0
73
7
1
7
8
25
15
29
1
1
0
1
0
124
0
12
0
15
15
1
5
1
3
33
3
7
1
3
0
4
1
81
5
6
21
0
35
8
12
14
7
40
7
0
10
2
64
455
23
209
1
5
1
7
14
7
28
11
6
15
22
5
61
388
1
266
12
6
87
1
10
77
0
216
1
8
32
25
34
48
12
34
20
10
18
12
1
129
6
7
6
390
10
35
6
6
27
399
15
0
11
5
4
28
6
0
20
398
69
18
19
0
5
108
404
1
0
21
0
28
18
4
21
10
0
0
0
0
385
0
0
0
0
0
0
0
4
0
0
0
0
15
0
1
17
1
0
4
16
59
59
59
59
3
84
429
0
427
0
0
385
0
0
0
0
0
0
0
0
0
0
0
0
0
0
0
0
0
0
0
0
0
0
0
0
0
0
0
0
0
0
0
0
0
0
0
0
59
0
0
0
0
0
0
0
0
0
0
0
0
0
0
0
0
0
0
0
2
0
0
0
0
0
0
0
0
0
0
0
0
0
0
0
0
0
0
3
425
0
0
0
3
385
385
0
0
0
0
0
0
0
0
0
0
0
0
0
0
0
0
1
18
0
