6
0
0
20
1
1
52
5
0
0
3
31
30
0
0
4
0
35
4
0
20
0
1
3
0
29
21
11
0
5
7
0
1
0
0
20
46
0
0
0
20
21
45
20
0
20
0
20
7
9
0
0
0
0
0
0
11
10
10
0
0
103
21
0
0
0
1
9
0
1
25
39
0
6
0
7
17
0
0
21
0
0
29
0
1
51
0
2
0
0
5
0
0
7
0
0
0
10
0
6
0
0
1
0
20
11
21
20
1
6
0
0
0
0
0
0
33
5
1
0
0
0
0
6
10
2
0
0
11
32
0
0
0
20
10
11
5
0
19
35
30
10
0
0
4
0
0
20
0
0
0
0
35
0
15
62
10
5
0
0
10
0
10
10
3
0
0
0
0
10
73
20
0
0
0
0
0
0
0
0
2
11
0
0
20
0
1
0
20
18
30
0
0
0
0
0
20
2
0
0
0
0
3
0
0
22
38
0
0
37
0
0
0
20
0
0
0
0
0
0
56
0
3
20
0
0
0
0
0
0
0
5
1
15
0
3
20
0
0
0
0
15
0
0
0
5
0
0
3
20
0
0
0
0
15
0
0
0
1
0
0
0
0
0
0
71
0
0
0
20
0
0
1
0
0
0
0
20
0
0
0
33
30
0
0
39
0
20
0
30
33
0
0
7
2
2
0
0
0
0
0
0
1
0
61
96
1
0
8
0
0
6
10
3
0
0
0
10
0
0
0
22
18
0
5
0
1
0
402
0
6
0
0
2
2
0
69
0
0
3
0
0
3
0
0
0
10
0
0
0
6
0
5
0
0
0
0
0
4
1
6
0
0
0
0
0
2
22
6
0
6
10
0
0
3
0
0
0
10
2
0
0
1
5
0
6
0
1
0
5
0
4
0
0
0
13
3
1
0
35
0
5
0
0
11
11
0
386
1
0
0
0
0
0
0
5
0
16
0
0
0
4
4
0
14
6
0
3
0
0
0
138
6
6
0
24
0
42
6
17
0
0
0
0
0
0
9
1
0
0
10
5
0
14
0
0
0
10
0
0
4
10
6
0
2
0
0
0
9
0
0
0
0
8
16
5
0
0
5
0
25
0
0
0
0
1
0
0
4
0
0
13
49
0
15
5
5
0
6
0
1
0
6
0
1
0
0
0
0
6
6
0
0
0
0
0
9
13
5
0
19
10
12
0
14
55
6
0
0
0
0
0
1
6
0
6
1
16
0
1
0
0
0
0
