1
14
1
0
1
52
15
0
0
13
24
57
0
28
3
8
37
26
34
5
21
5
0
20
52
0
24
49
23
0
1
5
0
0
5
0
60
36
49
3
0
0
0
0
414
150
79
0
25
430
0
11
23
84
23
49
30
423
21
25
0
30
0
0
0
0
0
5
20
0
0
0
0
0
0
0
0
13
1
0
0
0
0
0
0
0
6
0
0
0
1
0
0
13
1
45
0
0
1
0
0
9
1
0
9
6
1
0
1
0
0
0
0
0
0
0
0
0
0
0
0
0
9
434
0
0
1
5
5
23
10
19
0
19
0
1
22
19
11
4
83
0
63
9
30
12
6
10
0
0
0
0
0
0
0
0
0
0
0
0
6
0
0
0
0
0
0
1
0
0
0
0
0
0
0
0
1
0
0
0
0
0
0
0
8
0
0
0
0
0
0
0
0
0
0
0
0
0
0
0
0
0
0
0
0
0
0
0
0
0
0
0
0
0
0
0
0
1
3
21
0
0
0
0
0
0
0
0
0
0
0
0
0
0
0
0
0
0
0
0
0
0
0
0
0
0
0
0
0
0
0
0
0
0
0
0
7
7
2
0
0
1
2
1
13
8
0
0
0
9
0
0
0
0
0
0
0
0
0
0
0
0
0
0
0
0
0
0
0
0
0
0
0
0
0
0
0
0
0
0
0
0
0
0
0
0
0
0
0
0
0
0
0
0
0
0
0
0
8
18
14
44
0
3
14
390
3
1
6
11
8
14
0
9
3
8
0
0
10
19
0
0
1
1
0
0
0
0
0
0
0
0
0
0
0
0
0
0
0
0
0
0
0
0
0
0
0
0
0
0
0
0
0
0
0
0
0
0
0
0
0
0
7
0
32
0
0
0
0
18
12
18
0
0
0
11
0
1
8
0
0
10
8
0
0
35
3
0
11
0
0
0
0
0
0
0
0
0
0
0
0
0
0
0
0
0
0
0
0
0
0
0
0
0
0
0
0
0
0
0
0
0
0
0
0
0
0
0
0
0
0
0
0
0
0
0
0
0
0
0
0
0
0
0
0
15
0
15
15
0
0
0
0
0
0
0
0
0
0
0
7
0
0
0
0
0
1
0
0
0
0
0
0
0
0
0
0
0
0
0
0
0
0
0
0
0
0
0
0
0
0
0
0
0
0
0
0
0
0
21
8
8
8
6
10
385
1
0
0
1
1
22
0
19
29
0
0
1
11
406
7
25
27
6
4
4
7
97
89
1
11
4
320
4
7
15
15
13
21
0
33
0
12
21
17
0
85
449
25
2
0
5
47
16
104
0
0
98
0
0
6
9
8
1
1
0
12
5
75
60
15
14
19
36
0
0
41
6
5
29
9
5
1
6
7
10
6
14
5
4
0
57
63
5
94
21
7
34
15
17
34
72
6
26
408
1
12
385
67
0
5
17
0
385
14
236
0
0
18
30
8
6
6
13
24
23
83
0
9
9
0
0
1
12
0
1
0
13
14
22
385
37
20
1
0
0
0
8
0
14
0
8
1
8
8
0
8
8
8
0
0
0
1
0
0
0
1
0
0
8
2
0
0
0
6
6
0
0
6
0
1
0
0
0
14
0
25
0
0
0
13
6
8
0
0
8
0
0
0
6
8
1
0
0
0
0
0
0
0
0
0
0
0
0
0
0
0
0
0
0
0
0
0
0
0
0
0
0
0
0
0
0
0
0
0
0
0
0
0
0
0
0
0
0
0
0
0
0
0
0
0
0
0
0
0
0
0
0
0
0
0
0
0
0
0
0
0
0
0
0
0
0
0
0
0
0
0
0
0
0
0
0
0
0
0
0
0
0
0
0
0
0
0
0
0
0
0
0
0
0
0
0
0
0
0
0
0
0
0
0
0
0
0
0
0
0
0
0
0
0
0
0
0
0
0
0
0
0
0
0
0
0
0
0
0
0
0
0
0
0
0
0
0
0
0
0
0
0
0
0
0
0
0
0
0
0
0
0
0
0
0
0
0
0
0
0
0
0
0
22
0
0
0
0
0
15
0
0
0
0
0
0
0
0
0
0
0
0
0
0
0
0
0
0
0
0
0
0
0
0
0
0
0
0
0
0
0
0
0
0
0
0
0
0
0
0
0
0
0
0
0
0
0
0
0
0
0
0
0
0
0
0
0
0
0
0
0
0
0
0
0
0
0
0
0
0
0
0
0
0
0
0
0
0
0
0
0
0
0
0
0
0
0
0
0
0
0
0
0
0
0
0
0
0
0
0
0
0
0
0
0
0
0
0
0
0
0
0
0
0
0
0
0
0
0
0
0
0
0
7
