35
4
0
0
40
23
0
70
0
33
0
2
6
0
1
35
7
20
18
68
6
11
4
0
27
0
17
0
42
1
15
64
75
1
0
36
42
2
0
13
20
75
0
0
55
7
2
5
9
0
33
0
10
15
1
96
21
0
7
26
0
0
1
21
0
0
0
0
3
0
0
0
0
0
0
0
0
0
0
0
0
0
0
2
21
0
0
25
10
8
1
11
0
3
15
16
0
1
2
0
9
4
3
0
2
0
28
1
0
0
0
0
0
35
20
0
0
0
0
0
1
16
63
57
1
10
1
20
101
3
17
0
12
0
0
0
0
0
1
0
0
0
0
5
1
0
0
0
2
0
0
0
0
0
0
0
0
0
5
0
1
0
0
4
1
1
0
1
0
0
0
0
5
0
0
0
0
0
5
0
0
0
0
0
2
5
2
3
0
0
0
5
0
2
0
0
0
0
0
0
0
94
1
3
2
0
37
0
0
0
0
7
3
1
3
0
0
0
0
0
8
0
3
0
1
2
0
0
0
0
0
0
0
0
0
2
0
0
0
0
0
2
0
0
0
0
39
0
0
0
4
6
0
0
0
0
0
1
0
0
0
22
20
2
0
0
6
8
33
41
0
0
0
0
0
0
0
0
0
0
0
0
1
3
1
2
0
0
0
1
2
1
50
59
0
0
0
0
0
0
0
0
0
0
33
0
0
33
0
33
0
33
0
33
0
0
0
1
60
0
62
0
35
60
0
69
1
1
1
0
20
0
8
0
102
0
34
1
8
14
0
11
95
23
14
25
0
35
9
23
0
64
97
5
23
24
85
21
13
28
26
37
0
21
9
6
7
31
33
395
48
22
448
37
11
22
25
0
23
13
0
2
25
5
11
0
16
3
31
9
6
0
33
25
