0
129
188
0
46
0
9
0
0
1
29
31
0
117
49
0
0
0
10
0
1
1
0
11
43
117
209
137
0
4
17
15
50
1
11
1
11
0
0
0
6
20
0
1
0
26
5
23
117
9
2
1
0
0
0
0
6
23
30
0
0
7
0
15
0
0
0
0
0
15
1
0
0
0
0
80
72
0
1
7
0
0
9
1
0
0
0
36
1
0
0
30
0
0
0
0
0
0
0
0
0
0
0
0
0
0
0
0
0
0
0
0
0
0
0
0
0
0
0
0
0
0
0
0
23
117
23
23
8
0
10
27
15
20
1
1
0
0
0
0
9
7
24
62
33
38
0
0
0
0
0
0
26
0
0
129
0
1
11
10
0
117
31
1
22
32
7
67
29
0
40
174
130
10
0
23
1
62
7
6
2
0
12
0
7
25
0
5
0
9
103
20
2
37
33
59
19
9
0
4
0
0
0
59
0
2
12
127
12
117
0
9
0
6
0
0
7
5
0
22
78
0
18
0
6
0
18
131
0
1
0
15
0
3
0
0
15
0
0
138
476
0
64
9
0
0
6
10
0
0
0
0
0
0
0
0
0
0
0
1
0
0
0
0
16
20
83
39
0
67
5
117
10
117
30
0
19
117
23
14
185
0
0
4
38
1
0
26
9
0
19
7
99
10
20
6
12
0
6
117
0
14
5
1
0
1
9
0
0
11
19
1
0
12
1
208
1
6
59
41
24
1
5
60
0
6
101
2
11
0
101
5
22
47
57
0
21
9
16
5
2
17
0
124
6
1
41
5
5
19
0
1
18
19
0
20
13
25
1
16
10
5
14
0
0
6
9
8
5
104
0
20
53
7
13
11
17
56
0
0
7
25
28
32
27
27
5
18
60
8
6
60
1
14
60
1
0
13
7
5
8
0
224
1
10
234
20
13
148
9
52
1
182
16
18
264
5
61
0
106
6
6
1
204
6
131
0
10
6
