1
205
0
0
6
7
1
1
20
22
0
0
121
0
26
1
10
30
0
0
0
6
0
17
2
6
5
0
0
5
8
6
1
20
22
1
12
1
19
0
0
0
0
21
0
0
1
0
0
2
3
31
0
4
4
10
4
4
4
9
1
0
6
0
1
0
99
0
0
2
117
4
0
5
0
39
3
81
0
0
6
5
0
21
1
0
0
8
4
122
0
5
5
1
28
0
0
0
0
0
0
0
0
0
21
0
0
0
0
0
20
1
7
1
22
0
0
0
8
1
0
0
1
26
0
0
0
0
0
2
0
0
0
0
0
0
7
2
0
0
0
0
0
6
0
1
2
4
1
1
0
58
1
1
21
1
1
1
2
0
27
0
0
0
0
0
0
0
0
0
0
11
6
0
0
0
0
0
0
0
0
0
0
0
0
0
0
1
10
12
1
0
0
1
0
6
0
0
0
0
1
105
33
18
2
2
0
1
0
107
0
12
0
102
0
0
0
0
8
10
7
0
7
6
15
26
21
53
6
0
6
34
702
514
149
19
15
6
156
556
0
18
0
5
0
0
657
14
0
0
0
0
0
0
0
0
514
0
0
20
9
20
1
6
0
414
1
0
129
516
59
0
0
514
0
0
0
0
0
59
28
54
1
1
0
0
0
129
129
0
129
129
135
21
53
0
0
51
11
1
0
4
1
1
6
1
59
7
7
7
7
84
130
56
7
8
0
20
11
3
8
0
7
0
2
0
0
0
0
0
0
0
0
0
0
0
0
0
0
0
0
0
0
0
0
0
0
0
0
0
0
0
129
0
6
0
0
0
0
0
0
0
0
0
0
0
0
0
0
0
0
0
0
0
0
1
0
0
2
35
0
0
0
0
3
0
0
0
0
20
0
21
2
55
0
0
0
0
1
2
64
14
420
6
1
0
2
20
28
10
6
22
425
27
160
5
10
12
0
10
11
450
68
12
5
10
18
25
88
4
14
16
0
19
0
9
30
0
9
93
25
7
7
205
0
5
10
11
10
0
1
30
9
2
29
14
27
2
73
9
6
22
1
137
3
6
11
4
20
101
21
22
12
7
36
9
144
0
5
211
4
1
7
1
5
159
4
83
0
52
9
6
8
6
21
6
0
0
38
6
11
5
13
6
12
11
133
13
6
226
76
22
3
69
7
11
7
212
1
58
20
13
83
25
8
6
9
4
3
1
37
0
5
158
0
0
111
12
79
6
12
281
10
210
1
221
20
0
90
5
0
127
0
14
162
10
0
