0
27
27
0
3
0
1
0
3
1
1
0
1
0
12
0
1
0
9
0
0
0
0
0
10
1
0
17
0
1
26
20
2
0
0
0
0
0
0
0
0
0
0
0
0
0
0
0
0
0
0
0
0
1
0
0
0
0
0
0
0
0
3
0
0
0
1
3
84
0
0
5
0
0
0
0
0
0
0
1
0
0
0
0
0
16
14
1
1
0
0
0
0
1
5
0
0
0
12
0
1
0
2
17
0
0
0
0
0
0
0
0
16
0
0
5
5
0
5
0
0
5
0
0
0
0
0
0
59
2
0
0
79
0
0
49
0
10
0
5
0
0
0
0
6
0
20
2
6
0
0
0
0
0
2
7
0
0
0
0
0
84
1
0
571
0
0
2
7
0
90
0
430
386
5
2
1
0
5
1
1
0
99
0
0
0
0
0
0
0
0
1
0
0
0
1
7
0
0
0
1
28
1
1
0
9
2
0
0
2
0
388
1
4
392
20
1
0
5
0
5
0
17
7
6
0
5
0
11
3
0
6
0
0
0
0
0
0
0
2
0
0
0
0
0
2
394
0
1
0
0
20
0
0
1
0
69
9
22
5
84
22
0
1
0
2
61
0
16
0
21
1
30
4
0
0
20
0
0
11
22
0
0
70
386
69
23
9
0
11
19
0
0
46
2
6
1
0
1
16
5
391
0
11
0
13
30
27
9
8
5
13
65
15
5
166
0
0
5
166
0
0
5
0
433
386
1
0
0
0
0
12
185
2
0
5
1
8
0
22
8
0
1
0
0
0
1
0
0
6
1
402
11
7
15
56
12
