1
5
0
4
4
58
12
1
1
3
0
32
2
41
1
1
4
0
9
20
24
0
12
2
26
0
4
31
38
21
0
120
6
29
70
110
0
50
0
0
1
23
43
0
21
21
0
12
0
3
1
0
12
3
12
7
0
0
7
2
0
5
0
0
0
0
1
0
0
0
0
0
0
0
0
0
0
0
1
0
5
3
0
1
0
0
0
6
2
15
0
0
0
0
0
1
0
0
0
0
0
0
0
0
0
0
0
0
0
15
15
16
0
0
0
0
0
0
0
0
0
0
0
27
8
5
0
0
0
0
87
6
0
0
0
0
0
0
0
0
0
0
0
0
0
0
0
0
0
0
0
0
15
0
0
0
0
0
0
0
0
0
0
0
0
0
0
0
16
2
0
0
0
0
0
0
0
103
2
2
29
0
104
1
0
5
0
99
1
3
0
0
0
1
0
0
0
0
0
0
20
0
0
40
3
1
0
0
0
5
20
16
0
0
1
2
7
6
2
0
0
21
1
0
0
0
0
0
0
0
0
1
1
0
0
53
1
0
0
25
17
0
35
35
7
1
0
193
90
1
56
69
55
0
0
35
0
0
0
104
38
30
12
58
40
0
35
21
0
2
12
0
33
7
0
0
12
63
0
0
0
0
0
0
0
0
0
63
40
0
0
0
0
0
3
49
0
2
0
102
2
0
68
33
2
3
6
35
0
0
4
1
0
0
25
35
36
0
0
1
21
0
0
0
0
24
1
0
0
20
0
0
35
35
64
81
64
1
5
1
1
1
6
98
21
12
2
25
27
0
0
1
1
51
81
16
0
15
0
3
0
25
5
92
53
0
21
7
1
108
1
0
0
28
0
0
1
5
55
3
0
9
10
0
0
14
0
0
3
0
10
17
8
5
1
15
19
0
14
6
0
0
20
0
7
3
1
2
12
11
2
0
0
6
8
7
8
1
0
8
7
2
1
16
0
1
8
22
0
38
5
410
0
11
8
8
3
14
1
5
6
0
7
7
0
2
0
0
20
4
0
0
9
9
0
33
0
6
13
22
42
58
12
17
5
7
7
116
0
412
6
14
8
0
2
0
1
0
131
8
10
7
1
25
53
7
44
1
6
6
1
0
16
0
1
6
1
0
34
0
9
6
38
0
106
5
13
2
5
13
6
0
32
2
35
6
12
1
0
392
10
2
1
33
27
5
65
1
31
16
31
1
84
11
21
37
9
1
25
1
1
15
0
0
0
0
15
0
0
0
0
15
0
0
0
0
15
0
0
0
7
8
8
1
8
1
0
0
1
1
0
1
0
1
2
2
1
0
2
10
10
2
10
2
10
0
0
2
0
10
15
0
0
0
0
15
0
0
0
0
15
0
0
0
37
1
1
1
1
1
0
1
1
0
13
13
0
7
4
8
6
1
4
6
6
1
0
6
1
0
0
0
6
1
0
6
0
13
0
1
0
0
0
0
0
7
40
0
35
0
9
0
1
0
8
9
1
1
35
90
16
37
66
90
36
93
10
46
63
33
7
0
0
0
0
0
0
0
0
0
0
0
90
