22
121
0
23
15
41
22
9
70
131
12
0
87
125
21
11
0
33
0
15
26
130
1
7
39
0
104
99
0
22
38
24
21
13
16
41
75
48
7
0
0
69
24
12
101
3
0
134
22
41
0
0
1
0
2
0
0
0
0
0
70
69
2
31
1
0
0
0
6
27
1
1
0
0
0
0
0
0
0
11
12
1
28
53
2
1
16
11
0
6
6
17
0
0
0
0
35
3
1
13
0
2
0
0
0
1
0
0
0
0
1
22
0
0
0
0
0
0
153
0
0
0
0
0
0
0
0
0
0
0
0
0
0
0
0
0
0
0
0
0
0
0
0
0
0
0
0
0
0
0
0
0
48
36
95
9
0
87
0
91
0
37
23
86
26
7
1
0
0
0
0
6
6
0
12
0
0
0
0
16
2
0
1
90
49
0
0
0
0
0
0
0
0
0
0
0
0
0
63
63
33
6
9
0
0
0
0
0
0
63
0
0
0
0
63
0
0
0
0
0
33
36
0
117
33
33
122
47
1
10
0
0
37
0
18
41
21
96
6
84
68
0
0
0
63
0
0
0
0
0
0
42
42
24
0
64
0
7
4
6
9
76
0
16
63
96
0
0
49
22
119
20
64
89
21
100
48
15
20
0
0
63
6
3
0
0
0
0
0
0
6
0
0
0
96
18
0
43
1
0
9
0
67
63
0
132
123
0
15
25
128
0
117
59
0
0
1
0
0
0
0
0
0
0
0
0
0
0
63
0
0
0
0
0
0
0
0
59
68
63
68
136
0
6
7
20
63
0
24
16
23
83
128
1
22
15
94
5
21
1
1
99
15
0
5
22
0
1
0
63
0
9
0
2
15
0
22
36
7
107
1
4
0
15
13
6
492
8
12
6
16
21
1
22
1
0
31
7
24
19
6
15
19
110
26
3
26
15
0
0
7
18
104
1
6
114
18
8
10
24
15
83
56
14
7
1
18
25
1
22
64
455
14
136
21
13
118
18
6
6
44
16
21
8
25
123
15
14
12
15
5
2
0
171
42
1
101
26
23
21
14
16
9
20
21
6
179
27
32
25
15
0
0
93
21
20
0
20
0
2
34
20
11
28
6
87
24
12
38
1
5
0
0
0
0
0
0
7
78
21
9
5
5
22
7
31
9
0
128
15
0
64
7
336
0
21
14
134
1
121
21
5
113
25
0
0
0
0
0
0
0
0
2
2
0
0
0
63
0
0
33
1
0
10
0
0
0
0
0
0
0
0
0
0
0
0
0
0
0
0
0
0
0
0
0
0
0
0
0
0
0
0
63
63
33
64
0
6
5
0
6
0
0
0
0
0
0
15
