0
0
2
0
0
2
4
0
0
552
0
4
4
155
5
9
0
2
2
54
175
549
0
561
0
0
0
0
0
552
1
0
0
0
0
0
0
0
0
3
14
6
405
0
0
26
4
472
106
1
7
0
2
15
0
5
0
8
0
1
0
0
1
10
0
130
0
0
10
0
0
0
0
0
10
20
0
3
4
10
3
25
0
10
0
0
0
0
0
0
3
5
1
21
0
1
432
4
0
28
27
1
0
0
0
0
0
0
0
1
15
5
0
0
6
0
0
0
0
36
0
0
0
0
0
1
0
0
0
0
0
29
7
44
29
7
21
20
1
2
35
29
0
35
1
16
489
403
521
0
9
0
0
0
0
0
0
0
6
0
0
0
0
0
6
0
0
0
0
0
0
0
0
0
0
2
0
9
3
1
20
69
82
59
14
10
11
0
1
0
0
47
0
171
0
439
0
0
0
0
0
25
0
0
0
0
0
0
0
0
0
0
0
0
0
0
0
0
0
0
0
0
0
0
0
1
181
27
507
1
450
450
6
0
9
0
0
0
0
15
0
1
484
433
3
2
0
0
0
0
1
0
0
0
0
0
171
0
439
0
425
0
28
0
0
0
0
0
0
0
0
0
0
0
0
0
0
0
0
0
0
0
0
3
0
1
2
0
7
149
25
26
5
13
455
411
0
432
404
34
0
15
404
432
0
0
0
0
0
0
0
0
0
0
0
0
0
0
0
0
0
0
0
0
0
0
0
0
0
0
0
0
1
0
11
13
0
0
3
0
21
0
5
1
9
4
1
1
0
1
0
3
0
9
15
12
11
0
0
0
0
0
25
25
25
0
0
0
10
0
0
0
0
0
0
0
0
0
0
0
0
0
0
0
0
0
0
0
0
0
0
0
0
0
25
0
0
0
28
1
0
0
0
121
408
34
0
36
1
0
0
1
1
2
0
6
16
9
1
14
0
1
9
42
2
0
3
0
5
3
0
10
214
0
12
3
13
103
6
24
5
9
62
6
64
455
33
7
12
17
6
12
89
38
7
6
0
12
390
1
9
0
6
11
16
0
18
20
11
0
38
1
60
34
12
17
35
28
10
5
2
22
126
6
92
4
0
28
21
63
4
7
28
22
17
7
116
0
2
19
207
4
120
426
0
1
17
9
21
14
20
25
4
0
12
59
7
11
5
12
33
4
0
6
0
8
5
0
9
0
6
0
8
1
20
48
45
13
6
10
0
0
37
15
44
0
4
0
6
12
390
5
12
11
0
23
14
0
34
0
13
34
11
27
6
69
16
10
9
0
6
11
29
32
0
6
25
16
81
0
9
0
1
25
119
24
15
404
21
1
54
12
108
615
0
0
27
0
0
0
0
0
1
0
0
0
8
0
0
1
25
1
0
0
0
0
0
20
20
5
0
0
0
0
0
0
0
2
2
0
0
0
0
0
0
1
33
48
0
