0
1
2
5
0
0
21
20
0
0
0
20
1
13
29
1
20
1
0
5
0
0
0
0
243
0
0
17
1
0
81
5
0
0
2
0
6
4
1
20
0
407
9
0
0
5
20
0
20
7
0
0
11
0
0
10
11
0
0
0
0
0
0
0
0
0
0
5
0
10
12
0
23
218
0
0
0
0
0
0
0
2
0
0
3
0
5
0
54
8
2
2
0
1
0
0
0
3
0
0
0
0
0
0
0
0
0
1
0
0
0
0
20
0
0
0
0
5
0
1
1
0
406
25
0
0
1
20
6
416
385
0
0
0
0
0
19
6
6
0
6
0
5
385
405
400
0
0
385
0
0
0
0
0
6
2
0
0
0
0
0
0
0
0
0
0
1
1
0
1
0
0
0
2
1
0
0
36
27
0
0
0
21
0
518
399
12
1
413
6
0
0
118
401
0
0
412
386
0
0
385
0
0
0
0
0
0
0
0
0
385
0
3
0
15
53
0
8
405
385
18
57
20
6
0
0
393
6
385
0
0
0
0
0
0
0
0
0
0
0
83
81
385
0
0
0
385
0
49
0
0
0
0
0
0
0
0
0
0
0
0
0
0
0
0
0
0
0
0
0
0
0
5
5
494
385
0
385
0
29
348
0
0
0
25
194
0
81
44
117
69
0
10
0
4
101
20
31
411
3
5
20
20
20
0
0
0
21
22
0
81
6
300
0
0
204
5
333
0
11
121
21
50
0
64
449
99
11
25
20
61
21
20
1
70
2
12
0
1
12
1
0
0
0
12
1
50
24
8
0
102
0
104
2
213
10
14
23
5
5
42
20
46
20
22
20
6
87
20
97
11
104
6
0
75
18
0
126
90
85
56
103
0
13
411
29
0
117
0
0
233
0
93
41
21
15
22
224
1
86
3
91
3
137
21
285
0
173
1
154
0
20
142
9
174
0
93
11
