0
0
12
0
0
2
0
4
0
0
2
39
0
0
15
0
0
0
0
4
1
0
1
0
0
1
0
0
0
1
2
0
0
0
3
5
6
0
0
33
0
0
0
0
0
0
114
10
0
0
0
4
0
0
0
0
21
1
0
0
1
0
10
0
0
0
0
0
4
0
0
6
0
1
0
0
11
22
12
21
0
20
22
32
150
17
0
26
17
89
47
6
5
10
37
0
8
1
18
21
16
10
10
16
39
10
24
26
10
26
10
24
13
0
10
27
0
24
0
17
0
0
0
2
0
0
14
5
4
7
52
0
0
0
0
0
0
0
0
5
0
4
0
0
4
0
0
4
0
0
0
0
0
0
0
0
0
0
0
0
4
0
1
26
1
0
10
37
118
120
55
75
88
20
62
41
174
54
9
0
22
0
111
153
34
21
153
34
21
9
0
0
0
0
0
20
29
0
73
0
0
1
0
0
1
0
0
1
4
0
153
153
1
10
2
0
46
39
42
0
59
39
0
43
0
0
0
0
0
6
0
0
0
30
0
0
0
0
0
3
0
0
0
0
0
0
0
0
0
28
0
47
0
1
0
0
0
21
22
2
0
11
20
1
9
1
153
11
85
98
14
111
111
1
120
20
20
52
82
154
33
0
11
164
46
12
12
0
11
21
45
49
16
1
0
39
0
39
33
120
21
39
0
3
44
0
3
0
1
39
0
1
14
1
3
112
6
10
0
1
1
4
1
2
1
0
0
9
0
0
0
4
75
0
61
1
9
0
5
0
10
38
9
0
0
33
62
11
1
8
10
10
19
0
6
0
0
6
0
1
0
17
0
3
1
7
0
6
0
16
0
16
0
7
0
3
1
1
16
0
2
0
32
0
5
0
0
15
1
18
0
4
0
0
0
0
6
0
0
0
0
0
0
69
0
3
0
0
3
0
10
1
10
0
0
3
4
15
0
16
0
0
4
0
10
10
18
0
20
60
3
0
0
9
0
0
65
0
8
10
9
0
1
2
13
0
0
9
0
0
0
0
20
0
0
0
0
3
3
0
0
13
153
20
10
20
75
161
45
0
45
0
0
0
7
11
7
0
33
0
83
85
135
0
3
0
75
75
0
78
10
42
120
0
10
148
108
120
52
0
0
0
95
194
61
17
45
0
13
120
75
