2
7
0
49
0
0
63
0
0
15
68
6
10
0
0
5
15
1
2
7
1
10
0
17
8
10
1
0
0
0
11
5
3
0
0
6
0
117
29
6
79
10
10
0
0
65
0
3
0
0
6
0
1
0
4
0
4
15
6
0
6
11
84
63
0
0
1
0
0
0
0
0
0
0
0
6
1
0
0
0
6
0
0
12
0
12
2
10
0
10
0
0
0
20
0
1
3
0
0
21
20
6
0
0
3
2
0
3
0
53
1
0
0
0
1
0
1
1
0
0
0
81
73
36
28
23
9
1
9
26
6
24
1
6
0
63
0
0
11
0
0
0
0
0
0
0
0
0
0
0
2
0
0
0
0
0
0
3
7
0
0
0
0
0
0
4
1
3
1
3
0
16
1
0
7
1
15
2
10
2
12
10
9
8
1
10
0
0
0
2
0
2
0
9
51
1
0
50
49
2
2
0
10
0
1
0
19
20
0
50
2
12
1
0
0
60
9
0
68
0
9
2
69
5
72
5
13
0
0
0
0
0
0
0
0
0
0
0
0
60
0
0
6
2
17
0
0
1
1
0
0
16
0
10
5
1
2
1
1
1
3
10
59
68
6
0
0
6
0
6
19
389
0
2
2
14
20
11
7
0
18
12
2
10
1
10
8
1
22
15
12
0
0
37
0
5
0
0
50
0
0
5
37
0
5
35
8
0
0
8
0
5
9
0
10
0
5
0
4
0
8
0
9
1
5
14
0
9
0
0
0
3
0
6
5
10
10
7
7
15
20
7
0
16
4
3
6
2
0
0
0
22
6
26
7
15
9
0
0
8
0
6
0
2
7
25
0
7
0
15
6
7
0
0
0
13
26
8
29
54
0
6
8
6
7
0
0
387
3
4
1
6
13
0
1
7
5
50
0
5
8
2
5
20
13
0
0
6
26
6
0
0
13
5
12
6
6
0
8
1
0
0
11
392
0
5
10
0
0
0
0
0
0
0
25
2
26
5
31
0
14
1
1
0
60
5
0
123
66
14
36
8
15
69
4
6
13
8
6
11
38
7
0
17
1
5
0
9
37
0
19
0
14
0
5
2
2
16
25
0
31
0
9
0
