6
0
11
0
0
0
20
30
1
9
0
0
6
0
0
0
8
0
5
3
8
0
2
14
0
0
0
6
17
6
0
6
0
0
21
3
0
6
10
30
10
0
0
0
0
0
0
0
0
0
0
0
0
0
2
6
0
0
0
3
3
0
6
0
0
0
0
0
0
0
0
5
0
0
1
1
3
0
8
3
4
66
22
1
0
0
41
7
1
2
0
22
0
20
4
0
11
17
9
5
10
1
0
20
5
114
38
0
69
0
9
1
2
0
0
10
0
0
0
0
64
0
0
1
2
0
0
0
0
0
40
0
36
0
0
0
38
0
6
26
0
15
5
0
0
14
0
0
1
1
5
1
21
0
0
0
0
0
0
0
84
0
20
5
0
1
2
77
0
0
0
550
1
1
69
1
0
0
0
65
0
4
0
0
0
0
0
0
407
424
0
65
25
0
1
1
20
84
0
64
0
3
21
20
3
99
25
20
11
0
0
1
10
0
0
0
0
0
0
0
0
3
1
0
0
2
1
2
83
25
405
0
16
5
0
0
75
1
24
117
0
3
0
3
0
29
3
0
3
35
0
0
4
3
0
81
0
1
0
18
0
4
4
84
0
0
9
0
0
0
20
6
1
2
26
3
1
9
1
0
1
561
69
1
10
2
0
5
5
0
0
6
4
13
18
5
13
39
0
5
11
0
30
6
9
14
0
1
1
4
20
87
9
32
0
1
12
94
0
6
0
7
0
436
0
440
0
109
405
1
119
9
12
6
1
2
3
1
12
14
5
7
6
0
1
6
0
3
0
0
0
6
0
0
1
0
0
0
0
7
0
6
17
10
6
148
6
24
7
11
6
0
28
162
5
137
7
8
6
0
0
6
0
0
0
1
6
0
0
0
0
69
0
0
0
66
0
6
0
423
423
21
14
21
452
9
0
0
0
13
0
3
0
0
0
4
2
1
13
20
0
0
90
29
4
0
92
0
0
85
3
0
0
