1
2
0
2
0
6
21
3
0
2
16
16
42
452
7
0
64
0
6
429
14
21
2
7
2
65
0
22
21
16
1
134
0
0
1
8
52
35
25
10
16
1
9
1
0
31
12
0
0
18
387
81
12
534
21
0
21
25
16
1
509
404
0
12
1
412
6
33
0
30
22
6
117
18
0
1
0
0
10
1
34
1
26
25
1
17
48
50
1
0
25
0
23
0
15
15
12
25
0
396
0
1
145
16
16
0
15
0
35
15
15
16
15
82
10
12
15
11
28
11
12
50
16
0
11
0
16
15
16
13
109
34
10
16
60
0
1
38
16
1
27
0
6
0
0
0
10
0
0
0
0
0
0
0
0
0
0
0
0
0
0
0
0
0
15
15
0
0
1
392
0
7
4
0
15
391
469
449
433
455
387
391
1
0
0
0
0
0
2
0
0
0
0
0
2
0
0
7
0
1
0
70
103
15
26
0
0
502
0
0
0
0
0
0
0
0
0
0
0
0
0
0
0
18
386
1
4
0
0
0
557
386
1
7
18
0
0
502
0
0
0
0
0
0
0
0
0
0
0
387
77
5
64
3
16
391
385
0
0
0
0
387
407
405
3
19
6
6
407
15
386
80
16
38
391
3
0
0
0
0
0
0
0
0
0
21
46
32
25
0
13
20
0
392
391
7
7
0
17
0
392
35
41
7
7
0
0
3
5
1
21
14
14
21
12
8
16
5
0
16
15
8
14
7
0
0
64
455
23
7
2
122
30
7
10
5
14
8
19
12
20
7
11
6
26
11
124
404
69
6
11
1
125
430
18
5
97
6
21
0
16
5
19
0
41
6
19
0
7
19
391
14
6
0
0
137
14
8
99
17
12
7
0
6
37
9
118
26
118
396
12
7
8
6
67
15
14
118
36
5
6
0
0
0
0
0
0
0
0
0
0
0
0
0
0
0
0
0
0
408
0
1
0
0
0
0
0
0
0
0
0
0
0
0
0
0
0
0
0
0
0
30
0
