41
0
6
0
0
0
0
37
0
45
4
0
0
0
0
0
0
0
0
3
0
25
0
35
0
39
41
90
0
39
40
9
3
8
0
3
1
5
15
76
1
4
6
1
0
37
0
0
0
0
0
0
0
1
0
0
0
0
0
12
25
0
1
0
2
24
0
1
11
0
18
15
1
15
0
22
0
15
0
15
15
15
0
59
0
0
0
0
0
35
16
1
3
0
15
3
0
0
0
0
16
17
17
17
0
0
6
18
0
134
0
0
18
1
2
0
0
0
12
0
23
77
0
1
0
0
0
0
0
27
0
0
3
87
0
49
0
54
0
0
27
1
1
1
1
1
0
10
0
0
68
1
39
0
0
5
0
5
39
0
0
7
10
15
5
40
15
0
0
0
0
141
16
15
9
46
22
19
0
0
6
6
0
3
0
0
0
0
0
0
0
0
0
0
0
0
0
0
0
0
0
59
0
0
0
15
0
0
0
11
0
7
0
15
1
9
0
6
0
1
0
0
0
1
0
0
0
7
23
2
33
21
26
0
0
0
0
4
1
0
0
0
19
0
0
0
0
0
0
0
0
0
0
0
0
0
0
0
0
0
0
0
0
1
20
39
2
0
112
60
44
20
0
3
23
0
12
18
14
1
15
15
20
8
9
21
18
5
13
0
6
0
55
20
54
8
39
21
35
5
11
9
20
9
18
0
0
11
20
26
11
48
0
6
20
124
59
24
5
23
25
16
20
135
20
39
21
26
27
71
20
220
0
221
1
16
1
112
2
29
1
39
15
27
27
189
20
30
21
15
25
1
