1
174
0
5
29
1
4
30
1
0
11
5
175
10
121
12
4
0
4
19
20
0
3
1
18
4
10
0
0
1
1
1
0
0
5
49
29
0
11
0
2
0
0
0
0
0
5
1
0
0
0
7
0
0
0
0
0
0
0
0
1
0
0
0
12
3
0
1
0
3
3
0
1
0
6
1
1
5
0
1
0
0
0
0
0
1
5
0
0
35
0
0
1
0
0
0
1
0
0
0
0
0
5
17
0
0
0
0
0
0
0
0
0
0
0
0
0
0
0
0
0
0
406
23
0
0
0
0
0
387
0
0
0
0
0
0
27
0
1
0
0
0
0
0
5
5
0
0
409
0
27
0
0
15
1
0
0
1
0
10
30
27
0
11
0
0
0
0
0
0
0
0
0
0
0
0
0
0
0
0
0
0
0
0
0
0
0
0
0
0
0
0
0
0
0
401
0
0
0
0
0
27
20
0
0
0
0
0
0
0
0
0
0
0
0
1
1
0
0
0
0
0
0
0
0
0
0
0
0
0
0
0
0
0
0
0
0
0
0
0
0
0
0
0
0
0
0
26
2
25
0
0
1
0
0
0
0
0
0
0
0
0
0
0
0
5
0
5
5
6
0
0
0
0
0
0
0
0
0
0
0
0
7
0
0
0
5
0
0
0
0
0
0
0
0
0
13
7
0
0
0
1
0
1
5
1
5
1
0
0
150
159
0
0
2
0
0
20
0
483
0
1
0
0
0
25
419
5
411
34
3
28
5
20
0
5
21
149
0
0
0
0
0
0
0
0
0
0
0
0
0
0
0
15
0
0
0
0
0
0
0
0
0
0
0
0
0
0
0
0
0
0
0
137
0
0
34
0
0
0
1
0
45
0
0
34
0
43
0
0
35
1
1
1
0
0
0
0
0
0
0
0
0
0
0
0
0
0
0
0
0
0
0
0
0
0
0
0
0
0
0
0
0
0
0
0
0
0
0
1
1
1
1
34
1
35
0
0
1
0
1
0
0
1
0
0
11
0
0
0
0
0
0
0
0
1
0
0
0
1
0
5
0
0
0
11
15
5
0
1
1
1
0
0
0
0
0
20
0
0
2
4
5
23
20
25
1
29
0
1
4
12
0
0
0
9
3
5
3
0
0
6
3
12
95
0
137
0
7
0
6
19
2
21
2
43
0
5
16
9
13
5
9
1
46
0
7
121
22
161
0
3
15
161
0
0
114
426
18
34
3
5
25
48
12
0
120
6
113
5
38
0
0
0
1
25
87
21
10
0
114
0
20
164
0
5
97
6
11
1
15
0
0
53
2
228
6
11
0
0
56
1
79
1
227
21
18
5
305
25
175
7
146
1
6
0
10
3
203
0
5
0
0
16
15
0
0
0
0
149
0
0
15
0
0
0
0
1
34
46
0
