20
215
0
0
66
19
45
8
22
358
4
22
1
1
28
1
50
41
0
38
0
3
1
5
5
2
2
3
1
27
152
5
0
0
44
94
33
287
19
5
0
0
189
1
2
20
0
69
22
0
22
25
5
11
14
0
0
0
2
425
1
21
71
33
10
1
54
90
54
0
0
50
0
81
20
0
0
0
6
0
49
7
0
0
49
0
49
27
0
0
20
21
0
0
0
0
0
0
0
0
0
0
5
7
74
0
0
0
0
0
0
0
0
20
0
0
0
0
5
6
70
96
0
0
0
0
1
53
60
71
2
0
0
0
0
0
0
0
0
0
0
0
0
0
73
21
25
49
0
59
119
25
449
0
385
415
1
49
15
25
1
26
402
20
4
51
23
23
0
548
555
0
385
403
538
39
11
64
442
0
55
60
403
407
385
385
33
418
57
0
20
0
57
10
442
0
0
0
1
44
58
472
0
0
16
4
35
403
3
35
0
0
21
20
2
53
470
8
26
404
15
403
39
15
418
20
440
0
82
38
0
0
437
0
208
42
33
0
39
18
53
5
49
60
5
1
0
20
0
11
19
207
83
107
26
7
10
70
455
25
8
196
25
401
7
0
22
10
26
19
39
13
6
15
36
24
26
12
3
61
88
0
23
0
31
9
140
0
8
186
0
11
248
0
49
8
140
8
6
211
6
0
247
24
149
0
211
15
21
