0
0
6
53
0
8
69
25
87
129
1
0
25
30
0
21
4
153
13
0
8
30
69
63
0
0
47
72
24
6
338
108
26
94
0
0
48
8
31
99
1
15
0
0
1
6
0
6
1
0
1
1
21
1
1
30
0
2
125
17
0
0
1
19
2
0
0
0
0
0
0
0
0
0
0
0
0
0
0
15
15
1
2
0
22
0
2
40
14
0
0
1
1
10
0
0
0
6
8
8
0
0
0
0
0
0
0
0
0
1
0
0
0
0
0
0
1
0
72
1
7
0
0
0
0
0
21
0
0
0
0
0
11
0
29
20
2
7
0
425
0
20
425
0
0
7
0
0
3
0
7
7
0
0
0
0
0
385
0
39
0
0
0
0
0
0
0
0
0
0
0
0
0
0
0
1
3
11
53
0
98
6
21
492
1
1
22
1
0
6
7
453
11
24
8
511
523
432
465
1
509
445
4
6
445
35
445
20
81
6
45
64
8
11
0
0
0
3
0
3
20
1
1
432
0
0
21
0
446
0
0
0
1
9
0
32
0
0
0
0
0
0
0
0
1
0
0
0
8
6
0
1
5
21
9
1
1
0
1
5
461
10
0
1
0
0
1
2
35
21
25
0
0
0
51
16
0
31
1
5
12
37
1
5
7
1
513
0
39
3
3
2
3
66
455
23
43
4
0
28
64
0
0
49
7
6
0
10
5
23
19
5
8
296
6
7
12
6
8
10
391
0
0
12
18
25
58
12
19
20
13
6
20
0
1
12
11
0
114
426
12
0
6
8
4
0
35
5
0
28
0
63
0
7
12
64
0
0
1
107
2
5
4
18
5
8
57
61
12
60
21
17
0
0
28
19
28
6
26
32
49
1
12
15
5
125
39
5
29
0
13
36
0
6
29
7
11
6
128
5
8
238
0
13
101
0
59
184
36
7
52
16
0
0
0
0
5
5
0
14
1
3
0
1
2
1
0
0
20
21
0
0
1
1
52
35
18
0
0
79
0
0
0
2
0
446
0
1
6
6
11
0
0
2
0
0
0
0
0
0
0
0
0
0
0
0
0
0
0
1
0
1
1
0
0
0
0
6
0
0
20
0
425
60
51
0
0
0
29
0
0
0
0
0
0
425
0
1
0
0
0
0
0
0
66
0
0
2
0
1
5
0
0
0
0
0
0
0
0
0
0
0
0
6
0
0
0
0
0
0
0
0
1
1
1
0
1
