20
0
0
3
0
1
0
0
119
0
5
0
0
0
20
23
2
0
0
0
17
0
119
0
20
14
7
1
1
0
0
0
0
0
1
113
20
0
11
0
0
1
20
4
0
0
0
0
0
24
121
0
0
1
0
1
0
1
0
38
0
419
419
0
10
414
11
413
3
0
0
0
0
0
0
0
6
505
5
385
0
0
390
1
416
446
3
6
0
3
3
15
0
0
0
0
0
0
0
0
0
0
0
0
0
5
441
0
0
0
0
0
0
0
0
3
16
0
0
0
0
1
111
0
0
1
1
1
101
1
6
5
2
1
1
0
2
0
0
7
0
0
0
0
0
0
0
414
0
0
86
0
0
1
5
0
1
1
2
0
89
421
0
20
21
483
20
27
395
20
7
0
22
0
22
112
1
0
20
385
20
400
0
0
0
10
428
0
0
20
2
2
13
400
0
385
7
0
59
60
10
1
507
20
0
1
1
0
0
385
0
0
0
0
0
0
0
0
0
0
0
0
6
1
7
8
4
20
100
20
424
0
385
484
484
385
0
0
0
0
59
0
386
385
0
11
0
120
0
1
15
21
0
10
0
5
12
5
1
115
385
405
505
89
385
1
0
0
0
0
0
1
0
0
0
0
0
69
28
0
0
1
0
0
0
0
0
1
8
0
23
0
17
0
28
0
9
20
5
1
0
13
7
144
6
5
0
64
449
135
16
15
2
6
6
10
37
16
8
96
5
33
5
48
0
506
7
20
5
0
5
386
10
2
195
0
5
69
0
385
12
1
1
2
90
37
57
28
69
0
37
33
13
6
0
1
9
0
3
1
11
5
24
1
27
0
82
7
388
6
6
1
5
1
3
1
31
9
33
10
5
2
63
63
129
25
134
0
105
0
15
107
0
0
135
0
21
135
0
0
5
