0
6
0
22
26
2
22
3
20
89
21
21
141
0
20
25
2
72
0
31
72
4
1
386
1
0
1
37
0
0
0
0
0
0
0
0
0
0
0
1
0
0
0
0
0
3
0
0
20
0
0
0
0
0
2
0
20
12
20
69
3
9
1
0
0
79
0
68
1
43
127
20
0
7
8
17
44
117
59
106
0
2
148
0
12
20
2
0
105
0
0
2
11
0
1
0
1
25
20
20
1
21
20
21
0
0
0
0
1
0
0
0
20
0
0
53
0
0
0
0
0
0
0
0
0
0
0
0
0
0
0
0
0
0
0
0
0
0
2
34
20
20
20
20
21
5
1
0
20
33
20
29
35
0
138
20
1
1
9
1
0
0
0
0
0
0
0
0
1
36
0
21
59
0
9
61
1
2
29
11
0
0
0
10
509
627
4
0
3
5
0
3
2
0
0
12
0
0
100
1
59
0
225
0
0
61
21
0
1
0
6
23
0
0
0
0
69
0
0
0
0
0
20
0
0
0
0
0
0
0
0
0
0
0
20
0
0
0
0
0
0
0
0
0
0
0
1
1
0
0
2
6
1
10
11
26
59
3
0
0
68
1
0
0
0
59
1
80
2
10
0
0
0
0
0
60
0
0
0
0
0
20
2
0
20
0
0
0
0
20
1
0
0
0
0
5
0
20
0
0
0
0
0
0
0
0
0
0
0
0
0
0
0
0
0
0
0
7
24
20
83
2
0
0
0
0
6
22
20
0
1
0
0
0
0
0
0
0
0
0
0
0
0
0
0
0
0
0
0
0
0
0
0
0
0
0
0
0
5
0
0
0
0
5
0
1
20
0
21
1
20
2
85
6
0
0
0
1
0
0
22
1
0
42
1
27
7
19
1
169
20
14
9
122
0
39
14
6
25
1
7
8
64
5
13
6
1
2
1
6
0
11
22
237
1
18
22
21
12
6
158
21
10
183
0
0
23
2
45
5
105
18
39
0
165
0
2
126
0
5
12
6
2
14
6
1
192
2
243
1
5
11
24
16
21
0
11
0
59
24
0
0
0
20
0
0
0
0
0
0
0
0
0
0
0
0
0
1
0
0
0
0
0
0
0
12
0
0
0
0
1
23
2
0
0
0
0
0
0
0
20
0
0
387
21
397
68
0
0
0
0
0
20
0
0
0
0
0
0
0
0
0
0
0
20
0
0
0
0
0
0
0
0
0
0
0
1
1
0
403
402
64
