1
116
8
2
0
21
0
0
1
1
21
3
1
21
9
2
88
196
25
411
5
0
22
1
3
6
10
0
0
118
6
102
1
60
81
268
57
27
4
0
0
0
0
385
1
0
0
0
0
1
1
1
5
1
20
412
385
0
77
0
3
89
85
65
17
0
1
1
0
0
0
3
0
59
1
1
0
64
0
21
0
0
4
0
20
0
1
0
0
0
0
1
5
0
0
0
0
0
0
0
0
0
0
0
0
0
0
0
0
0
0
2
0
0
15
0
0
0
0
0
0
0
0
0
0
0
0
0
0
0
0
0
0
0
0
0
0
0
0
0
0
0
3
0
0
1
7
411
27
0
0
411
0
0
0
0
0
21
0
411
0
405
0
441
1
411
1
0
436
439
181
3
12
1
9
101
0
3
0
0
411
438
4
1
0
6
411
0
0
23
11
62
0
1
111
51
0
0
0
59
64
59
11
0
50
3
0
0
1
0
1
0
111
0
0
0
0
0
0
60
11
112
11
1
1
0
1
111
0
27
4
0
0
0
0
0
111
0
0
0
0
0
0
59
10
1
0
0
111
1
2
0
0
0
0
59
10
0
1
0
0
59
49
113
77
49
75
49
49
49
49
0
49
417
0
0
0
0
0
49
0
0
0
68
0
412
156
59
49
0
49
0
0
0
11
0
5
1
21
0
1
2
1
0
6
1
12
3
91
15
10
2
7
1
3
4
3
1
3
0
413
3
5
0
0
21
3
10
5
21
39
1
12
26
8
26
2
0
5
6
20
0
394
5
7
0
388
5
17
0
20
1
19
0
10
0
21
10
15
1
142
5
12
0
10
0
1
63
13
0
13
20
1
0
19
49
99
4
18
5
6
5
121
1
55
0
28
24
86
22
122
0
0
131
3
184
31
3
20
411
0
0
22
20
0
0
0
0
15
0
1
60
1
112
0
4
0
1
0
111
0
0
0
0
0
0
0
9
0
0
0
0
0
