1
130
0
0
0
35
2
8
0
11
5
269
0
138
0
0
118
2
2
171
0
20
19
26
71
4
0
11
2
2
113
1
2
137
9
122
71
385
1
0
386
2
498
99
59
9
39
68
2
0
9
1
5
64
0
0
0
0
0
0
0
0
0
1
0
0
1
1
4
5
401
0
0
0
385
19
390
0
0
0
0
2
0
0
14
0
7
0
0
21
0
0
0
0
0
0
0
0
0
385
21
390
0
0
9
10
0
3
1
0
0
0
0
0
0
0
0
0
0
0
0
0
0
390
390
6
0
1
0
0
0
0
0
0
0
0
0
0
5
1
4
0
1
0
0
0
0
0
0
0
0
0
0
0
0
0
0
0
0
0
0
0
0
0
400
0
1
0
0
0
0
0
0
0
0
0
1
21
10
0
0
0
0
0
0
0
0
0
0
0
0
0
0
0
0
0
0
0
0
0
0
0
0
0
390
1
0
0
0
0
0
0
0
0
0
0
0
2
1
0
0
0
1
1
21
0
0
0
0
1
0
0
0
0
0
1
0
0
0
0
0
1
0
1
27
27
26
13
0
1
0
0
14
112
1
105
0
0
33
0
0
41
3
417
14
0
0
0
0
83
2
0
0
0
0
0
0
0
0
0
0
0
0
0
0
0
0
0
0
0
191
0
0
0
0
0
0
0
14
1
0
1
27
21
5
1
0
0
20
35
82
84
72
374
0
0
0
0
0
0
0
64
0
0
0
0
0
0
0
0
0
0
0
0
0
0
0
0
0
0
0
0
0
0
0
0
0
0
0
0
0
0
0
0
0
83
0
0
0
0
0
0
0
0
0
0
0
0
0
29
0
409
386
0
2
5
0
1
65
0
0
63
1
0
0
0
5
3
0
0
0
0
0
0
0
0
0
11
0
1
0
18
0
1
0
0
3
2
0
0
1
1
1
1
0
0
0
0
31
0
33
0
64
455
13
32
65
0
49
20
0
95
0
434
0
84
46
94
0
44
12
6
17
8
0
99
0
0
0
385
18
1
18
65
1
17
26
1
11
0
5
40
5
15
4
17
28
70
5
38
9
39
2
6
0
16
210
5
0
141
20
33
25
6
40
412
0
101
20
119
44
12
69
21
85
44
10
134
5
7
190
36
7
68
49
63
1
6
11
45
0
5
0
182
0
33
7
6
0
64
0
0
2
0
0
10
0
0
0
10
0
0
0
0
0
0
0
0
0
0
0
114
65
1
1
1
1
1
0
42
9
0
0
0
26
0
0
1
1
21
1
20
29
111
0
0
0
0
0
0
0
0
0
0
0
0
0
0
0
0
0
65
1
2
1
