2
3
0
0
0
23
20
1
414
445
0
17
0
125
0
4
4
0
5
0
33
0
90
52
0
44
117
81
20
62
17
1
0
62
0
199
385
0
0
0
0
0
0
0
0
0
0
0
0
0
28
27
1
0
6
399
0
121
6
0
8
0
3
2
82
78
31
10
72
29
0
11
52
99
8
4
7
0
31
398
0
0
0
2
16
25
0
0
0
0
0
0
3
0
0
3
1
1
0
0
1
0
0
0
1
0
0
0
0
0
0
0
0
0
0
0
0
0
0
0
0
0
0
0
0
0
0
0
0
0
26
1
36
5
0
0
28
0
0
0
0
1
0
0
0
0
0
0
0
0
0
0
0
0
0
2
4
2
4
1
0
1
11
0
122
0
20
0
3
0
437
435
0
4
9
8
479
0
427
386
23
18
23
34
3
0
9
460
3
3
0
17
0
425
425
0
0
0
0
0
0
0
0
0
0
0
0
0
0
0
0
0
0
0
0
0
0
0
0
0
0
0
425
0
2
396
0
5
9
9
3
0
453
494
455
1
0
0
385
8
0
9
0
0
9
492
9
388
35
3
22
8
14
0
0
0
3
0
415
385
0
0
0
0
0
0
0
0
0
0
0
0
0
0
0
0
0
0
0
0
415
399
0
17
0
0
0
0
0
0
0
0
0
0
0
0
0
0
0
0
0
0
0
0
0
0
0
0
0
0
0
399
0
2
556
0
0
425
0
3
429
20
0
4
3
3
3
3
1
0
13
0
7
8
425
8
20
0
17
0
0
0
0
0
0
0
0
0
0
0
1
0
7
17
0
0
3
0
0
0
0
0
15
0
13
4
24
0
7
27
4
0
1
5
0
0
2
0
6
3
2
7
3
0
85
20
34
0
72
455
25
69
13
1
20
5
23
8
1
6
25
27
203
396
5
0
33
16
114
425
16
0
14
0
29
1
1
0
1
3
16
57
69
91
18
114
3
1
463
0
3
17
25
4
0
6
385
21
399
11
28
14
0
4
89
385
81
385
4
391
31
9
140
6
207
79
0
