1
152
0
1
139
27
90
0
188
95
5
137
11
0
53
55
457
1
99
68
139
7
1
88
22
0
104
1
2
32
1
0
81
188
23
51
1
552
74
4
50
385
0
162
55
6
0
108
0
6
6
0
0
0
78
392
451
50
49
12
5
3
4
54
60
126
8
126
16
118
61
118
447
451
20
55
153
29
165
20
8
1
0
0
0
0
0
1
71
88
2
4
0
0
0
0
77
43
21
0
0
0
0
0
0
0
0
34
0
0
0
1
2
0
0
13
85
19
0
89
83
0
0
3
0
0
0
0
0
0
0
0
33
0
0
404
387
0
0
0
0
0
0
0
0
0
0
0
0
0
0
0
0
385
0
0
0
0
0
0
0
0
0
0
0
0
0
404
387
0
0
0
0
0
0
0
0
0
0
0
0
385
0
0
0
0
0
0
0
0
0
0
0
0
0
0
1
9
19
0
0
20
0
21
22
9
104
21
0
2
77
3
41
0
577
401
69
408
397
75
70
49
0
0
0
0
55
386
1
1
0
4
55
56
2
0
406
9
0
0
0
0
385
0
0
0
0
0
0
0
0
0
0
0
0
0
0
0
70
1
1
0
448
386
23
68
73
51
74
54
68
0
6
63
65
66
0
0
0
0
1
0
0
0
0
0
0
0
0
0
0
0
0
0
0
2
20
0
20
2
2
50
92
0
1
1
94
11
10
0
237
6
15
63
0
87
0
90
7
0
64
449
3
18
73
91
170
401
81
49
91
1
109
424
80
14
23
58
263
2
10
0
6
4
424
219
0
7
0
0
116
426
16
0
0
1
392
2
0
2
52
1
67
0
32
1
1
1
5
48
398
132
1
325
0
0
18
0
18
18
31
9
205
392
93
17
24
1
155
2
252
1
133
1
6
