6
23
6
0
26
5
2
69
16
5
32
0
110
20
0
79
114
43
0
11
10
42
0
43
6
5
40
0
0
41
22
63
5
0
0
6
2
1
5
10
0
3
8
0
0
0
5
0
26
6
2
5
0
5
0
0
0
0
0
0
0
0
0
0
0
0
0
1
0
0
10
0
5
0
0
0
0
0
20
26
70
75
31
0
0
16
63
6
5
0
1
6
26
0
6
0
0
0
0
5
0
0
0
0
0
0
0
0
5
5
0
20
0
5
0
5
5
2
8
6
0
0
0
0
0
0
2
26
0
11
5
0
31
68
5
9
0
1
459
0
0
13
28
0
0
32
0
6
47
53
47
10
21
51
5
9
20
0
0
48
54
21
11
8
28
11
9
0
1
63
68
86
94
5
63
79
16
0
0
99
0
0
79
85
34
25
11
0
17
0
10
0
71
0
10
77
0
15
0
20
20
3
27
32
1
1
1
1
10
20
0
0
51
20
0
0
0
0
0
0
0
0
0
0
0
0
0
5
20
0
31
0
0
0
0
0
20
0
32
49
3
23
0
12
21
34
30
20
0
5
0
0
0
0
1
0
0
0
0
27
5
0
0
0
9
54
46
29
20
20
27
0
0
20
0
8
0
0
0
0
0
0
84
0
0
0
0
0
0
0
0
0
1
0
0
0
1
0
66
25
95
71
4
0
39
395
26
0
86
76
15
11
3
0
9
8
6
5
81
21
32
5
385
5
0
28
14
0
31
8
6
12
64
402
1
6
514
16
9
65
41
73
71
455
23
10
18
4
0
20
2
3
63
24
58
14
15
68
6
8
5
6
42
3
70
443
37
39
5
99
21
16
6
63
14
7
94
9
0
4
6
5
1
21
20
28
0
0
0
20
0
20
20
6
0
0
20
27
0
21
6
11
0
9
31
1
21
21
20
5
0
0
5
0
0
37
0
1
0
0
0
0
20
1
0
0
0
0
0
0
0
0
0
0
0
0
0
0
21
1
2
0
21
0
47
20
31
21
40
0
471
395
44
110
4
54
55
0
0
0
0
0
20
1
0
0
0
0
0
0
51
47
24
24
0
0
0
0
0
20
1
0
0
0
0
0
0
0
0
0
0
0
0
0
0
27
0
0
0
