0
2
1
0
0
0
0
0
416
411
0
5
28
0
0
84
2
3
0
8
111
2
0
94
17
3
0
0
0
0
449
394
4
419
0
5
28
0
4
0
0
0
2
0
5
0
0
0
0
0
0
25
0
3
15
6
17
1
0
5
1
0
135
15
7
5
5
10
6
0
437
20
0
0
20
0
0
0
0
1
20
0
0
385
0
385
0
49
1
0
7
49
92
0
0
0
0
0
50
47
20
49
1
445
386
454
3
391
388
417
385
0
390
392
390
0
385
386
0
442
0
400
0
385
0
0
0
4
413
0
0
438
0
0
385
15
0
478
0
0
0
0
0
10
75
0
27
17
0
0
0
15
5
0
0
0
0
0
0
64
0
0
2
65
71
1
64
2
0
1
1
0
1
0
2
3
1
2
38
9
394
0
0
0
0
18
18
385
0
385
2
0
0
3
20
385
385
390
3
4
390
4
389
391
385
0
385
2
0
12
5
0
0
2
0
0
0
392
0
2
4
0
0
0
390
0
405
51
0
7
0
0
0
438
0
0
445
0
0
385
0
0
0
0
0
18
0
0
0
0
411
0
1
33
386
1
4
2
0
0
65
0
2
0
2
9
27
0
5
0
2
411
417
1
414
0
25
4
0
0
0
0
0
0
2
0
104
69
218
16
110
12
70
455
26
1
11
37
5
97
6
1
0
208
0
15
5
91
3
5
3
0
28
0
7
0
6
5
13
385
6
0
10
16
8
1
482
0
44
23
0
31
0
15
0
23
1
5
5
2
33
0
0
0
3
0
34
5
3
385
0
1
96
0
33
15
27
0
0
23
0
8
0
97
0
392
0
6
385
22
25
13
1
0
0
22
5
1
0
0
0
93
6
126
0
385
124
0
385
173
0
61
10
78
37
177
5
0
53
4
0
49
1
389
2
67
34
10
0
1
3
0
0
0
52
2
9
10
0
4
0
0
13
13
13
