3
0
119
0
0
0
4
4
5
5
3
4
1
101
1
1
0
0
0
6
0
1
0
2
0
21
20
19
18
0
0
28
1
7
23
12
1
0
24
91
10
0
3
21
7
1
2
39
2
0
13
0
1
0
25
0
83
0
1
4
7
0
4
0
0
1
18
2
1
0
18
37
1
1
0
0
0
1
0
0
0
0
1
5
3
0
0
0
4
10
1
0
1
0
0
0
0
0
0
20
1
21
513
0
425
6
0
0
0
0
2
0
0
0
0
0
0
26
1
53
3
0
0
25
0
0
0
0
0
0
15
3
12
5
4
0
0
0
1
3
0
0
0
0
0
1
3
0
16
0
0
0
0
0
0
0
0
0
0
0
0
1
1
4
0
0
2
0
1
394
0
1
53
18
0
0
1
7
1
3
5
0
0
1
1
0
452
25
0
3
23
0
2
2
2
0
0
0
0
0
0
0
2
0
61
112
0
34
0
4
3
22
14
20
24
22
5
78
7
0
0
0
20
0
51
0
0
0
0
5
20
0
1
1
0
1
52
2
0
1
0
104
0
38
63
20
23
0
0
52
0
6
1
1
0
6
0
5
0
0
2
1
0
21
0
21
65
13
64
80
8
5
142
0
20
3
11
0
6
14
102
8
126
426
36
1
144
12
66
10
33
6
126
1
20
0
14
9
18
4
1
0
1
7
0
25
11
8
20
185
0
