2
197
0
2
12
11
12
4
10
0
16
7
7
10
0
6
6
11
11
1
21
2
0
19
11
10
2
10
92
30
0
10
0
20
2
1
8
1
0
13
30
15
20
20
10
7
16
10
0
0
0
5
30
0
0
0
31
30
3
0
20
15
10
15
20
20
0
0
0
0
0
0
0
0
0
0
0
0
0
13
0
10
0
1
36
0
10
10
30
0
0
10
10
15
0
1
5
7
0
0
0
0
0
0
0
5
0
0
0
0
5
0
0
0
0
0
0
0
0
0
0
0
0
0
0
7
0
0
10
24
10
10
0
0
32
0
15
11
10
14
20
0
0
0
0
0
0
0
0
0
0
0
0
0
0
0
14
10
21
2
1
1
10
11
11
27
21
0
61
11
3
11
84
2
0
23
36
4
70
37
1
16
0
35
1
10
11
21
1
0
0
20
0
20
59
1
1
10
10
10
0
0
0
0
0
0
0
0
0
0
0
0
0
0
0
0
0
20
1
25
0
28
30
0
10
0
8
29
2
23
0
0
10
10
20
21
0
1
25
0
39
0
0
39
29
33
40
35
0
20
39
0
25
21
0
9
0
9
12
37
30
23
12
0
16
20
29
24
1
0
6
0
10
0
15
0
10
88
20
54
0
53
5
0
10
2
1
0
11
22
0
0
0
0
6
0
10
0
0
0
0
4
9
5
9
48
0
12
10
10
17
9
1
5
123
13
1
59
1
11
9
9
0
5
93
5
18
8
1
7
12
50
14
105
11
13
11
6
1
199
7
13
23
12
12
19
85
11
27
19
11
27
4
9
33
13
6
18
50
9
22
0
0
1
62
6
1
7
0
6
5
0
0
103
5
9
118
8
5
15
0
2
17
6
0
13
0
0
0
0
0
0
0
0
0
0
0
0
0
0
0
0
0
13
0
0
0
0
0
0
0
0
20
23
20
0
0
0
0
0
0
0
0
0
10
0
