1
2
2
2
0
4
6
45
1
23
0
0
0
26
0
0
2
0
6
0
6
6
3
6
0
12
9
7
6
20
0
0
5
7
10
2
22
0
70
0
0
25
4
3
20
20
0
0
0
0
11
0
4
0
6
5
6
0
14
0
9
20
6
3
0
10
10
0
0
11
0
3
0
0
0
0
0
0
6
0
0
4
0
0
3
31
3
5
7
3
1
0
0
0
0
0
0
0
0
0
0
0
0
0
0
0
0
0
0
0
0
0
0
0
0
0
0
0
0
0
0
0
0
0
0
0
0
0
0
26
0
0
0
6
0
1
2
0
0
0
0
0
0
0
0
0
0
0
0
0
0
0
0
0
0
0
0
0
0
0
0
0
0
0
0
0
0
0
0
0
0
0
0
10
10
0
0
2
6
2
2
0
9
3
4
0
0
0
0
0
0
0
0
0
0
0
0
0
0
0
0
0
0
0
0
0
0
0
0
0
0
0
0
0
0
0
0
0
0
0
0
0
20
0
10
0
0
0
0
0
0
3
0
1
0
22
0
0
0
0
0
0
0
0
1
0
1
10
1
1
0
0
0
0
0
0
0
10
0
0
0
0
0
0
0
18
0
0
6
0
0
6
2
5
1
31
2
0
3
0
0
0
0
0
6
11
0
6
0
11
0
0
0
0
0
1
0
0
0
26
0
31
0
0
0
2
21
0
0
1
0
1
0
0
0
0
10
1
0
1
0
0
0
0
0
0
1
0
0
0
0
9
2
0
0
0
0
2
6
0
0
0
1
3
3
0
0
1
6
5
1
1
0
13
0
0
0
1
18
21
62
0
0
1
0
1
65
0
8
0
0
65
2
0
9
5
0
0
3
0
7
1
0
0
20
0
0
0
2
0
1
0
1
0
3
23
14
2
12
5
5
1
6
6
0
0
10
5
0
4
20
5
8
22
11
3
1
5
0
0
0
5
0
5
0
0
0
7
21
8
7
1
0
0
0
6
5
1
3
5
8
1
7
1
0
0
0
0
3
5
1
1
1
0
0
0
0
12
0
10
4
4
0
4
0
0
0
0
386
61
0
0
11
22
0
22
5
0
0
0
3
0
91
0
5
11
1
1
10
64
5
2
7
7
0
5
6
0
1
5
6
0
0
0
3
7
0
0
0
2
0
0
0
12
14
6
1
0
0
0
0
5
8
1
0
5
