1
1
0
1
39
1
1
1
1
0
0
0
0
1
2
1
7
0
0
86
2
2
1
49
1
2
1
0
3
6
9
21
0
5
0
0
0
1
0
6
394
5
0
122
0
2
1
0
0
5
6
0
0
1
3
0
2
1
0
3
0
0
27
0
29
0
0
0
0
0
0
20
1
47
0
0
27
0
3
1
0
0
2
0
0
0
0
1
5
0
20
0
0
0
65
1
11
15
5
54
14
2
0
0
0
0
0
0
0
0
0
2
0
0
0
0
0
0
0
0
0
0
0
0
1
0
0
2
2
59
0
0
2
5
2
0
0
0
1
0
0
0
0
0
0
1
0
1
2
1
16
1
4
3
27
0
1
54
5
10
1
15
1
21
24
0
0
6
21
2
11
12
2
1
12
0
0
0
7
5
0
1
26
19
0
1
0
0
9
2
0
1
0
0
0
0
0
6
0
0
1
173
0
3
1
5
0
12
0
0
0
0
1
0
5
1
7
0
0
1
6
0
51
6
0
0
0
0
0
3
0
11
1
33
0
21
28
1
0
0
0
1
16
0
2
0
2
0
2
0
11
24
2
0
3
1
6
3
0
0
1
16
29
4
11
5
70
460
47
0
12
0
0
10
0
4
6
1
0
4
1
3
0
3
1
0
9
11
6
1
0
1
7
0
6
388
4
393
0
4
7
7
8
1
2
6
24
0
3
0
96
6
83
10
18
0
81
10
8
10
3
0
1
39
13
10
0
11
0
0
5
0
0
2
1
392
6
21
0
7
0
0
8
9
139
1
0
0
2
0
0
0
0
0
39
0
5
17
0
39
0
35
9
25
6
20
0
1
6
2
124
5
5
0
0
0
16
0
15
84
17
9
26
10
1
0
14
6
13
0
123
3
15
6
23
10
9
10
10
0
5
0
0
1
0
0
0
0
0
0
1
0
0
0
0
0
0
0
16
1
0
0
0
0
0
0
1
0
0
0
0
1
0
599
0
0
0
0
0
0
0
0
0
0
2
0
0
0
2
0
1
0
0
0
0
0
0
0
0
0
0
0
0
0
0
0
0
0
0
0
0
0
0
0
0
0
0
0
0
0
0
0
0
60
72
0
20
20
20
0
0
75
6
1
11
0
0
6
0
0
60
1
6
0
4
0
0
0
0
54
0
0
3
0
0
0
0
0
0
0
11
20
20
0
0
0
0
2
0
0
40
0
