18
180
0
18
16
15
0
20
0
0
15
116
0
0
143
1
0
133
12
20
10
32
0
17
0
0
5
7
0
16
15
15
0
28
0
0
17
10
10
15
116
15
1
18
206
1
1
2
0
0
2
0
4
0
81
16
1
0
2
0
1
1
18
0
36
11
0
0
0
0
0
1
33
0
10
20
15
0
0
0
15
0
0
1
0
0
33
33
10
0
10
0
0
0
0
0
0
0
1
0
0
0
10
0
0
0
3
0
0
0
0
10
0
0
28
15
10
31
15
1
11
0
0
93
35
11
1
3
11
44
0
0
0
0
10
2
0
0
0
59
22
22
10
25
0
0
30
19
0
0
11
0
63
11
0
20
16
11
0
0
0
0
0
0
10
0
12
11
0
0
10
10
0
0
0
0
0
0
0
0
0
1
10
10
0
16
0
2
1
0
7
0
33
71
0
0
0
18
18
81
19
0
0
0
0
1
73
34
83
83
10
1
11
10
1
1
1
0
0
0
0
0
0
0
473
400
102
0
0
33
19
82
105
85
15
1
9
0
0
33
0
0
13
38
0
0
0
117
128
20
43
32
64
2
2
10
2
5
24
11
0
0
0
0
35
5
0
1
23
35
0
0
15
95
0
34
83
83
0
2
1
1
1
1
0
0
83
43
34
73
0
34
37
63
63
0
0
85
126
0
0
12
34
0
11
6
5
5
155
0
1
6
135
0
391
97
0
3
0
0
18
4
18
97
0
11
4
18
11
8
76
9
58
0
0
0
33
0
11
0
237
396
7
0
0
0
16
1
22
254
15
21
1
18
157
18
20
99
15
25
11
9
39
11
28
13
92
63
1
89
385
16
3
78
21
4
391
111
79
31
9
216
25
7
0
48
68
100
0
18
169
385
133
0
18
158
18
0
