12
3
0
2
0
0
0
0
12
1
12
6
5
21
1
21
28
16
57
11
0
11
0
1
3
0
11
1
17
1
3
8
12
11
27
21
16
11
42
0
1
1
15
22
0
0
30
12
19
30
58
0
510
4
418
28
0
33
402
2
11
23
0
1
6
1
6
20
1
0
1
3
39
24
48
13
9
1
10
1
17
45
13
4
3
2
1
22
29
0
20
33
0
1
12
10
10
10
0
10
14
12
0
33
0
11
11
13
11
0
20
0
12
12
0
0
12
0
8
0
0
0
15
22
18
26
29
474
385
0
3
15
32
0
0
0
0
27
11
0
1
0
0
0
0
0
0
0
0
0
0
4
30
0
20
10
7
1
0
38
1
20
25
0
0
0
0
0
0
0
0
0
0
0
10
0
0
0
0
0
0
0
4
1
0
1
6
0
0
0
0
0
0
0
0
0
0
0
0
0
1
1
0
0
1
0
1
10
2
7
0
0
0
0
0
0
0
1
0
411
5
402
0
1
0
2
402
0
0
24
38
433
22
7
0
13
0
0
20
0
0
0
3
13
385
0
0
0
0
0
0
0
0
0
0
0
0
0
0
16
1
22
7
21
0
389
7
18
17
25
5
15
7
0
21
19
3
13
385
0
0
0
0
0
0
0
13
0
0
0
0
0
0
0
0
0
0
0
0
0
434
395
10
11
19
0
20
0
415
0
0
10
6
10
0
10
0
10
10
0
0
0
0
30
11
0
11
1
10
1
6
11
1
389
20
7
65
41
6
18
1
0
1
10
1
2
1
43
30
0
0
0
1
20
12
24
2
0
64
455
23
12
8
10
6
6
6
2
0
12
2
5
5
206
19
0
12
0
0
16
10
10
78
7
12
18
0
1
6
0
16
5
12
0
2
41
395
5
387
15
1
7
6
74
8
16
9
15
0
5
10
11
0
0
2
15
13
7
3
0
0
155
22
6
4
0
6
21
21
13
16
76
1
22
36
396
1
392
10
151
0
0
0
0
6
0
0
0
6
21
0
1
386
10
10
4
22
6
6
1
14
39
13
6
34
15
17
52
1
14
392
0
15
7
392
0
11
0
6
1
6
0
0
15
13
10
1
53
0
5
1
53
0
5
6
386
15
1
12
1
1
82
1
121
6
18
5
0
15
0
7
1
6
10
11
1
9
0
0
11
0
0
95
1
7
250
0
22
24
10
12
29
2
29
10
5
6
0
0
2
0
70
0
0
0
0
0
0
0
0
15
0
0
5
16
64
0
15
19
6
402
415
0
1
0
0
0
0
3
13
385
0
0
0
0
0
0
0
0
0
0
0
0
0
0
0
0
0
1
0
399
0
0
10
0
0
0
0
434
0
0
0
0
1
1
0
1
1
5
0
0
0
0
0
0
0
0
0
17
3
13
385
0
0
0
0
0
0
0
13
0
0
0
0
0
0
0
0
0
23
