16
48
0
0
40
0
4
55
21
6
4
20
7
46
0
5
51
48
7
50
60
79
25
1
5
50
59
69
396
18
0
1
10
1
0
0
32
0
10
4
40
0
125
16
0
0
0
0
0
21
0
55
7
0
1
97
12
0
89
486
389
386
28
0
1
61
1
0
0
0
0
0
49
0
0
0
0
73
20
6
7
29
0
1
1
20
12
411
410
389
388
0
0
0
0
0
0
0
0
0
0
6
0
0
0
401
429
12
20
11
2
26
1
5
0
0
0
0
0
0
6
0
0
0
0
51
2
0
0
0
2
1
0
0
6
0
22
10
1
49
60
14
60
34
1
7
2
0
0
6
1
0
0
0
0
40
1
0
2
0
1
0
0
0
0
0
0
0
0
0
30
38
60
30
20
59
46
45
2
40
20
59
1
0
21
26
0
38
0
0
395
0
4
23
450
11
9
1
9
100
21
44
4
123
0
21
49
1
17
0
0
0
0
0
0
71
0
39
0
0
0
0
0
0
0
0
0
0
0
0
0
0
0
0
0
0
0
0
0
0
0
0
0
0
0
0
0
0
0
13
0
12
17
50
1
0
9
28
3
20
6
59
0
0
0
0
0
0
0
0
71
0
0
0
0
0
0
0
0
0
0
0
0
0
39
1
0
39
1
0
0
9
0
0
0
0
0
0
0
0
0
0
0
0
0
0
0
0
0
0
0
0
0
0
0
0
20
0
32
1
0
0
0
0
0
0
0
0
39
0
0
0
0
0
0
0
0
0
0
0
0
0
0
0
0
0
0
0
0
0
32
15
39
0
78
1
0
0
15
1
0
0
0
0
84
9
13
0
47
1
8
11
3
58
114
1
41
40
0
9
0
5
6
20
15
0
0
0
0
18
0
0
21
1
1
0
0
1
12
64
455
224
1
13
5
8
0
46
6
1
46
6
1
19
49
1
46
1
6
12
0
2
6
15
0
28
1
31
58
12
19
1
13
11
2
6
115
426
5
6
5
5
24
53
7
34
15
17
44
0
6
390
55
61
12
14
4
13
6
0
28
27
5
50
1
31
9
15
2
32
1
15
0
6
62
10
49
6
136
454
69
17
0
123
31
19
0
25
8
2
23
20
0
0
0
0
0
0
39
0
0
0
0
0
0
0
0
0
0
0
0
33
0
1
385
0
31
0
0
13
63
0
0
0
0
0
0
0
0
0
0
0
0
0
0
0
0
0
0
0
0
0
13
37
0
9
11
9
0
21
0
9
0
20
4
0
39
0
0
0
0
0
0
0
0
0
0
0
1
0
10
9
2
59
0
0
0
82
77
5
0
11
72
0
49
10
1
1
1
0
0
41
0
0
0
17
16
0
1
0
0
0
0
0
0
0
0
10
0
0
0
0
11
0
0
0
0
10
0
0
0
0
13
0
0
0
10
0
0
0
0
0
13
0
0
0
9
15
4
39
0
0
0
0
0
0
0
0
0
77
0
1
3
0
0
0
0
1
3
0
0
0
60
0
39
60
5
39
0
0
0
0
0
2
0
18
0
0
0
0
0
0
0
39
0
46
0
39
5
0
0
39
0
0
0
0
0
0
2
1
19
10
60
36
30
10
0
59
40
0
28
0
