7
214
0
0
15
1
1
2
22
0
61
5
0
131
16
491
1
21
12
139
0
17
0
6
22
1
0
0
21
0
0
1
0
0
0
0
0
0
0
0
0
21
43
0
1
0
0
0
0
0
2
1
2
4
117
9
10
0
1
0
0
0
0
0
0
0
0
0
0
0
0
0
0
0
0
0
0
0
0
0
0
0
0
0
1
21
21
0
3
41
0
0
0
5
26
0
0
0
125
0
74
6
0
83
65
0
0
0
5
1
0
22
27
0
0
0
0
41
1
1
0
0
0
0
0
0
3
194
0
3
3
3
0
0
22
0
0
260
123
10
0
0
0
3
6
406
20
35
1
0
0
0
0
0
20
0
0
21
21
20
0
1
0
11
39
3
1
4
0
21
1
1
123
0
1
0
0
22
528
390
1
28
2
0
145
0
0
1
72
0
0
0
0
0
0
0
0
0
0
0
0
0
0
0
0
0
0
0
11
0
0
0
0
0
0
0
0
0
0
0
0
11
10
0
0
0
25
0
117
0
414
6
20
11
0
0
0
0
0
0
0
0
0
0
0
0
0
0
117
0
0
22
0
20
0
0
0
5
0
0
1
2
6
66
385
124
125
0
6
117
0
20
2
0
0
9
0
0
0
26
21
0
0
0
0
0
0
0
0
0
11
0
0
1
0
8
59
62
0
0
2
60
79
0
0
0
0
0
0
0
0
0
0
0
0
0
0
0
0
0
0
0
0
0
0
0
0
0
0
0
0
0
80
59
59
83
0
0
0
82
0
21
153
196
0
33
9
275
3
99
10
23
83
4
0
190
2
0
20
0
1
117
24
1
3
0
0
0
391
3
16
3
21
20
21
0
11
6
11
13
0
8
0
12
7
3
0
5
39
0
13
14
20
8
12
64
455
23
40
9
44
20
6
13
0
8
19
8
6
10
130
0
0
7
0
5
32
0
5
217
0
1
0
217
0
21
8
22
0
0
10
85
13
70
0
13
6
11
7
97
6
13
19
0
391
14
27
399
2
10
10
11
23
23
24
5
391
2
8
5
1
14
411
10
6
0
19
45
89
1
12
1
391
10
129
13
6
7
0
12
98
5
6
15
151
3
14
165
0
11
6
197
0
21
1
197
0
5
7
197
0
4
6
197
0
5
123
0
1
5
123
6
0
33
0
0
0
0
7
9
20
0
0
0
0
0
0
0
0
0
0
0
0
0
0
0
0
0
0
0
0
0
3
0
0
0
0
0
0
0
0
0
0
0
0
0
0
0
0
0
0
0
0
0
0
0
0
0
0
0
0
0
0
16
0
0
0
0
0
0
0
2
0
0
1
0
0
1
0
0
0
24
9
1
0
0
20
5
5
0
0
0
0
0
0
0
0
0
0
0
0
0
0
0
0
0
0
0
0
0
0
0
0
0
0
0
2
0
0
0
0
0
0
0
0
0
0
0
0
0
0
0
0
0
0
0
0
0
0
0
0
0
0
0
0
0
0
0
0
0
0
0
0
0
0
0
0
0
0
2
0
0
0
0
0
0
0
0
0
0
0
0
0
0
0
17
0
0
0
0
0
0
0
0
0
2
20
0
0
0
0
0
0
0
0
0
0
0
0
0
0
0
59
20
