0
185
0
1
1
6
1
21
6
3
1
21
0
85
0
44
4
5
0
20
0
5
1
0
0
6
0
0
17
1
22
2
12
1
22
1
14
26
0
1
21
2
0
5
4
2
4
4
91
0
29
97
5
137
0
5
106
0
0
0
0
1
0
0
0
0
0
0
0
0
0
0
0
0
6
0
59
0
2
6
71
36
10
21
15
11
6
4
0
22
0
0
2
2
76
1
11
0
1
1
15
4
0
0
0
20
10
0
5
60
24
5
8
34
10
33
42
0
1
28
21
10
10
0
3
0
0
0
9
17
0
0
1
3
0
0
0
0
0
0
0
0
0
1
0
20
0
2
22
0
6
6
6
1
0
0
0
17
0
0
18
7
0
22
0
0
15
0
1
0
0
18
1
0
0
0
0
18
1
0
17
0
0
19
0
0
0
18
1
0
0
0
0
18
1
0
17
0
0
19
0
0
0
18
1
0
0
0
0
18
1
0
17
0
0
19
0
0
0
18
1
0
0
0
0
18
1
0
17
0
0
19
0
0
0
17
0
0
18
7
0
22
0
0
15
0
1
0
0
17
0
0
18
7
0
22
0
0
15
0
1
0
0
15
0
1
0
0
0
98
0
0
0
0
1
0
48
1
0
2
49
20
221
94
28
20
14
6
15
46
4
63
34
6
8
0
0
0
0
0
23
0
0
0
0
0
0
0
20
59
0
10
0
0
5
9
7
8
6
24
7
21
8
7
8
0
12
1
118
0
9
0
0
7
4
0
0
39
0
27
1
5
8
1
8
1
12
0
10
10
74
77
7
21
0
5
21
4
3
1
1
25
0
37
21
28
21
0
2
0
0
1
37
5
1
2
0
0
1
0
0
4
0
0
0
0
13
95
22
5
7
70
455
224
1
33
0
8
0
24
0
13
1
155
0
0
140
3
24
40
23
2
79
6
42
2
28
0
15
63
26
2
28
0
5
11
0
8
0
143
22
120
0
6
6
152
0
57
0
24
21
1
227
3
114
426
12
0
3
4
15
0
1
22
388
0
27
0
53
29
12
0
4
110
0
5
7
108
0
7
28
10
38
1
0
0
1
0
5
5
54
2
141
6
35
25
36
0
390
29
0
390
156
1
32
6
12
48
6
123
0
52
16
85
8
112
0
1
118
1
0
11
153
27
7
6
49
49
0
11
11
0
0
0
20
9
0
20
1
0
0
0
6
0
0
0
0
0
11
0
0
0
0
0
0
0
