102
50
0
58
104
39
59
148
1
44
9
0
3
44
99
3
5
114
82
39
61
17
1
10
46
0
41
142
40
107
0
11
0
0
39
153
0
0
4
0
11
99
0
10
1
0
4
0
24
0
0
0
161
5
63
76
4
425
5
22
0
0
26
24
0
85
29
0
0
0
0
0
0
0
0
0
0
0
0
5
21
20
0
0
0
0
0
0
1
104
41
42
56
65
70
175
62
59
20
125
63
46
39
42
0
0
0
0
0
15
72
22
0
0
0
0
0
0
0
0
40
39
0
0
8
0
0
9
0
0
0
0
16
1
0
0
0
0
0
0
524
0
0
0
0
42
73
40
1
89
0
8
0
0
0
390
0
0
0
0
0
0
1
0
0
0
0
0
0
0
0
0
0
0
389
1
0
0
0
29
0
0
0
0
0
0
17
57
39
11
12
0
386
1
0
0
0
0
0
0
0
0
0
0
5
111
39
24
6
36
2
0
0
0
0
0
9
0
0
0
0
5
0
0
26
0
5
0
2
0
0
0
0
2
54
0
4
12
0
5
0
0
0
0
0
0
0
0
0
424
0
0
0
0
9
148
385
24
65
0
44
65
20
1
21
20
0
0
64
0
0
0
1
3
102
8
63
0
0
0
44
39
9
40
0
385
142
0
39
39
49
10
49
69
39
42
1
16
15
0
39
0
0
0
0
2
0
0
0
0
0
0
0
0
0
1
0
0
0
39
50
0
0
44
66
48
47
0
5
0
5
0
0
0
3
0
3
2
2
7
0
10
0
11
19
48
48
10
5
0
0
2
0
0
0
0
11
0
102
60
9
59
40
0
0
0
0
0
0
0
78
511
11
24
11
63
9
13
1
22
20
15
1
8
18
0
10
53
0
19
5
7
11
9
3
2
5
20
27
17
14
5
36
3
0
28
5
109
0
6
6
13
0
0
22
5
5
115
426
4
0
6
14
0
19
0
8
11
17
33
426
12
34
25
10
0
14
12
390
6
4
7
39
18
6
27
27
17
26
83
2
2
11
9
44
22
3
31
9
9
0
37
0
45
60
64
430
443
426
24
15
5
8
47
128
27
10
142
6
1
6
157
68
65
0
81
0
12
0
0
