0
21
0
5
1
0
1
0
28
449
6
1
0
370
0
0
2
3
12
4
0
12
0
0
12
0
5
1
20
3
0
23
0
1
19
0
21
2
0
0
54
0
424
0
0
0
0
0
1
0
0
0
0
1
119
228
499
385
0
0
0
2
0
0
19
0
0
7
89
0
0
3
1
3
0
138
0
10
0
0
1
0
0
1
0
0
0
0
0
0
0
1
1
2
0
0
0
0
0
0
0
0
7
0
0
0
0
27
27
10
0
0
7
1
0
6
0
0
0
3
0
29
6
27
0
69
20
34
27
0
0
0
27
0
0
27
0
6
1
28
0
0
69
71
1
0
69
0
0
0
0
66
0
0
0
0
0
49
3
5
1
493
534
6
2
0
0
0
0
0
5
0
5
0
0
0
0
0
0
0
0
0
0
0
0
0
0
0
0
0
0
0
0
0
0
6
0
0
1
0
2
0
0
5
5
59
61
69
0
0
411
416
64
0
113
0
0
0
0
0
460
0
0
0
63
26
8
578
21
542
91
12
385
0
435
411
385
2
21
19
0
0
263
7
0
0
3
3
0
3
0
0
0
0
1
10
55
51
0
0
0
0
0
0
0
0
0
0
0
0
0
0
385
0
0
0
0
0
0
0
0
0
0
0
0
0
0
5
5
1
1
1
1
0
0
425
0
0
0
0
0
0
0
0
0
0
0
0
0
0
0
0
0
0
0
0
0
0
0
0
0
0
0
0
23
0
3
22
3
12
0
425
143
6
0
425
0
0
0
0
0
2
2
0
385
425
0
0
0
0
0
0
0
0
0
408
0
21
0
21
408
430
0
0
0
0
0
0
0
0
4
1
0
0
0
0
4
1
0
0
0
0
0
4
6
0
0
0
0
0
24
445
23
425
425
385
448
0
20
24
1
70
450
0
0
0
4
0
1
2
4
4
3
29
5
2
0
49
56
0
0
429
425
6
0
1
0
0
391
0
0
2
2
204
414
10
7
64
455
77
6
4
9
1
0
0
1
32
7
12
0
15
2
3
2
117
16
21
5
33
0
3
3
6
2
14
37
114
426
0
2
12
11
12
10
31
16
211
11
114
5
15
0
2
5
0
2
22
13
0
5
12
0
0
12
0
3
129
0
3
22
0
8
140
0
3
155
0
3
7
2
1
121
5
129
27
0
