25
133
0
6
1
2
25
4
1
0
1
2
5
12
10
1
0
2
2
0
2
186
17
0
1
18
1
2
0
9
1
1
0
27
1
3
0
0
3
26
0
0
0
65
0
0
6
3
15
181
468
457
5
7
6
7
0
0
1
1
0
0
16
0
15
15
15
0
0
0
21
25
425
5
0
425
0
6
0
0
0
228
0
0
0
0
0
0
0
0
0
129
0
129
0
0
0
0
0
0
0
63
63
0
0
5
0
0
72
79
0
20
0
5
5
9
2
0
0
0
0
0
0
0
0
0
1
0
0
0
0
0
0
0
0
0
0
2
1
0
2
0
0
0
0
0
0
0
0
24
0
0
0
0
0
0
0
15
21
22
11
0
3
1
1
0
0
0
0
0
0
0
0
0
0
20
0
0
0
36
1
0
0
0
0
0
0
0
0
0
0
0
0
0
0
0
0
0
8
0
0
0
0
0
0
0
0
0
0
0
0
0
0
0
0
0
0
0
0
0
0
0
0
0
0
0
0
0
0
0
0
0
0
0
0
0
0
0
0
0
0
0
0
38
37
1
6
0
6
0
0
5
0
0
0
0
0
0
0
0
0
0
0
0
0
0
0
0
0
0
0
0
0
0
0
0
0
0
0
0
0
0
0
0
2
7
0
0
0
0
0
0
0
0
0
0
0
0
2
59
11
0
0
66
0
64
0
59
5
0
0
0
0
0
1
0
0
0
0
0
0
0
0
0
0
129
0
129
0
258
0
0
44
5
0
0
0
474
35
2
0
0
0
0
13
66
23
25
609
1
5
0
0
0
129
18
28
0
0
0
18
0
0
0
18
0
0
385
0
0
0
0
129
129
0
0
0
0
0
0
0
0
0
0
0
0
0
0
0
0
0
0
0
0
0
0
0
0
0
0
0
0
0
0
0
0
0
0
0
0
0
0
0
0
0
0
0
0
0
0
0
0
0
0
0
0
0
0
0
0
0
0
0
0
0
0
0
0
0
0
0
0
0
0
0
0
20
0
6
21
0
129
0
0
0
0
0
18
0
0
0
0
0
0
0
0
19
0
18
18
0
18
0
0
129
0
0
0
0
0
0
0
0
0
0
0
0
0
0
0
0
0
0
0
0
0
0
0
0
0
0
0
0
0
0
0
0
0
0
1
10
0
5
198
147
0
74
0
0
0
0
0
0
0
0
0
0
0
0
0
0
0
0
0
0
0
0
0
0
0
0
0
0
5
1
0
1
130
142
0
1
3
0
0
0
0
0
25
4
0
0
18
2
2
0
0
1
0
4
64
455
30
1
92
0
92
7
114
426
113
9
16
0
0
59
4
2
385
1
7
0
0
1
0
1
1
0
1
0
29
9
209
1
57
63
41
1
9
0
14
5
19
3
197
3
91
2
295
22
11
0
0
