1
11
0
6
10
11
1
1
13
2
0
32
0
0
23
0
0
0
12
1
1
141
1
62
13
0
7
7
1
17
1
37
0
104
11
10
116
11
10
0
11
22
10
2
20
22
9
4
0
552
0
1
6
5
81
3
1
543
0
0
0
0
0
0
75
402
26
0
0
0
514
0
77
1
27
0
7
20
2
0
407
2
0
0
1
6
1
1
0
7
0
0
0
0
0
0
0
0
0
0
0
0
2
0
0
11
11
3
1
22
0
3
0
0
0
0
0
27
1
0
1
0
1
2
7
1
8
0
0
0
0
0
0
81
0
0
0
0
0
0
0
0
0
0
0
0
1
2
0
0
0
0
7
0
4
0
1
0
0
134
99
4
0
0
0
0
0
0
0
0
0
0
0
0
0
0
0
0
0
0
0
0
0
0
0
0
4
0
0
0
0
0
0
0
0
0
0
0
0
0
0
0
0
0
0
0
0
0
0
0
0
0
0
0
0
0
0
0
0
0
0
0
0
0
0
0
0
0
5
3
149
556
415
108
17
47
0
20
20
1
49
126
135
4
7
0
99
4
16
0
7
6
1
53
514
0
18
29
146
1
0
526
4
2
1
4
3
33
32
20
0
0
0
0
0
0
0
0
0
0
0
0
0
0
0
0
0
0
0
0
0
0
0
0
0
0
0
0
387
83
0
1
10
10
16
66
12
51
10
29
12
20
0
0
10
10
0
0
0
0
0
0
0
0
0
0
0
0
0
0
0
0
0
0
0
0
0
0
0
0
0
0
11
0
0
0
0
0
0
0
0
0
0
0
0
0
0
0
0
0
0
0
0
0
0
0
0
0
0
0
31
13
12
6
0
12
7
4
1
0
0
0
0
0
0
2
0
0
0
0
13
4
1
13
8
5
8
0
1
1
11
0
3
11
2
11
9
6
2
19
8
0
23
9
0
0
158
23
352
16
0
132
1
4
0
0
84
0
1
115
1
11
5
0
10
10
156
9
0
65
455
0
54
2
0
99
11
0
23
11
0
1
7
8
0
15
0
15
21
0
12
1
9
1
0
6
1
110
404
0
18
0
0
115
21
0
1
1
0
44
0
0
1
2
0
12
0
16
0
12
1
0
44
0
9
24
8
0
445
85
19
10
0
8
0
0
10
0
0
40
21
0
126
2
0
151
13
0
39
2
61
20
0
33
13
0
43
20
0
14
20
0
140
0
6
117
1
0
0
142
9
0
102
0
40
0
0
0
13
0
0
0
38
1
0
38
0
0
21
20
0
233
93
0
87
11
50
6
0
137
15
0
284
1
91
3
0
1
426
408
7
0
5
10
11
1
0
20
0
0
0
0
0
0
0
0
0
0
0
0
0
0
0
0
0
0
0
0
0
0
0
0
0
0
0
0
0
0
0
0
5
0
2
0
0
0
0
0
0
0
0
0
0
0
0
0
0
0
0
0
0
0
0
0
0
0
0
0
90
1
1
0
0
0
0
1
0
1
0
1
0
1
0
0
0
0
0
0
0
0
2
1
0
0
0
0
0
514
0
0
0
0
0
0
0
0
0
0
0
0
0
