11
92
0
94
0
435
64
9
436
60
2
60
425
135
8
0
1
425
89
17
56
11
13
543
83
2
8
201
436
11
6
427
460
455
448
2
0
16
8
9
0
63
8
498
425
520
2
14
26
39
12
1
0
11
21
8
0
404
390
18
20
1
36
0
5
17
0
0
0
0
8
0
0
15
34
0
6
0
0
0
0
0
5
0
0
0
0
0
401
0
60
30
11
25
0
2
12
1
5
1
68
414
44
43
25
40
50
21
0
0
21
72
49
24
432
9
35
6
0
0
4
4
0
0
546
0
79
0
515
10
10
11
0
13
4
447
1
0
0
0
5
12
2
23
2
0
6
1
61
425
0
14
0
56
1
142
385
0
4
0
4
10
10
11
1
55
8
0
0
4
492
43
0
425
70
0
458
55
1
8
10
66
2
512
542
15
460
1
49
0
49
25
577
92
18
17
0
481
15
4
24
11
1
16
2
386
27
4
411
20
0
439
7
6
426
12
17
0
20
5
4
33
1
430
1
6
0
10
0
2
6
13
5
0
3
2
21
0
38
3
22
0
513
0
107
404
6
34
0
0
12
8
0
2
8
3
2
1
3
1
69
455
25
399
11
20
6
391
22
19
4
2
5
10
0
0
1
0
10
6
1
31
2
0
50
16
28
6
6
6
1
31
1
6
163
433
114
426
8
4
11
385
12
10
1
6
9
36
0
4
3
6
34
25
5
7
22
18
31
14
11
6
99
42
1
450
85
2
2
6
97
0
6
2
6
385
114
32
5
35
6
6
14
6
23
11
7
5
6
0
41
0
5
387
1
9
9
16
8
7
0
385
14
234
0
0
18
20
17
5
129
390
10
146
5
142
6
164
386
157
0
15
177
0
482
6
421
6
9
7
21
2
0
0
0
17
3
0
0
0
0
0
0
0
0
0
0
0
0
0
0
0
0
0
0
0
21
3
533
0
0
0
0
0
0
0
0
0
0
0
0
0
0
0
0
0
0
0
0
0
0
0
80
0
415
0
0
0
0
0
0
0
398
430
0
0
491
