2
25
1
0
0
1
1
10
0
0
23
11
3
3
0
1
54
36
0
19
0
0
0
3
0
0
0
0
11
1
7
3
9
10
0
17
5
16
0
10
28
3
0
0
3
20
11
5
5
0
3
3
0
0
2
0
0
1
0
0
0
15
0
15
6
15
2
0
0
0
0
0
0
0
0
0
0
1
10
0
0
0
0
0
3
21
0
403
0
0
0
0
3
0
0
0
116
9
1
0
0
0
0
0
1
2
0
0
0
0
0
0
60
0
0
0
0
3
12
9
10
0
0
0
0
0
0
6
0
0
0
0
0
0
0
0
0
0
0
0
0
0
2
0
0
0
0
0
0
9
0
0
0
0
0
0
0
0
0
0
0
0
59
0
0
15
1
0
6
0
1
3
0
0
0
3
0
0
436
0
0
0
0
0
0
0
565
0
0
0
0
0
0
0
0
0
0
3
33
29
0
33
20
535
76
1
33
0
0
0
0
9
9
3
0
0
0
140
0
443
530
6
10
9
11
0
0
0
0
0
0
0
8
3
3
0
0
0
0
0
0
0
0
0
0
0
1
6
0
0
0
0
3
0
0
0
0
0
59
11
0
0
3
0
1
0
0
11
0
10
0
0
0
5
8
3
22
8
0
8
3
0
5
11
10
0
9
8
6
9
17
1
3
6
8
33
0
5
0
5
41
11
0
10
1
5
0
2
1
403
0
3
0
5
0
15
1
5
3
0
4
6
0
421
15
2
0
403
10
437
5
5
6
10
1
5
5
0
64
6
5
0
0
0
0
0
0
0
0
7
5
16
0
6
0
0
3
10
0
6
16
5
0
10
9
404
0
0
0
33
33
2
3
0
25
3
18
17
5
6
0
3
2
3
0
25
3
5
6
6
3
0
0
1
0
68
59
63
71
5
4
0
0
0
21
9
9
0
0
7
1
3
3
0
4
0
9
2
0
0
0
92
7
3
0
6
1
5
37
20
22
17
7
1
8
0
0
21
0
20
9
0
0
20
10
20
0
7
49
6
21
0
6
13
3
13
42
34
0
70
455
23
9
8
6
12
3
13
392
0
0
10
7
17
3
14
11
19
1
0
3
22
14
20
38
1
59
0
12
404
0
0
1
3
6
1
13
15
11
10
15
11
91
4
28
14
15
5
13
6
1
2
5
0
7
17
0
423
18
12
10
15
0
0
13
22
17
38
1
116
0
17
0
5
5
6
33
6
34
11
67
0
28
61
5
4
4
1
20
15
108
404
8
9
20
17
7
15
9
0
57
6
17
0
0
15
132
5
21
6
131
5
25
53
7
8
34
20
6
0
0
0
0
0
0
0
0
0
0
0
0
0
0
11
0
0
0
0
0
0
0
0
0
19
552
0
52
42
0
11
0
0
2
457
0
0
2
600
0
0
5
11
0
0
21
0
0
0
0
0
0
0
0
0
0
0
0
0
0
0
0
0
5
2
1
180
16
0
0
0
436
0
442
0
424
