6
99
0
6
6
5
6
5
39
3
7
7
41
1
4
0
0
0
4
16
0
0
0
0
0
11
0
44
44
56
39
44
0
39
2
74
1
127
5
6
3
0
14
22
0
2
0
21
4
21
20
0
0
6
21
5
9
0
0
0
3
49
0
65
39
39
45
0
5
0
6
0
0
0
5
6
0
39
0
45
0
0
0
0
0
0
0
0
9
0
45
64
0
39
0
39
45
45
48
0
0
0
0
0
0
0
0
0
44
45
39
39
0
39
48
0
0
0
0
0
0
0
0
0
64
3
5
0
1
1
59
4
1
1
0
0
45
60
1
40
39
62
41
63
0
0
0
6
0
0
0
0
39
39
0
0
2
6
39
0
1
39
4
0
1
10
36
27
0
10
44
1
0
23
5
2
16
44
20
122
2
5
16
10
1
4
2
0
0
0
0
0
0
0
0
0
1
0
12
0
1
0
0
3
3
0
0
0
3
3
0
38
24
3
21
127
68
6
14
6
23
14
11
125
13
0
3
25
0
0
6
2
2
7
26
0
7
0
0
0
0
3
3
24
6
0
5
0
5
39
60
39
1
39
1
39
19
25
78
109
62
0
0
18
0
24
1
1
0
0
0
0
0
0
20
0
0
1
0
0
0
39
0
0
1
0
20
0
1
0
0
1
0
0
39
0
6
0
39
39
0
3
6
0
1
0
0
79
0
0
1
0
0
40
0
0
0
1
82
10
62
7
0
20
0
0
124
1
13
6
419
27
208
0
2
2
51
1
113
1
10
39
9
9
21
0
1
25
70
5
33
13
54
1
131
0
29
4
31
9
157
0
5
4
218
0
79
0
65
0
1
254
0
4
20
65
0
9
56
0
39
65
0
0
54
0
16
52
0
0
51
0
13
53
0
7
171
3
142
0
0
146
0
60
9
0
