1
38
0
0
4
5
2
0
0
0
122
12
387
5
4
0
3
2
1
0
2
19
5
0
20
3
3
1
2
3
0
0
3
0
0
113
30
5
8
0
0
0
7
2
5
0
1
1
0
0
1
77
0
1
3
0
3
5
0
0
0
0
0
0
0
0
0
0
6
0
6
4
1
0
0
10
5
0
0
0
0
0
5
6
0
0
0
0
0
0
0
0
0
7
0
5
1
0
0
4
2
1
1
1
37
2
2
3
3
2
1
1
0
0
0
0
0
2
0
3
2
4
0
0
0
0
0
0
0
0
0
0
0
0
0
0
0
0
0
0
0
0
0
3
0
0
0
0
0
0
0
1
4
10
1
0
0
0
1
4
0
2
2
0
6
446
0
413
0
5
412
2
5
0
0
0
0
0
0
0
0
0
2
0
3
1
6
12
5
0
0
0
0
0
12
0
0
20
64
1
0
1
65
82
0
0
1
66
27
0
1
2
7
0
2
0
30
20
20
0
62
70
59
1
3
1
3
34
0
0
0
21
10
11
0
20
80
3
0
20
1
0
79
5
1
0
0
2
0
0
0
0
0
0
0
0
0
0
1
0
0
0
0
0
0
0
0
0
0
0
0
0
0
0
0
0
0
0
0
0
0
0
0
0
0
0
0
0
0
0
0
0
0
0
69
1
1
0
2
0
2
4
9
2
2
2
0
0
59
0
0
0
3
2
3
0
0
0
0
0
0
0
0
0
0
0
0
0
0
0
0
0
0
0
0
0
0
0
75
0
405
0
0
0
0
0
0
0
0
0
0
0
0
1
472
1
1
0
60
6
0
0
0
1
0
5
10
0
1
8
0
0
6
11
404
1
6
10
21
5
0
0
0
99
69
8
86
265
76
455
23
13
6
95
0
6
436
0
46
0
14
120
458
3
0
1
91
0
5
393
0
0
0
275
0
7
0
1
1
199
5
6
1
105
2
