0
44
0
386
2
4
1
28
48
570
385
5
12
4
20
2
4
0
0
40
0
0
26
104
0
20
0
28
20
0
2
410
445
20
8
3
21
0
2
15
3
24
0
24
0
34
41
0
437
42
22
28
20
23
22
385
0
21
1
0
23
20
0
0
0
0
0
0
5
25
0
10
0
0
33
0
0
0
0
0
0
9
0
33
0
0
0
0
0
1
0
0
0
0
0
0
0
0
20
9
0
10
0
11
0
0
0
0
0
0
0
0
35
1
6
3
1
0
0
33
0
0
0
0
0
0
0
0
1
4
20
20
0
0
0
21
5
30
0
0
0
0
0
1
1
0
0
0
0
0
1
20
0
25
0
4
10
0
20
43
0
21
3
33
0
0
8
0
1
1
33
46
33
36
3
0
6
24
6
3
3
0
25
0
20
0
0
0
0
0
0
20
1
0
0
81
0
2
20
0
0
5
20
0
0
0
20
20
0
0
0
0
0
0
0
21
5
0
0
21
0
0
5
0
0
10
3
1
1
1
3
0
0
20
0
23
25
2
1
17
7
21
21
11
0
0
0
0
77
15
0
385
1
513
0
99
69
8
6
0
0
10
6
5
70
455
23
17
20
5
1
391
27
0
93
0
2
385
0
47
16
28
21
385
7
29
0
6
6
17
0
0
21
5
1
6
0
390
12
6
0
0
12
15
0
13
17
1
77
0
19
1
390
392
8
45
0
15
28
120
0
425
26
21
14
0
9
28
15
17
34
0
48
25
5
7
390
7
44
0
0
18
1
20
0
165
0
13
10
208
0
157
391
5
184
1
0
399
5
6
6
0
2
0
1
0
6
6
414
1
1
12
0
0
11
9
4
19
12
6
7
237
0
0
1
0
20
0
0
0
0
425
445
426
425
0
0
0
0
425
427
428
433
53
458
0
0
0
0
445
445
425
429
1
0
20
425
21
10
425
445
0
20
0
0
0
0
0
0
425
0
425
20
0
0
0
0
0
0
445
0
445
0
0
8
0
1
33
413
0
9
0
1
33
453
0
