66
259
0
20
69
0
63
20
11
96
81
63
66
97
2
13
0
0
0
1
0
0
16
0
5
32
80
6
3
116
5
83
5
83
7
7
3
9
7
12
65
22
6
20
0
33
6
53
6
0
15
15
21
63
0
0
0
0
0
0
0
20
10
101
3
0
0
0
7
2
20
1
25
23
6
0
0
0
0
0
0
0
0
10
0
1
16
74
0
28
11
5
0
0
0
0
0
16
0
0
0
0
0
0
6
20
5
2
117
31
56
10
0
16
63
24
7
1
22
8
17
16
23
6
3
10
16
0
0
1
6
0
3
6
5
6
6
0
0
1
0
10
8
0
14
15
0
0
0
0
0
0
0
81
0
7
6
0
3
0
0
0
0
20
0
0
0
0
0
0
0
0
0
0
0
0
0
0
0
0
0
0
0
0
0
0
0
0
0
0
0
0
0
0
0
0
0
0
0
0
0
11
12
0
64
9
21
1
15
17
18
0
0
1
120
102
0
83
2
55
5
1
36
5
1
121
0
1
25
19
26
0
7
0
6
35
33
12
35
40
0
5
20
0
53
42
4
10
7
17
9
35
0
132
33
0
0
0
0
0
0
6
0
0
0
33
0
0
0
6
6
22
5
38
7
11
9
20
6
0
39
0
0
20
0
0
0
1
33
0
34
26
38
24
68
20
0
38
0
0
0
0
6
0
10
0
0
0
0
3
3
0
0
0
0
6
26
70
17
10
5
16
10
0
0
12
20
17
14
42
45
8
87
0
8
21
51
133
5
7
0
0
25
1
22
2
0
0
0
4
78
27
27
20
63
3
15
2
0
46
76
160
284
64
12
10
5
402
1
15
63
3
0
16
1
13
5
5
0
0
5
22
6
4
11
4
18
142
63
23
35
99
0
16
89
0
21
7
1
5
66
1
9
9
5
7
6
1
1
10
29
0
141
36
1
22
52
1
58
7
0
69
56
20
6
15
12
28
253
15
7
25
129
5
36
0
1
31
9
218
15
200
19
0
