1
20
0
0
1
1
23
3
107
0
4
21
2
0
1
88
24
453
444
11
0
0
82
1
0
5
1
8
65
0
150
0
0
6
1
91
85
20
0
0
441
0
0
21
2
0
2
81
2
0
1
0
0
0
0
0
0
0
0
0
10
0
4
450
0
81
0
5
0
0
0
5
5
0
5
430
7
6
0
14
5
49
0
14
0
0
0
0
0
0
0
47
9
0
0
0
0
0
0
0
0
0
0
0
0
1
0
0
466
10
2
7
1
11
0
1
0
4
0
0
0
27
6
0
0
0
0
0
0
0
0
0
0
0
0
2
11
0
1
0
0
0
0
27
6
11
0
0
0
0
0
0
0
0
0
77
0
1
12
13
59
16
92
0
0
0
0
0
0
0
0
83
5
4
0
533
0
0
0
0
0
0
0
0
0
0
504
0
0
1
2
3
15
2
2
57
61
79
525
0
0
59
9
0
0
0
0
0
0
9
450
9
0
0
60
432
21
0
6
9
0
3
5
72
12
0
9
28
0
59
0
0
0
0
0
0
0
0
0
18
59
0
20
11
5
1
2
0
0
57
0
20
69
0
81
64
490
535
433
0
7
6
0
5
0
20
39
21
2
1
154
99
21
511
414
81
1
94
0
0
23
101
33
81
2
0
28
426
0
0
418
0
108
76
82
416
0
67
0
3
3
9
65
0
0
13
3
1
561
69
1
7
7
5
8
65
37
1
5
20
5
1
124
0
0
118
0
0
99
69
8
87
6
1
213
0
0
350
0
20
111
20
5
2
2
3
8
0
5
239
0
69
455
23
91
6
7
34
5
13
0
0
0
10
0
12
15
6
1
7
0
1
0
12
5
8
13
0
88
0
6
13
3
5
10
9
32
0
114
426
91
2
1
7
1
18
6
10
15
0
5
100
8
1
6
6
35
9
8
1
5
122
9
6
102
391
12
245
1
5
97
15
5
91
1
5
91
0
10
281
1
7
451
428
5
494
0
508
428
445
430
459
24
22
0
0
593
445
425
0
0
0
0
0
0
0
0
0
0
0
0
0
0
504
0
0
35
64
0
0
0
0
0
0
0
81
0
0
22
11
0
0
3
9
10
10
0
0
0
0
0
0
0
0
0
0
0
0
0
0
0
0
0
0
0
0
0
0
0
0
0
0
0
0
0
0
0
0
0
0
0
0
0
0
0
0
0
0
0
0
0
0
0
0
0
0
0
0
0
0
0
0
0
0
0
0
0
0
0
0
0
0
0
0
0
0
0
0
0
0
0
0
0
0
0
0
0
0
0
0
0
0
0
0
9
0
0
0
0
9
0
0
0
0
9
0
0
0
0
0
0
0
0
0
0
0
0
0
0
0
0
0
0
0
0
0
0
0
0
0
0
0
0
0
0
0
0
0
0
0
0
0
0
0
0
0
0
0
0
0
0
0
0
0
0
0
0
0
0
0
0
0
0
0
0
0
0
0
0
0
0
0
0
0
0
0
0
0
0
0
0
0
0
0
0
0
0
9
0
0
0
0
9
0
0
0
0
9
0
0
0
0
0
0
0
0
0
0
0
0
0
0
0
0
0
0
0
0
0
0
0
0
9
14
13
9
12
9
9
3
1
18
0
