6
98
2
0
12
0
0
0
1
57
81
54
385
0
0
0
0
8
6
132
0
0
1
0
113
67
51
12
74
70
432
387
5
0
64
0
0
17
12
5
0
0
0
0
0
78
55
0
9
0
19
0
0
0
0
15
0
56
1
461
441
0
390
49
55
6
9
10
0
49
23
57
446
0
55
54
0
75
5
0
0
3
0
0
56
60
393
387
72
0
0
0
0
1
0
0
55
0
0
4
50
117
55
38
0
10
5
15
0
10
64
22
0
129
56
0
55
57
0
54
7
55
56
54
0
0
0
17
115
80
0
142
0
0
0
18
0
6
22
19
5
0
1
0
0
0
0
0
0
0
0
0
0
0
15
10
0
0
0
15
22
15
15
0
0
35
0
0
56
0
0
0
0
0
49
55
49
0
54
50
5
72
5
76
16
60
49
0
0
0
0
0
55
0
0
5
0
0
0
400
5
2
400
385
399
0
0
399
0
392
390
33
0
0
0
0
1
0
0
0
0
0
0
0
8
0
0
0
0
3
0
0
0
0
0
1
0
0
0
0
0
0
0
7
0
0
0
0
0
0
0
0
0
0
0
0
0
0
0
0
0
0
0
0
0
0
0
0
0
0
0
0
0
0
0
0
0
0
0
0
0
0
0
0
0
0
0
0
0
0
0
0
0
0
0
0
0
0
0
0
0
0
0
0
0
0
0
0
0
0
0
0
0
0
0
0
0
0
0
0
0
0
0
0
0
0
5
0
1
8
0
0
94
49
49
56
49
49
55
0
408
69
75
69
69
0
385
0
434
2
439
0
434
0
5
7
0
59
70
69
2
0
0
0
0
1
0
2
0
0
0
385
0
15
0
387
387
402
76
0
387
0
0
0
0
0
0
0
0
0
0
0
0
0
0
0
0
0
0
0
0
0
0
0
0
0
0
0
0
0
0
0
0
0
0
0
0
0
0
0
0
0
0
0
0
0
0
0
0
0
0
0
0
0
0
0
0
0
0
0
0
0
0
0
0
0
0
0
0
0
0
0
0
0
0
0
0
0
0
0
0
0
0
0
0
0
0
0
0
0
0
0
0
0
0
0
0
0
0
0
0
0
0
0
0
0
0
0
0
0
0
0
0
0
0
0
0
0
0
0
0
0
0
0
0
0
0
0
386
387
461
0
0
0
387
59
385
59
2
0
387
467
0
387
10
61
0
5
0
65
21
15
17
0
0
0
12
0
387
12
5
0
388
400
0
0
0
0
2
390
0
400
0
7
0
0
0
0
0
55
65
5
0
0
0
0
0
0
0
0
0
0
407
54
0
0
0
0
0
0
402
0
402
0
0
0
0
0
0
0
0
0
0
7
0
0
0
0
0
400
0
11
24
62
14
0
0
21
0
0
6
0
7
0
0
12
0
27
0
0
0
0
0
3
15
0
94
5
15
0
0
0
7
1
101
6
5
8
6
0
0
0
0
388
0
5
0
490
18
0
55
5
0
15
2
27
0
0
6
0
0
0
0
0
0
0
0
1
0
385
0
0
0
0
1
0
1
0
49
11
0
56
5
0
385
7
0
0
18
0
76
5
0
0
0
98
0
0
0
3
7
0
3
391
5
0
5
0
84
0
0
0
0
0
0
1
84
0
0
1
2
10
5
0
26
12
0
0
0
0
78
10
0
0
0
0
2
0
1
5
4
6
0
0
0
0
0
27
0
0
0
8
1
6
118
55
6
2
0
12
58
6
2
0
5
2
5
6
6
0
0
0
8
0
0
135
0
49
12
59
5
0
0
0
2
6
0
12
0
0
0
0
0
5
0
117
0
12
0
0
122
15
3
5
0
32
0
0
0
0
13
85
2
55
49
51
49
49
49
4
10
0
0
0
0
9
49
19
0
49
0
0
55
0
445
386
385
49
0
7
0
0
0
65
0
10
0
14
0
10
15
19
0
0
0
0
0
0
49
0
0
0
0
0
0
0
0
0
0
0
0
59
0
0
0
0
0
0
403
0
0
0
0
0
0
0
0
0
0
0
14
0
0
2
0
0
7
0
17
5
0
0
55
41
52
0
49
56
0
0
0
0
0
0
0
12
0
0
