2
5
4
0
4
0
0
3
1
0
23
6
0
6
5
2
1
0
1
20
0
3
2
1
6
2
17
0
22
24
16
7
0
5
0
0
0
3
1
0
0
7
6
2
3
1
0
0
0
0
0
34
0
0
0
0
4
0
0
0
0
0
4
0
6
26
34
0
0
28
0
5
30
3
0
45
0
16
0
0
0
1
0
0
0
0
0
0
82
0
5
23
52
1
17
3
4
0
1
88
2
30
8
6
0
0
0
0
7
10
8
0
0
0
0
0
0
1
0
5
35
5
0
0
5
6
0
1
3
4
6
0
13
1
3
0
1
0
7
65
9
70
2
1
0
3
15
12
0
0
1
6
0
25
9
9
51
0
0
0
0
0
0
0
0
0
0
0
0
0
0
27
11
18
0
0
0
0
0
0
0
0
0
0
0
0
27
51
1
0
44
53
9
9
0
0
1
2
11
11
6
12
2
1
31
0
2
0
6
2
10
35
7
3
0
11
10
0
3
21
2
3
3
43
31
0
4
22
23
0
6
15
15
15
4
0
2
15
0
73
56
0
24
21
1
9
0
5
1
3
0
2
2
0
0
23
23
0
1
0
46
1
0
0
7
0
22
10
15
4
1
10
0
1
9
5
9
0
48
5
14
5
83
0
2
0
5
86
0
1
20
394
5
2
19
64
19
21
1
6
0
21
7
0
23
4
6
1
417
1
7
20
0
9
6
0
20
1
0
2
0
5
0
0
0
0
0
8
18
0
0
5
160
11
12
9
2
5
6
0
0
1
0
6
0
1
1
3
14
6
0
0
9
0
260
3
12
1
6
0
88
1
0
1
0
4
0
0
20
0
5
76
0
9
0
17
0
0
17
0
14
0
0
15
27
10
6
6
0
10
1
24
1
0
0
6
1
15
1
1
0
2
0
10
0
10
0
4
0
1
53
0
6
6
17
398
7
15
7
77
1
0
131
5
5
0
10
0
1
2
19
5
0
0
0
0
0
0
1
0
0
6
0
0
0
0
0
0
0
0
0
0
0
0
0
0
0
15
0
15
0
43
0
0
8
0
0
0
5
0
0
0
5
