0
146
0
0
2
54
0
0
0
0
0
15
1
1
0
2
5
25
6
7
97
55
69
114
54
17
52
0
0
0
59
113
0
52
53
54
0
69
20
1
1
0
5
20
50
4
53
4
23
0
10
0
49
5
0
1
16
0
21
0
4
23
49
67
81
76
0
4
9
0
112
9
26
49
52
1
50
0
54
54
0
75
49
53
54
64
0
0
49
5
0
49
0
77
0
5
50
54
49
0
0
0
0
6
15
74
123
10
7
66
0
0
49
0
1
4
0
57
50
27
4
2
4
52
53
0
0
9
0
6
83
0
54
54
20
49
49
58
5
19
27
0
0
0
0
20
0
0
0
17
14
27
0
0
0
0
0
15
21
0
0
49
14
49
0
0
0
0
0
9
58
36
0
0
0
9
9
0
25
35
21
1
0
0
0
2
5
15
0
0
15
2
0
0
14
1
15
0
0
0
69
0
0
0
0
0
0
49
50
54
49
0
27
15
0
0
0
0
0
0
2
0
0
0
0
0
0
0
15
0
0
69
0
0
9
0
9
80
5
20
52
87
0
0
0
83
1
62
10
15
0
11
1
51
0
11
0
15
0
9
9
6
0
61
0
11
59
70
0
20
0
0
19
9
9
9
3
24
0
49
1
31
95
11
10
0
17
19
10
2
2
2
0
5
110
9
6
21
0
315
9
9
5
147
0
46
14
2
20
1
7
4
0
96
8
109
4
29
1
111
0
0
1
107
17
98
0
105
0
10
107
0
2
19
4
86
1
15
0
90
0
54
16
67
5
2
20
106
20
39
13
10
0
18
54
405
63
5
6
32
9
20
17
297
2
6
0
22
9
58
15
169
5
14
1
5
