103
3
18
0
65
39
39
104
39
21
12
0
84
64
84
5
0
2
36
16
64
8
0
107
104
0
17
0
0
0
0
0
0
0
0
3
0
2
17
0
0
0
64
39
39
109
103
59
46
20
0
104
62
2
9
3
18
2
12
34
142
5
70
0
0
10
4
65
0
0
0
0
0
0
0
64
67
29
28
0
65
63
106
0
64
0
522
107
64
0
0
0
65
64
64
5
45
39
39
0
0
0
39
39
0
0
103
0
0
0
39
0
124
0
0
0
0
0
0
0
0
0
0
0
1
41
0
0
27
0
39
0
0
0
0
39
0
0
0
0
1
0
0
404
0
0
0
0
0
0
0
0
0
0
20
1
0
0
0
0
0
0
0
0
39
59
104
0
81
44
44
0
0
0
0
0
39
446
42
0
5
0
404
0
0
0
0
0
443
39
44
0
0
0
0
0
59
68
0
0
39
44
2
39
20
27
71
0
0
0
0
0
0
27
0
0
0
0
39
128
0
0
20
20
0
0
0
0
0
6
10
0
0
0
0
0
0
2
1
0
0
45
51
0
0
1
105
0
0
0
0
40
39
0
0
0
0
0
16
64
1
85
0
0
0
0
0
0
0
0
0
0
5
1
0
0
0
1
0
64
0
104
64
0
0
0
0
116
175
66
43
514
26
15
41
20
180
10
0
39
0
0
0
0
0
0
0
0
0
0
0
0
134
39
0
0
0
0
0
0
54
0
0
0
0
0
0
0
0
0
119
69
6
118
20
127
159
7
0
56
56
166
41
59
39
39
0
0
39
0
0
0
0
0
0
0
157
6
0
2
0
1
2
0
1
1
0
0
2
0
0
0
0
0
40
1
0
66
43
42
39
2
0
0
2
117
0
0
0
0
0
0
0
196
40
40
1
35
20
64
0
0
0
0
0
0
54
0
0
0
0
0
0
10
54
0
0
0
6
39
0
11
39
7
0
0
0
9
0
27
103
108
64
0
39
0
0
104
39
0
30
26
12
65
18
20
11
64
22
0
14
20
52
0
14
20
22
3
5
10
0
21
1
136
42
420
69
183
1
20
9
110
424
402
90
26
58
213
0
6
7
116
0
3
66
67
15
126
426
14
15
24
0
33
13
72
64
12
0
91
0
33
0
15
20
9
60
100
20
69
20
94
2
39
39
2
39
6
21
2
65
65
44
59
60
5
0
0
0
0
39
0
0
0
0
0
0
0
0
9
0
4
0
6
4
0
0
0
0
0
0
0
4
0
4
20
3
0
0
0
0
0
0
43
22
0
4
