12
7
3
4
0
2
0
0
12
10
0
0
42
3
2
6
2
5
32
13
0
17
84
14
7
3
36
21
6
47
39
0
0
84
5
109
5
0
3
12
12
0
0
0
0
17
22
37
13
21
18
37
1
7
6
25
60
13
1
71
0
3
1
0
10
12
64
64
0
0
1
0
6
0
78
8
0
0
1
0
92
0
6
14
13
51
12
1
0
71
51
18
54
38
0
0
0
0
6
0
0
1
0
0
1
11
10
27
19
0
9
0
0
0
2
1
14
5
0
9
80
0
0
81
91
1
0
27
0
8
0
0
0
59
1
0
0
12
0
0
0
0
0
0
0
0
0
0
0
3
4
0
2
0
8
0
0
0
0
0
0
9
1
0
0
9
0
0
0
27
0
15
0
1
6
5
0
0
0
0
0
0
0
0
0
0
0
0
0
0
0
3
3
0
0
0
0
0
0
0
3
0
0
0
0
10
6
10
54
10
56
1
3
25
0
0
0
10
4
10
10
19
0
8
0
0
2
0
0
0
0
0
0
40
0
39
0
51
51
127
11
11
0
10
11
11
0
0
0
1
6
1
0
1
0
150
492
1
55
29
3
0
394
385
405
385
1
0
388
4
1
11
49
15
385
385
129
0
0
0
0
0
0
0
0
0
0
0
0
0
0
0
0
0
0
0
0
0
1
0
3
12
0
386
391
129
18
1
13
0
0
1
9
0
0
0
7
0
0
0
0
0
0
0
0
3
0
0
1
13
0
12
0
0
0
12
19
0
17
0
0
0
0
0
0
91
3
12
4
2
0
0
0
0
18
12
3
471
13
12
0
0
1
0
8
0
0
0
3
0
0
0
0
1
0
12
0
2
13
1
0
78
7
23
20
4
15
11
19
10
22
0
0
0
8
6
5
5
11
0
5
5
5
5
0
449
8
12
46
0
69
455
23
29
3
5
1
0
1
0
8
7
0
35
10
23
1
0
0
5
10
17
11
0
6
88
7
12
88
6
18
92
86
0
9
0
10
6
6
1
6
3
0
0
0
0
6
11
0
15
20
2
0
15
10
7
16
8
7
0
6
88
5
0
2
0
3
0
0
0
0
0
0
11
14
8
5
39
13
6
23
389
0
388
1
0
0
0
0
26
8
9
26
4
13
5
0
6
0
2
0
12
2
0
412
29
2
15
445
7
7
205
5
4
14
0
1
5
55
10
10
28
0
55
0
8
167
10
11
11
25
8
28
18
0
12
64
0
0
32
7
26
14
1
20
16
1
0
0
0
1
9
5
15
7
0
114
515
2
132
0
397
39
0
0
17
527
0
0
0
0
0
1
2
0
1
4
0
0
0
0
0
4
0
0
0
0
6
0
0
0
5
0
0
0
0
0
0
0
0
0
9
129
0
385
385
11
1
1
0
129
385
385
51
12
