0
24
76
0
0
0
0
0
0
0
1
12
3
0
21
0
0
5
0
31
0
1
154
17
0
0
40
0
50
0
1
0
21
0
25
0
0
104
9
6
6
1
51
24
119
0
16
19
0
30
2
0
36
2
117
254
36
49
1
0
0
1
0
0
0
0
0
0
0
0
31
23
2
76
7
1
0
2
4
3
0
0
16
2
54
1
0
1
0
5
0
0
0
0
0
7
28
0
20
0
2
0
2
0
2
5
10
128
0
0
0
0
0
0
0
25
0
25
5
0
1
0
0
0
0
0
0
0
0
0
0
0
0
0
0
0
0
0
0
0
0
0
0
0
0
3
0
0
0
2
0
0
0
0
0
0
0
0
25
5
0
0
0
0
0
2
0
0
2
20
0
0
1
2
20
6
0
0
0
0
2
1
21
1
2
6
50
24
49
507
452
2
137
97
56
91
20
61
72
84
21
4
21
0
2
1
2
0
17
98
0
90
0
0
0
0
2
2
3
1
0
70
20
20
22
1
0
22
25
21
22
1
0
20
20
0
25
0
1
0
0
0
20
20
0
0
20
0
0
1
0
0
0
0
0
0
9
0
1
11
10
10
22
22
1
6
0
2
3
3
1
49
2
3
1
2
2
21
20
25
11
0
0
0
0
0
0
0
0
0
1
0
9
0
2
386
22
27
23
20
0
0
0
5
0
118
0
15
5
15
1
0
5
5
25
20
0
0
104
1
0
17
20
0
11
0
194
3
70
455
168
6
5
0
50
3
0
0
111
0
0
1
0
4
24
0
93
0
9
0
6
169
9
0
0
1
21
16
6
24
130
0
58
9
400
63
5
6
27
5
142
63
249
1
100
0
17
17
5
