434
108
0
468
59
56
435
385
385
425
686
453
61
53
86
521
49
17
434
416
0
1
458
519
385
394
386
50
7
9
5
63
36
9
0
0
0
0
0
390
458
0
0
60
49
0
0
0
0
0
0
0
0
0
76
2
385
0
0
0
0
0
0
0
0
0
9
5
4
0
0
0
0
1
0
0
0
0
0
0
0
0
0
0
60
385
0
0
0
0
0
0
0
0
0
63
0
4
81
35
9
7
0
2
0
0
0
0
0
420
0
30
2
28
385
0
466
450
4
0
0
0
0
0
0
0
0
0
0
0
0
0
0
0
0
0
20
411
445
425
0
10
420
64
390
0
10
0
0
0
1
385
1
0
1
49
8
472
123
2
64
3
5
386
1
0
0
515
385
425
0
0
0
0
0
0
0
0
0
0
0
0
0
0
0
0
0
0
501
445
0
411
0
0
0
20
0
524
0
12
20
451
451
5
0
411
385
425
447
385
391
385
0
0
0
0
0
0
0
0
0
0
0
0
0
0
385
0
62
387
444
9
29
97
1
390
9
0
388
1
391
4
5
13
3
1
0
0
0
0
0
0
62
3
1
0
0
0
0
0
0
4
12
2
0
0
0
0
0
0
0
0
4
5
17
0
385
29
385
29
0
0
0
0
0
0
0
0
0
0
0
0
0
0
0
0
0
33
14
17
0
1
1
0
0
0
0
0
0
0
0
0
0
0
0
0
0
0
0
0
0
0
0
0
4
416
5
112
57
5
22
5
0
9
68
14
0
14
0
5
64
1
5
64
0
4
0
0
0
0
0
0
0
0
0
0
0
0
82
389
0
10
11
5
65
61
0
1
10
83
68
23
0
24
0
1
509
21
123
434
94
508
5
406
84
387
268
385
28
3
37
406
6
16
4
3
1
424
124
49
100
385
0
37
3
387
126
409
194
397
3
0
391
76
424
179
391
90
425
2
412
3
63
0
0
0
0
3
41
3
385
8
399
7
1
13
440
1
395
1
78
385
77
408
24
17
138
5
2
13
1
73
4
386
13
2
161
385
44
385
1
2
139
3
20
0
0
0
0
0
0
14
0
0
0
1
0
0
0
0
0
0
0
3
0
0
0
0
0
2
0
3
1
3
0
0
1
42
0
412
394
4
1
19
15
0
0
0
0
0
0
0
0
0
0
0
0
1
0
17
0
0
0
0
0
0
0
0
0
0
0
0
0
0
0
0
0
0
0
0
0
0
0
0
0
0
0
0
0
0
0
0
0
0
0
0
0
0
0
0
0
0
0
0
0
0
0
0
0
0
385
0
18
0
0
0
0
0
0
0
0
0
0
0
0
0
0
0
0
0
0
0
471
453
385
386
55
49
49
79
0
411
0
