6
143
0
6
0
9
1
2
5
109
161
5
0
5
0
0
15
1
1
13
95
1
21
20
0
2
17
20
0
5
0
0
36
0
16
0
130
27
0
1
1
17
1
0
1
0
0
10
0
0
0
9
0
0
10
0
0
0
13
17
0
0
1
0
0
0
0
0
0
0
0
5
14
0
3
20
11
21
7
4
1
0
0
5
1
0
94
1
7
15
16
0
0
1
10
10
27
3
6
0
12
0
0
8
117
0
0
20
11
64
0
0
0
10
10
3
4
0
78
0
26
25
5
1
93
0
0
7
4
0
0
0
74
0
0
3
14
69
17
0
3
1
0
14
25
0
1
54
15
6
1
20
20
23
4
0
20
36
0
385
385
25
14
0
0
385
385
25
14
0
0
0
0
0
0
67
0
0
0
0
0
0
0
0
0
9
1
0
0
0
0
101
18
0
504
0
0
0
0
0
0
69
0
20
21
1
0
0
0
21
20
81
0
0
21
385
385
14
68
1
385
452
1
26
7
472
402
24
5
0
0
0
0
385
0
0
67
7
1
3
0
0
0
0
1
0
0
0
385
0
0
10
0
0
385
0
0
0
0
1
0
0
1
0
1
0
0
0
0
67
0
0
0
0
385
0
0
0
67
0
0
14
3
0
28
0
4
385
386
0
2
0
5
385
6
2
2
2
1
9
3
0
0
0
110
24
0
8
23
15
7
0
133
125
0
9
5
87
2
1
1
0
0
0
0
0
9
0
0
7
3
119
0
4
5
13
95
74
455
43
7
9
7
9
5
5
21
394
0
18
0
8
0
0
77
6
64
9
211
87
44
89
9
2
49
15
1
0
100
68
5
7
2
79
385
25
98
10
19
0
151
22
142
6
44
3
0
0
19
37
217
5
22
0
9
5
0
189
0
110
5
7
0
2
40
0
8
37
0
14
5
13
13
17
7
7
64
183
0
3
147
0
2
27
20
22
5
159
27
7
5
0
51
61
42
3
5
14
6
60
3
0
125
0
3
167
0
20
135
32
15
5
35
395
43
62
0
0
5
81
20
419
39
0
11
0
0
1
1
0
0
0
0
385
0
0
0
0
0
20
1
0
0
408
1
0
385
396
386
20
67
424
385
29
32
20
0
410
0
424
424
0
1
0
10
5
0
0
0
385
385
0
385
385
0
0
0
385
385
5
0
1
386
6
4
4
1
0
