0
104
0
5
21
0
33
1
2
5
0
0
8
0
2
0
6
0
0
0
0
77
6
0
0
0
0
0
0
22
22
20
25
2
1
0
0
11
0
5
1
0
0
2
34
54
49
34
52
0
12
0
2
10
0
2
1
0
0
22
8
1
1
1
1
1
1
5
1
0
0
0
1
6
19
0
0
5
1
1
0
44
1
2
1
6
14
0
0
3
2
133
33
55
53
5
15
14
0
38
41
0
53
0
60
47
0
0
0
0
0
0
0
0
11
0
1
0
1
0
33
4
0
0
0
0
0
0
0
0
0
0
6
30
85
15
0
0
0
21
21
1
0
0
0
59
0
59
0
0
31
0
1
0
5
0
7
24
0
35
0
22
0
472
0
2
0
0
22
51
0
51
0
51
0
0
1
0
0
0
0
0
0
0
0
0
0
0
0
0
0
0
0
0
0
23
0
0
107
0
0
1
1
0
0
0
6
6
0
1
0
1
0
2
63
20
33
87
52
0
33
1
1
0
0
0
0
0
39
1
0
3
0
22
38
0
0
54
0
0
0
0
1
6
0
1
0
0
1
76
20
2
0
97
1
1
9
10
12
3
25
0
0
0
9
8
9
0
0
0
0
0
0
0
0
0
0
0
0
0
0
0
0
0
0
0
0
0
0
12
10
10
10
51
0
0
0
0
0
0
0
0
0
0
0
0
0
0
2
0
0
2
0
0
0
0
0
0
0
0
0
0
0
0
0
0
0
0
0
0
0
0
0
0
0
0
0
0
0
0
0
22
2
1
7
0
21
11
23
0
9
31
3
2
7
26
9
0
0
0
1
1
0
1
10
414
53
454
3
0
4
73
38
1
23
1
13
0
449
0
15
0
404
0
21
0
0
0
2
0
0
12
8
0
83
0
123
1
29
13
7
0
5
6
1
5
142
21
5
3
0
2
1
6
6
0
1
28
0
1
1
2
7
1
5
16
105
8
0
0
0
1
2
0
4
0
0
5
3
1
0
8
0
1
0
0
1
0
10
0
10
10
0
33
0
0
0
0
0
0
0
0
0
14
0
0
0
0
0
0
0
129
0
0
0
0
0
0
0
0
429
145
1
0
0
15
27
0
0
1
3
0
1
0
0
0
0
0
0
32
0
0
0
22
0
0
22
3
22
3
22
26
45
436
72
0
0
0
0
22
0
0
0
0
2
0
0
