0
0
2
7
4
0
2
0
1
0
0
0
0
20
0
21
60
2
5
5
1
0
0
0
10
5
5
20
0
10
0
3
3
0
18
1
0
0
10
0
0
5
8
0
0
0
1
20
1
3
0
20
0
172
0
64
4
1
0
0
0
3
1
14
2
9
12
0
0
0
0
1
0
6
2
0
1
0
1
5
0
423
33
7
0
2
24
5
0
35
4
4
1
5
0
0
0
0
0
0
0
0
0
2
0
81
5
0
0
0
0
0
0
21
24
21
0
0
4
0
0
22
21
5
9
0
3
0
6
0
0
5
13
7
5
5
1
5
7
0
0
5
3
21
4
0
2
0
0
0
30
57
1
0
2
1
2
1
3
0
0
0
0
0
5
0
3
9
0
1
4
3
2
21
6
3
0
8
0
8
3
64
5
0
0
59
59
0
59
0
0
0
12
6
3
4
2
59
0
0
0
0
60
3
0
10
15
0
1
0
5
0
5
6
1
1
215
125
0
0
4
5
128
2
150
2
63
0
0
37
4
0
27
83
6
9
33
385
0
33
18
0
59
0
0
0
0
3
0
0
3
0
0
0
0
0
508
0
425
0
425
0
0
0
0
0
0
0
385
425
9
0
0
0
0
0
0
434
0
0
0
385
425
0
0
0
0
0
0
0
0
0
0
0
0
498
0
0
0
0
0
0
0
83
42
8
0
1
63
32
12
29
0
33
0
0
6
0
2
7
0
0
64
7
90
0
9
582
400
63
439
449
102
6
10
66
4
68
0
0
0
0
0
0
0
0
0
0
0
0
0
0
0
0
6
0
0
0
0
0
0
0
0
0
0
0
1
0
0
0
0
0
0
0
0
182
0
0
0
5
5
14
13
396
397
10
15
79
2
0
189
19
0
3
116
0
5
0
8
3
448
4
1
24
0
5
0
0
25
0
0
1
1
1
4
8
0
0
20
3
0
5
17
1
2
4
1
480
0
12
64
4
0
0
0
18
0
0
1
16
20
8
5
8
10
385
12
84
25
10
2
49
28
70
455
28
6
0
4
0
7
23
4
6
4
0
1
14
23
84
4
11
6
0
6
6
1
1
17
6
3
63
125
3
22
22
19
0
3
7
1
116
114
426
19
5
0
2
1
131
5
5
6
0
14
74
16
25
48
15
3
33
18
25
0
0
23
33
6
21
399
2
51
1
1
0
19
0
5
1
0
1
34
5
6
32
9
0
22
7
9
0
51
1
5
286
1
253
0
59
15
5
179
0
4
4
257
1
12
80
0
0
47
0
6
56
10
96
5
0
0
0
0
0
0
0
0
0
7
0
76
1
0
0
0
5
1
1
2
1
56
5
12
1
7
31
1
37
9
0
9
22
0
0
6
15
0
6
19
17
17
90
64
519
90
63
405
0
0
4
0
488
399
15
0
0
69
0
39
9
74
5
63
5
14
1
1
4
0
0
0
6
0
2
70
6
0
0
20
95
5
11
10
16
1
25
1
10
1
63
64
8
10
0
0
3
10
0
13
0
2
517
425
0
394
425
0
489
1
1
1
0
0
5
