0
6
6
39
0
0
2
7
1
7
12
0
59
18
0
0
33
8
0
34
1
15
6
4
1
1
3
7
6
12
12
20
59
0
1
2
2
1
0
0
4
9
6
73
8
9
11
6
1
44
3
8
6
14
1
1
18
1
7
20
0
0
1
1
20
1
13
12
1
1
0
6
0
2
12
0
0
0
492
27
56
1
0
0
0
7
7
22
6
0
0
0
2
0
0
5
39
0
39
42
0
6
0
0
0
1
0
0
0
0
0
0
0
0
0
0
0
0
0
0
0
0
0
0
0
0
0
0
0
0
0
0
0
0
0
0
6
12
24
0
0
0
0
3
27
0
4
21
0
0
1
7
0
1
78
15
412
0
10
1
0
42
0
0
0
6
1
1
5
0
0
0
39
39
0
5
0
0
0
0
48
39
1
0
39
33
0
0
0
0
0
0
0
0
12
102
0
0
0
0
0
76
45
4
0
6
16
0
12
12
15
12
17
3
21
2
0
21
0
0
0
0
0
13
0
425
50
61
0
0
76
1
0
0
0
0
0
0
0
0
13
0
0
0
0
0
0
0
0
0
0
0
0
0
0
0
0
0
0
432
0
2
0
0
0
0
0
0
0
385
0
0
22
1
6
61
1
1
12
13
12
15
12
1
0
425
0
0
59
6
6
6
25
385
386
386
6
412
8
386
392
386
0
15
22
67
60
12
17
13
1
13
0
2
7
2
2
22
20
20
16
0
0
16
14
18
1
15
1
13
79
385
18
0
0
40
42
0
16
55
26
3
1
0
2
3
19
54
16
391
11
22
0
6
1
0
243
5
14
2
0
5
0
64
455
0
43
5
1
12
0
3
0
2
0
0
15
13
21
0
0
12
6
0
16
0
59
122
1
14
17
0
132
1
0
217
0
1
211
0
32
6
7
0
5
84
0
0
11
0
128
0
0
6
20
0
44
0
16
130
0
0
0
6
4
45
0
2
51
0
4
0
7
116
0
25
11
0
21
1
0
205
9
491
0
0
8
30
0
9
0
0
8
0
1
25
48
6
2
215
4
9
1
10
5
74
21
0
15
0
61
0
0
14
0
119
1
3
2
0
0
39
0
80
1
0
39
5
50
0
0
55
1
0
2
0
439
9
10
391
1
21
13
0
0
9
385
385
16
0
12
14
14
14
18
0
15
1
0
14
0
0
0
