14
2
1
0
6
6
10
7
24
6
8
386
14
9
20
66
62
17
24
79
7
14
6
27
109
6
59
386
392
58
0
24
6
0
0
5
11
11
16
10
16
50
13
4
1
7
1
1
0
0
29
15
3
0
5
6
0
23
7
20
0
0
50
0
0
0
14
11
0
0
0
3
0
26
0
3
0
0
0
4
8
0
3
3
0
3
0
0
0
0
0
0
0
0
0
0
0
0
0
32
0
0
6
2
60
2
0
1
7
0
0
19
7
23
1
15
0
10
0
6
10
3
0
20
0
0
6
0
11
385
14
7
25
5
0
0
0
0
0
0
0
0
0
0
0
0
0
0
0
0
10
0
13
5
0
19
0
3
0
0
1
0
0
12
0
15
15
0
0
0
1
19
0
6
394
391
88
7
421
445
58
12
3
0
6
424
390
0
0
0
0
0
25
5
5
8
391
46
419
390
5
0
20
385
388
1
11
4
39
36
9
6
0
13
0
16
0
448
0
0
7
0
8
429
0
4
0
2
17
12
399
0
8
88
419
0
8
11
0
0
2
54
436
5
5
0
1
1
0
0
0
0
0
0
4
0
0
0
0
0
8
18
1
0
2
386
89
19
1
0
0
0
87
79
14
11
0
5
0
9
1
3
2
3
7
1
0
9
6
0
20
7
0
0
9
2
9
4
0
391
5
4
386
4
14
36
0
0
2
0
24
15
0
21
79
0
0
51
0
7
386
8
0
5
0
1
5
4
7
13
15
8
1
0
5
0
2
0
8
8
11
11
12
6
9
0
9
14
17
6
0
17
94
20
0
0
2
0
29
50
0
15
10
19
13
13
0
5
29
0
64
455
14
7
0
0
0
0
33
5
8
3
5
0
5
2
26
2
5
53
16
19
8
0
0
148
0
0
0
385
14
11
31
7
16
1
39
15
0
19
15
4
7
5
0
30
1
95
11
27
0
0
1
15
84
0
0
0
34
13
7
0
1
0
212
5
2
7
0
385
14
237
0
0
18
16
17
59
2
15
0
0
34
0
72
6
37
0
14
46
11
2
3
10
3
21
1
21
385
6
385
15
0
0
8
0
0
0
6
5
5
1
20
24
15
2
0
0
0
0
0
0
15
9
0
0
7
12
0
15
0
400
5
13
4
2
400
405
392
0
0
0
0
17
0
5
20
0
0
17
49
5
5
20
1
17
0
10
10
2
0
2
2
0
10
4
0
0
0
0
2
2
10
0
0
0
0
0
0
1
0
0
0
0
0
0
0
0
3
0
12
2
0
0
3
0
0
0
0
40
2
1
10
2
2
8
59
18
10
10
0
0
0
0
3
4
430
1
0
0
5
1
385
1
5
