4
1
8
8
0
0
0
27
1
425
5
20
71
2
0
0
8
40
1
426
1
5
6
40
6
35
6
0
0
0
469
0
1
4
89
12
3
1
7
14
10
8
1
0
3
0
0
0
3
0
5
4
0
4
21
0
0
0
0
8
25
0
15
8
436
7
0
68
6
18
474
0
0
0
0
4
1
3
0
0
1
3
0
0
0
411
445
0
0
0
0
0
0
0
9
117
493
3
1
1
2
68
0
0
426
462
0
0
8
36
0
3
3
4
518
1
0
447
6
1
17
8
7
162
55
451
1
45
427
0
10
1
0
0
566
1
71
426
430
1
573
83
0
0
0
1
426
0
2
0
1
3
427
0
60
3
1
63
541
6
0
22
0
0
0
0
0
3
0
0
0
0
0
0
0
0
0
23
0
0
624
6
0
6
0
24
0
6
2
8
1
92
1
19
1
84
0
327
385
32
0
385
426
0
385
428
1
483
14
8
5
1
64
449
7
1
10
390
11
8
8
11
3
37
0
109
405
6
1
145
6
0
114
426
63
7
6
386
38
0
443
37
59
6
140
6
7
29
7
8
29
58
30
64
41
6
109
8
0
0
0
0
0
0
0
30
1
0
0
0
0
2
0
0
0
0
