6
209
0
1
0
6
7
1
0
12
1
14
0
1
23
503
1
490
2
0
0
38
26
5
84
22
21
2
1
0
0
1
5
0
0
1
1
0
20
0
1
5
7
108
0
2
89
1
1
65
2
85
34
0
0
0
66
131
49
63
21
96
22
7
2
29
103
1
0
1
0
11
0
1
0
24
0
0
0
0
0
0
0
0
0
17
16
15
0
22
5
133
7
2
0
0
0
21
72
440
0
0
2
1
0
0
1
0
0
49
49
21
0
0
1
1
58
23
0
1
28
6
390
0
26
0
0
18
18
0
5
0
1
2
17
75
0
0
19
6
2
1
426
69
5
4
2
85
61
445
20
27
51
0
16
0
1
5
32
54
99
3
413
0
0
0
0
0
0
468
0
10
0
13
0
0
0
0
0
126
29
97
17
448
0
2
0
517
23
0
5
0
5
1
2
0
20
0
0
0
0
50
10
0
82
511
9
7
0
1
5
7
386
5
7
0
1
2
1
25
101
0
0
0
552
0
18
489
522
0
522
117
425
1
29
1
98
0
0
1
5
1
6
0
1
0
0
0
3
12
2
88
0
1
1
85
0
90
0
2
0
66
455
23
211
1
12
20
0
96
3
1
7
5
2
91
8
3
0
162
2
161
1
94
387
21
0
12
86
1
19
3
7
22
42
58
12
51
0
1
3
0
424
219
2
0
112
0
15
167
0
385
5
0
0
116
426
0
392
0
21
2
8
27
16
16
9
97
0
5
113
2
25
0
33
14
0
17
28
13
18
6
8
7
4
62
6
1
139
1
10
6
140
16
48
398
388
0
200
0
22
21
27
7
224
3
1
5
41
6
24
1
155
2
2
1
18
1
17
1
2
54
1
20
1
21
30
0
0
0
0
0
0
0
0
0
0
0
0
0
0
0
0
0
0
0
0
0
0
0
0
0
0
0
0
0
4
0
15
20
11
0
5
26
0
0
0
0
0
0
0
0
0
0
0
0
0
0
0
38
20
1
15
54
0
20
2
418
1
1
0
0
0
2
0
17
0
23
20
1
0
0
0
0
0
0
0
0
0
0
0
0
0
0
2
17
0
0
0
0
0
0
45
17
24
0
1
1
21
0
0
6
23
7
6
1
15
10
11
18
1
5
0
64
