93
91
0
25
46
28
14
10
94
25
22
12
43
144
79
10
107
122
54
19
149
22
115
21
12
10
11
16
0
10
133
83
5
20
133
73
0
0
0
0
0
9
99
2
48
14
37
25
12
20
10
21
162
105
2
75
81
78
2
83
2
9
2
28
40
13
2
0
386
1
113
438
115
94
0
0
83
31
11
20
20
15
26
0
0
23
31
85
11
20
11
0
0
0
0
0
40
20
110
37
21
23
0
108
36
2
9
31
21
11
21
41
30
1
32
0
11
0
0
0
0
0
0
0
7
0
10
30
1
3
10
11
0
1
0
12
23
0
0
0
0
0
10
2
10
15
9
44
34
5
10
0
0
6
2
2
81
0
0
0
0
0
0
21
0
31
1
26
5
2
0
0
0
0
0
0
0
0
20
1
0
0
0
3
0
21
11
11
32
41
0
3
0
2
0
0
0
1
1
11
1
4
1
2
1
11
16
10
10
15
11
96
53
10
0
103
86
26
93
91
0
15
11
22
31
12
0
11
19
34
20
20
35
15
22
396
18
14
23
20
118
28
6
70
455
23
23
5
13
9
64
5
3
2
17
9
2
18
15
10
37
36
15
10
6
20
15
6
1
421
1
2
5
11
7
2
17
28
13
276
16
11
16
5
2
19
2
37
9
76
18
8
19
39
13
10
6
6
