449
0
0
0
7
468
8
2
0
8
397
506
473
19
1
5
3
0
10
12
137
26
0
5
17
3
433
26
388
3
0
387
5
0
2
9
6
0
474
12
11
0
0
1
3
3
0
417
459
0
385
1
5
405
449
0
385
391
0
385
386
1
1
0
10
16
13
64
64
0
385
386
1
0
0
0
30
0
0
388
1
0
6
11
401
395
53
0
1
418
1
11
0
416
16
17
414
386
3
3
391
3
387
385
34
11
1
0
385
1
426
403
391
0
5
449
449
7
385
385
389
1
53
405
0
3
9
0
0
3
0
1
0
385
0
0
0
0
0
0
0
0
36
12
22
22
0
0
0
3
0
20
0
405
20
0
0
22
1
394
0
0
0
0
405
0
0
0
0
0
0
0
394
0
0
0
0
0
0
0
0
9
0
1
385
385
399
11
0
0
0
0
394
0
385
2
0
0
0
0
0
0
0
0
0
0
11
2
0
0
84
4
4
0
0
0
0
20
40
20
0
0
385
388
57
41
0
2
0
0
20
406
0
386
385
2
0
405
0
0
0
0
394
0
0
0
0
0
0
0
0
0
4
0
0
0
409
0
16
0
4
0
20
20
20
0
414
394
385
0
0
27
0
4
394
0
19
9
0
0
0
0
0
0
20
10
9
0
9
473
0
27
0
20
0
20
2
25
24
415
0
0
385
5
394
386
385
0
7
1
11
2
0
0
0
0
0
10
0
2
39
41
39
0
0
1
0
449
4
9
0
0
1
4
0
4
0
408
0
0
0
0
0
0
40
12
2
0
0
0
5
0
1
0
117
20
11
117
69
388
396
6
469
435
415
388
0
0
2
427
0
0
0
0
71
3
411
0
0
0
0
117
1
117
2
11
0
0
385
0
0
385
385
385
0
49
0
0
0
0
0
0
0
0
0
0
0
20
0
0
0
385
0
0
385
385
385
0
49
0
0
0
0
0
0
0
0
0
0
0
0
20
45
3
2
83
0
395
0
385
3
0
17
0
0
1
0
0
0
7
0
1
1
1
0
0
0
4
39
0
3
5
0
0
0
0
5
0
22
5
6
5
90
0
3
0
90
0
9
0
0
25
1
0
0
10
12
1
1
2
8
5
0
0
91
0
3
0
481
21
12
60
7
9
0
3
8
0
0
0
0
0
10
6
11
84
2
6
77
455
18
1
391
0
0
0
10
0
2
388
5
8
3
6
0
0
0
1
2
0
5
7
0
0
7
0
0
5
0
1
5
14
7
6
0
20
5
0
30
6
6
9
82
6
111
68
110
405
6
391
17
9
114
0
425
5
0
11
16
397
10
390
6
21
1
15
7
87
5
1
7
11
2
6
5
0
1
0
6
5
25
385
12
11
0
5
401
442
85
92
0
5
12
385
25
1
6
0
78
0
12
7
0
0
0
2
0
1
388
5
6
392
1
385
139
5
141
6
9
6
385
6
99
17
82
411
2
69
18
10
4
5
1
3
14
0
7
90
0
63
84
0
393
2
6
0
0
0
1
0
3
0
1
80
0
1
0
0
0
0
1
0
1
2
0
3
0
8
0
64
0
0
4
3
2
1
0
0
2
20
0
0
0
0
59
0
0
385
0
0
1
0
0
0
0
0
0
0
0
0
0
0
0
5
0
387
0
385
1
0
0
0
0
0
0
0
11
0
0
4
2
4
2
0
0
0
0
4
2
0
2
0
11
1
0
4
0
0
0
0
20
0
386
2
0
385
0
385
2
385
0
385
2
0
0
0
0
0
0
0
2
0
0
0
0
0
0
0
0
0
0
0
0
0
0
0
0
0
0
0
0
0
0
0
0
0
0
0
0
0
49
1
385
469
0
0
515
132
0
50
0
0
0
15
0
0
0
0
0
0
0
0
41
0
0
3
0
0
0
10
11
3
27
66
0
12
0
0
0
0
0
0
0
0
0
0
0
0
0
0
3
0
0
0
0
385
0
0
0
0
0
0
0
59
168
0
0
385
19
0
0
0
20
22
4
385
0
0
143
386
400
408
3
0
4
1
5
0
0
13
2
5
6
20
0
5
0
0
0
6
0
15
15
