6
0
0
0
0
0
7
35
49
8
0
2
39
3
0
2
3
50
69
0
0
4
53
54
17
60
49
0
1
0
102
6
27
0
15
0
15
0
0
64
385
59
3
4
0
0
2
3
0
0
64
0
15
6
5
2
0
7
8
40
0
1
0
0
0
15
0
0
1
40
39
10
1
42
4
86
39
1
137
94
55
57
48
15
15
69
39
30
0
0
26
89
27
0
34
11
12
0
49
20
12
0
459
5
25
32
22
50
25
0
10
66
98
55
0
99
49
0
0
0
0
41
0
0
0
0
0
0
0
0
0
0
0
0
0
0
0
0
0
0
0
0
0
0
0
0
0
0
0
0
0
0
0
0
0
0
0
0
0
0
0
0
0
0
0
0
0
0
0
0
0
0
0
0
0
0
0
0
0
66
56
0
19
2
1
20
16
89
5
0
11
0
79
0
0
1
0
113
427
55
5
15
465
56
1
385
20
15
99
75
49
0
56
78
56
0
0
5
0
0
0
10
49
0
2
0
0
16
451
75
55
448
2
6
60
0
0
0
0
0
38
0
0
0
0
0
0
0
0
0
0
0
0
0
0
0
0
0
0
0
0
0
0
0
0
0
0
0
0
0
69
1
2
15
50
108
62
1
385
15
63
9
15
0
49
114
445
39
1
5
1
0
0
0
2
0
0
40
39
40
1
57
1
5
0
90
0
30
15
18
3
4
0
6
0
0
16
1
1
0
0
1
2
1
0
4
5
0
5
6
6
0
0
0
85
0
13
23
1
28
6
0
0
64
455
23
6
16
7
7
0
0
0
1
0
0
0
0
6
0
6
0
4
0
0
122
2
7
3
5
21
0
10
11
6
8
0
27
20
10
8
49
5
1
12
15
7
0
0
2
10
4
1
18
3
7
0
1
11
7
16
5
6
45
5
2
401
20
0
1
0
1
0
77
55
13
7
0
5
12
0
8
1
6
0
59
15
5
159
20
24
0
17
25
1
5
485
11
7
17
6
7
6
