5
22
0
0
0
3
17
2
3
0
0
0
0
11
0
22
0
0
0
0
0
0
0
0
0
0
0
0
0
0
0
17
11
18
1
21
0
17
0
0
0
0
0
0
0
0
0
0
0
5
0
0
0
0
0
0
0
0
0
6
16
0
43
68
0
0
20
9
10
1
1
0
16
12
5
0
7
15
1
5
7
0
11
0
15
0
0
0
0
0
0
0
0
0
0
0
0
0
0
4
0
0
0
16
8
16
8
0
0
8
49
0
0
0
1
25
16
15
0
1
10
0
3
3
0
3
1
9
9
0
9
0
20
4
0
1
1
17
5
7
0
0
0
20
0
20
0
0
20
21
0
21
20
20
21
0
0
20
0
0
0
1
20
20
2
20
2
8
20
20
0
20
0
20
0
22
1
17
30
2
0
0
25
83
2
5
17
5
0
0
0
0
0
0
0
0
20
83
0
1
0
0
6
15
7
17
18
22
0
0
20
0
0
1
15
7
5
5
74
64
3
0
29
0
13
81
0
21
1
29
0
0
0
0
1
27
0
16
18
0
0
0
5
59
9
59
23
3
0
0
2
404
0
0
0
0
0
0
0
0
59
0
59
0
0
0
0
0
0
0
0
0
0
0
0
0
3
22
404
404
0
0
0
0
0
0
0
0
0
0
0
0
0
0
0
0
0
0
0
0
0
0
0
0
0
0
0
0
0
0
0
0
0
1
387
451
423
27
20
0
12
63
5
426
0
2
0
1
0
1
0
0
59
1
0
0
0
0
8
455
62
0
1
7
1
1
33
403
20
0
0
0
0
0
0
0
458
11
20
0
20
5
9
32
6
0
540
0
0
22
1
0
0
0
0
0
2
2
4
12
0
51
81
0
0
0
0
0
0
0
0
0
0
0
0
0
0
0
0
0
0
0
0
0
0
0
0
0
0
1
0
0
0
0
0
0
0
0
0
0
0
0
0
0
0
0
0
0
0
0
0
0
0
0
0
3
2
6
4
3
0
1
16
17
0
89
15
0
79
1
12
78
0
3
1
5
0
0
138
1
17
6
1
3
0
420
5
3
1
17
3
14
16
7
33
0
3
0
39
0
10
5
64
455
226
6
11
10
0
17
63
19
15
0
5
4
0
94
387
47
6
10
8
1
18
0
6
2
21
3
1
6
6
2
24
48
50
0
445
37
6
5
6
17
22
1
16
0
31
9
5
127
15
0
1
102
11
8
0
1
13
0
5
0
10
0
15
0
1
14
107
404
0
