0
0
0
1
1
0
1
0
0
0
0
0
0
0
0
0
20
1
4
0
0
0
0
0
0
1
47
1
1
25
0
21
1
1
0
0
0
0
0
0
0
0
0
0
0
0
0
0
0
1
20
0
0
0
0
0
20
0
0
0
0
0
3
0
0
0
0
0
0
0
0
0
0
0
0
0
0
0
0
0
0
0
0
0
0
0
0
20
0
0
0
0
0
0
0
0
12
0
0
0
0
12
0
3
0
11
47
28
8
0
0
5
23
0
8
6
10
0
0
0
0
0
0
0
0
0
0
0
0
0
0
0
0
0
0
0
0
0
0
0
0
0
0
0
0
0
0
0
0
12
12
8
0
0
2
20
0
0
12
0
12
13
0
0
0
0
20
20
0
0
0
1
0
0
0
0
0
0
0
0
0
0
1
0
0
5
0
2
0
0
1
20
2
0
0
2
0
0
0
2
0
0
0
2
7
0
3
0
0
0
0
0
9
9
0
0
0
0
1
0
4
0
3
0
3
0
0
1
0
0
8
0
1
0
4
0
6
0
0
