20
14
0
0
3
19
119
106
11
137
0
19
81
0
28
11
23
5
21
20
3
21
151
42
0
0
0
0
0
42
31
83
0
8
63
41
0
45
61
20
184
0
21
8
0
127
22
79
5
1
95
72
6
0
0
5
75
23
91
75
106
89
0
117
1
148
64
0
0
77
19
16
67
66
0
1
10
56
0
0
64
0
42
71
42
0
0
0
64
42
108
106
0
0
76
1
2
0
0
4
64
2
5
0
2
23
2
129
9
106
86
138
129
0
106
0
0
225
0
224
116
0
0
106
234
117
106
165
59
106
112
128
106
42
106
0
106
1
26
0
12
0
0
0
0
0
0
2
2
28
423
2
51
67
22
1
62
1
31
0
0
116
76
0
14
13
0
0
0
0
21
0
39
47
25
1
0
2
0
0
0
0
0
85
385
20
0
0
0
0
0
0
0
0
0
0
0
0
0
0
386
18
27
59
399
18
59
2
386
533
39
0
23
20
23
0
0
0
59
0
9
39
0
95
0
21
2
0
60
41
0
21
21
64
22
35
407
147
42
59
42
0
42
0
116
180
158
540
108
14
1
1
0
65
84
126
1
64
2
44
20
147
2
30
3
8
1
0
10
12
65
12
20
1
20
5
111
0
91
0
178
0
6
13
38
87
455
23
97
7
17
3
386
0
11
76
11
2
21
5
0
10
9
399
90
140
0
1
25
0
63
7
7
116
0
5
66
64
5
48
25
6
5
6
137
9
2
7
1
10
0
19
0
21
16
5
425
15
29
25
5
66
10
10
449
37
2
65
19
71
0
4
0
112
9
34
63
63
20
13
100
20
6
17
8
2
0
12
0
0
63
7
34
76
5
0
5
6
3
7
1
5
29
84
6
0
42
20
0
0
0
8
0
13
0
42
0
0
0
0
0
43
20
7
0
64
