0
7
2
225
0
0
0
5
0
1
0
21
0
25
0
0
0
7
1
50
150
150
0
118
1
148
5
20
39
0
0
3
0
0
3
0
15
1
0
1
0
0
0
118
2
1
1
0
0
2
1
0
117
0
0
0
10
0
0
0
0
0
0
0
0
0
0
0
0
0
0
0
2
10
9
6
0
0
0
0
0
0
0
22
0
0
39
40
1
19
0
0
0
0
0
1
0
0
24
0
0
19
3
20
0
0
0
0
0
0
0
0
0
1
0
18
4
1
0
0
0
0
20
1
0
0
21
0
0
1
0
0
21
1
72
0
0
19
26
0
0
0
0
0
0
9
0
15
1
20
2
0
1
1
0
20
0
0
0
0
0
6
29
0
132
573
56
12
13
42
20
17
13
18
39
16
0
33
26
9
0
9
39
4
0
3
149
121
130
20
0
116
116
2
0
25
0
1
117
0
0
0
0
0
0
0
0
0
0
0
0
0
0
0
0
0
0
0
0
0
0
0
0
0
0
0
0
0
0
0
0
0
0
0
0
0
0
0
0
0
0
0
0
0
0
0
0
0
0
0
0
0
0
0
0
0
0
0
0
0
0
0
0
0
0
0
0
0
0
0
0
0
0
188
59
6
4
20
0
121
16
0
0
20
23
15
0
0
1
8
18
4
142
0
159
4
4
5
142
0
0
0
0
0
0
0
0
0
0
0
0
13
0
0
0
0
0
0
0
0
83
140
60
0
0
13
39
2
0
7
0
2
59
0
0
0
0
0
0
0
0
0
4
0
0
10
11
11
0
0
6
12
4
0
0
0
0
19
0
4
13
6
0
0
2
0
0
39
0
0
3
0
0
0
10
6
5
0
0
123
11
1
0
0
2
0
0
7
0
83
1
0
0
0
19
0
19
14
161
208
6
0
0
0
0
6
0
0
0
0
0
0
19
6
5
7
7
5
20
16
0
15
115
451
58
0
0
0
11
147
13
11
145
5
11
5
133
5
7
39
1
20
13
121
5
11
0
1
1
116
0
63
6
236
6
11
39
0
56
0
25
11
36
1
7
0
12
91
0
6
9
11
0
5
6
0
0
11
39
1
0
466
421
0
2
0
1
6
0
1
0
13
14
5
0
13
9
16
0
2
0
0
39
0
0
3
0
0
0
10
6
0
15
10
14
6
0
20
0
0
0
0
0
0
0
0
0
0
0
0
0
0
0
0
0
0
0
1
3
2
0
0
12
0
5
4
7
9
0
3
0
0
0
7
3
0
7
6
5
4
4
8
1
0
0
0
0
0
6
0
1
5
17
0
11
5
0
15
11
12
2
6
0
0
5
0
0
0
0
0
0
0
0
0
0
3
0
0
0
3
0
0
0
1
0
0
0
0
0
0
0
0
0
0
0
0
0
0
0
0
0
0
0
0
0
0
0
2
0
0
0
0
0
0
0
0
0
0
4
0
0
1
0
4
4
0
0
4
0
0
0
0
5
5
0
0
0
0
0
0
0
0
0
0
0
0
0
0
0
20
