0
159
0
2
0
6
0
21
38
0
16
7
5
12
39
5
434
6
1
117
4
0
0
173
0
25
150
10
25
1
0
0
66
39
60
39
14
0
5
2
4
0
0
0
431
292
0
15
0
0
23
0
1
0
0
0
117
0
141
2
117
25
44
0
23
86
58
105
101
40
61
59
427
18
39
1
0
0
23
0
0
0
0
0
0
18
0
442
22
39
12
0
0
2
0
0
20
20
0
0
0
0
1
0
20
0
0
27
0
0
0
0
0
0
0
39
1
5
39
58
0
67
0
10
10
0
10
0
0
0
0
0
0
0
0
0
0
0
0
0
0
0
16
5
21
66
59
0
16
10
10
12
0
0
8
7
0
0
6
0
23
0
117
7
0
0
0
0
0
0
0
24
32
11
13
0
385
429
385
385
0
0
0
0
0
0
49
0
0
10
1
13
385
396
385
502
385
0
0
0
0
0
0
0
0
49
10
10
385
0
3
551
44
1
0
0
0
1
4
8
0
0
4
0
20
0
0
59
0
3
0
13
0
0
0
0
0
49
0
0
0
0
28
10
0
0
0
0
0
149
0
0
398
0
0
0
10
0
15
10
42
36
10
6
17
11
12
28
0
0
0
0
0
0
0
0
0
0
0
0
0
0
0
0
0
0
0
0
10
26
0
0
0
0
0
0
0
0
0
0
0
0
0
0
0
0
0
0
0
0
0
18
0
18
1
0
0
0
10
39
18
19
18
18
0
0
0
0
10
0
18
18
58
39
5
9
0
1
0
0
0
0
0
0
5
4
0
0
0
0
5
19
18
0
12
5
15
0
6
82
1
12
27
64
15
0
0
67
46
7
13
7
411
0
0
0
31
1
445
4
35
12
70
455
13
1
20
0
5
31
0
7
0
7
9
15
6
12
8
5
26
18
6
24
64
13
0
22
199
0
0
5
5
17
7
1
15
7
15
0
13
31
58
12
52
0
68
1
22
0
0
12
6
0
14
6
0
6
9
0
19
29
0
12
10
52
6
7
49
6
0
0
6
12
0
5
0
1
11
6
16
6
34
15
17
14
0
0
0
187
0
12
6
163
12
19
58
0
445
37
0
0
0
5
1
4
1
14
8
6
15
0
0
32
1
7
2
5
9
24
3
236
64
0
0
0
31
9
9
6
5
1
15
0
7
7
0
123
0
5
123
6
5
199
0
5
7
126
0
0
1
136
3
6
9
0
13
0
10
21
1
24
66
45
30
15
0
0
7
0
12
204
1
9
30
0
15
6
0
17
4
0
57
0
28
20
1
412
8
405
411
423
385
0
0
385
0
27
6
0
0
0
0
0
0
0
0
0
0
0
0
0
0
0
0
0
0
0
0
0
0
0
0
0
0
0
0
0
0
0
0
0
0
3
0
0
387
27
0
0
0
0
0
0
0
26
0
0
0
0
1
0
6
434
434
0
0
0
0
0
0
1
462
1
1
385
1
7
