16
0
8
118
0
37
11
7
35
0
0
57
2
30
11
12
36
26
0
120
34
0
64
37
27
6
95
2
11
15
125
0
29
31
30
2
0
10
48
20
1
3
11
16
35
10
35
412
0
8
2
1
1
1
1
0
87
18
6
15
21
17
23
48
0
0
0
0
0
0
5
0
0
0
0
6
12
0
1
16
38
0
36
0
0
46
0
10
49
52
1
74
49
13
0
0
0
10
0
0
0
16
5
0
0
0
2
0
0
0
0
0
49
1
0
0
0
0
0
0
0
0
1
42
20
10
10
0
10
50
0
0
0
0
0
0
11
0
0
83
64
11
1
59
0
2
0
0
0
0
0
0
0
0
2
0
0
0
0
0
0
10
0
0
0
0
22
65
1
68
0
0
20
10
32
100
78
53
0
9
87
49
12
0
0
0
0
12
1
13
32
2
12
10
0
10
0
0
0
0
0
9
0
0
0
0
0
0
0
0
0
0
0
0
0
0
0
0
0
0
0
0
0
0
0
0
0
0
0
0
0
0
0
0
0
2
0
0
0
0
0
0
0
2
0
0
0
28
26
1
3
10
10
5
10
28
5
6
9
0
0
0
0
9
0
0
0
2
29
20
9
11
20
78
10
10
0
0
11
11
10
13
10
27
10
0
3
20
15
0
21
0
0
0
0
0
0
1
7
1
8
4
0
0
15
0
10
33
18
0
0
0
3
25
10
15
10
10
11
76
0
2
2
0
55
0
0
0
0
0
0
0
0
22
0
0
0
0
0
0
1
23
49
11
54
17
0
20
2
0
0
1
27
0
2
22
0
1
21
0
3
0
32
0
3
0
26
6
2
10
390
18
20
8
64
455
0
0
1
0
17
0
406
50
9
64
0
53
12
0
6
0
0
14
27
0
8
0
0
15
2
32
0
4
11
0
18
20
10
8
0
1
14
25
0
0
6
0
130
9
0
26
25
14
17
2
7
49
7
6
0
5
7
0
16
8
7
0
6
65
6
17
132
1
0
12
61
0
20
7
0
13
39
20
35
1
59
29
28
50
0
25
13
0
0
0
0
0
0
0
0
14
0
2
5
0
1
0
0
0
0
0
0
52
0
25
0
0
0
0
13
0
5
0
0
1
0
1
7
0
6
0
0
39
0
0
0
0
0
1
4
8
76
0
0
76
0
0
0
0
0
1
39
4
5
0
0
1
0
0
1
1
4
0
0
7
0
0
0
0
0
0
0
0
0
0
5
0
0
3
0
0
0
0
0
0
0
1
1
47
0
0
0
0
0
0
0
0
0
0
0
0
0
0
0
0
0
0
0
0
0
0
0
0
0
0
0
7
20
31
1
0
0
0
17
0
0
0
4
0
0
7
0
0
0
0
0
0
15
17
17
17
0
