2
114
0
21
4
6
21
2
1
1
0
0
2
0
20
6
2
8
2
100
3
10
2
14
6
0
47
0
0
0
7
1
12
12
4
4
0
2
1
0
10
13
0
0
0
1
0
3
2
9
2
9
49
0
16
20
0
20
0
0
0
4
0
0
4
0
5
0
0
0
1
12
38
3
1
8
2
0
2
6
5
3
0
3
0
1
3
3
0
0
3
19
0
0
59
0
0
0
1
1
12
1
0
0
0
0
25
24
0
20
0
1
0
0
0
0
0
0
0
5
2
0
0
0
0
0
0
0
0
0
0
66
0
0
16
0
0
5
17
6
11
28
0
0
1
2
24
1
2
1
5
1
1
391
393
1
7
439
10
0
10
7
6
0
33
45
388
0
6
0
0
1
18
3
0
0
0
2
0
1
1
5
2
1
1
2
2
2
0
0
0
0
443
53
0
3
1
2
0
0
0
0
0
0
0
0
0
0
0
0
3
0
5
39
52
1
422
3
1
0
7
0
0
162
14
6
0
385
76
21
411
425
2
1
1
0
2
0
0
408
430
0
22
0
0
0
559
0
390
0
0
0
0
0
0
0
415
2
2
0
388
4
0
387
4
3
403
0
0
413
1
6
25
2
5
5
400
0
2
0
0
0
15
0
0
34
0
0
0
0
0
43
38
0
0
0
0
0
6
7
0
4
12
0
7
6
0
7
421
27
91
4
144
8
6
6
0
5
3
0
0
0
0
20
0
3
0
3
6
2
5
2
3
3
6
0
187
8
13
84
71
1
25
2
0
2
64
455
23
8
0
5
6
1
5
6
6
6
25
6
5
23
6
5
6
6
0
84
1
2
51
13
8
66
13
8
0
2
0
97
0
1
3
38
0
1
0
1
6
0
6
12
6
6
0
6
7
12
6
9
1
5
6
5
8
10
21
7
14
19
53
7
6
0
2
0
5
0
6
0
5
0
9
15
13
6
0
54
8
6
107
27
14
107
3
12
9
3
0
158
2
30
5
8
15
94
2
6
129
0
0
13
0
3
55
8
14
124
3
12
6
4
0
0
0
0
4
0
0
0
1
4
16
1
0
109
8
387
99
2
11
14
2
5
4
0
1
0
0
0
386
0
0
0
0
385
0
2
3
3
31
2
0
28
1
2
6
1
0
372
0
0
20
1
0
1
9
4
20
5
20
0
0
0
3
1
0
1
4
11
3
6
