8
81
0
0
9
1
13
9
9
27
9
1
7
0
6
4
81
0
8
1
8
8
228
1
45
7
6
21
17
11
3
3
13
87
10
0
33
1
8
107
9
0
14
34
9
7
1
1
3
3
9
89
1
1
0
0
0
0
0
0
0
0
0
0
0
0
0
0
0
0
0
2
1
9
0
10
15
89
29
1
2
0
2
1
9
0
1
81
11
0
0
11
8
11
8
6
11
8
0
0
116
37
20
15
32
3
0
0
1
8
1
1
0
8
0
0
8
0
0
0
42
9
32
9
1
70
14
9
5
0
0
0
0
0
15
76
8
8
0
0
31
1
20
0
1
9
13
13
9
0
0
0
0
0
0
0
0
0
1
24
0
9
6
8
44
15
51
0
10
5
0
8
12
1
1
16
12
0
0
0
0
0
0
0
0
0
0
0
10
8
9
8
9
7
10
34
8
9
7
72
8
8
6
8
0
0
0
0
0
0
0
0
15
16
0
0
0
0
0
0
0
0
0
0
0
0
0
0
0
0
0
0
0
0
0
8
56
24
86
94
0
15
22
21
25
0
0
11
37
40
8
9
20
0
9
1
0
0
0
0
0
0
0
0
0
0
0
0
0
0
0
0
0
0
0
0
0
0
0
0
0
0
0
0
0
0
0
70
4
31
36
18
15
1
9
2
15
8
0
59
0
0
92
8
85
33
14
0
9
33
6
7
8
15
0
0
61
1
59
9
1
1
15
8
0
8
9
0
48
8
39
0
1
8
8
12
39
121
0
162
1
101
274
1
1
8
1
0
38
13
8
10
29
0
28
5
0
0
0
76
3
6
430
27
95
2
17
6
121
6
103
12
122
11
128
21
19
1
39
0
5
1
5
5
0
10
0
14
0
7
21
8
3
6
1
22
1
241
26
106
1
14
0
7
0
10
9
20
25
403
90
82
5
12
2
82
1
27
1
92
9
136
6
40
4
9
0
1
487
5
13
0
14
6
10
0
297
0
5
6
78
11
114
5
143
21
311
0
0
0
282
0
25
5
200
411
115
5
13
0
12
0
213
10
174
1
174
0
0
179
0
0
52
7
6
0
0
0
0
1
0
38
21
20
15
0
1
23
18
0
49
21
224
5
142
10
12
0
11
3
8
0
11
23
105
0
0
