10
131
0
26
16
11
2
22
12
0
0
35
58
15
17
1
1
31
45
12
109
84
0
19
4
0
7
76
1
10
1
1
1
22
21
12
0
1
0
13
23
19
23
0
0
0
1
0
0
1
0
0
0
0
0
15
11
43
0
0
0
0
0
0
84
33
3
4
2
99
17
0
0
0
0
0
0
0
0
9
9
0
41
21
4
3
13
9
0
0
0
0
0
0
9
13
36
13
5
0
1
14
0
18
28
50
1
1
26
12
15
0
0
0
0
0
0
0
19
36
16
1
12
17
6
2
9
33
15
13
26
9
9
0
0
0
2
10
24
17
0
0
0
0
0
0
0
0
0
0
0
0
0
12
0
0
0
0
0
23
0
0
0
0
0
0
0
10
10
0
2
5
1
8
7
53
65
29
34
79
10
0
0
0
0
20
0
0
0
22
0
0
0
1
6
1
3
9
9
90
0
0
0
110
85
0
0
0
0
0
0
0
0
0
0
0
0
0
0
0
0
0
3
1
0
11
126
0
22
2
53
0
0
0
0
0
0
0
0
0
36
0
22
0
6
30
0
9
9
12
86
0
9
0
0
0
0
0
0
0
0
0
28
27
27
1
3
9
12
1
0
0
9
0
12
0
3
9
34
33
0
0
25
0
0
12
50
10
92
37
4
2
19
24
22
10
0
1
0
0
0
0
0
2
27
0
1
9
0
0
0
0
0
0
3
35
20
10
19
5
17
19
396
18
85
57
133
28
6
41
385
394
10
6
31
38
33
17
56
20
13
23
5
13
9
64
5
13
5
10
7
18
21
11
66
6
2
72
15
37
33
33
9
13
0
5
50
15
0
34
10
7
394
23
2
16
7
2
10
6
6
7
49
11
1
12
28
13
24
3
2
19
8
82
21
13
33
2
9
12
72
8
82
18
8
19
39
13
10
6
6
