5
3
9
0
0
5
5
0
7
6
0
0
1
5
1
0
1
0
0
9
0
14
2
8
2
0
3
2
1
0
49
37
0
0
0
21
4
0
0
0
8
5
8
12
15
0
6
0
0
0
2
9
0
49
0
0
19
0
0
1
0
5
0
39
0
0
5
0
0
1
2
0
0
0
0
0
0
0
0
0
2
0
0
0
0
0
0
0
0
0
0
0
0
0
9
25
0
0
2
0
0
0
0
0
0
0
0
0
0
0
0
0
0
0
0
0
0
0
0
0
12
0
0
0
0
0
0
0
0
0
0
0
0
0
0
0
0
10
10
0
10
0
0
22
2
0
1
2
0
0
6
0
0
2
4
0
0
0
5
1
0
0
0
5
1
0
9
5
0
23
8
0
0
2
724
0
26
27
530
0
2
0
0
0
0
0
554
0
385
0
0
0
0
0
0
0
0
0
0
0
5
0
0
0
0
0
0
0
0
0
0
0
0
0
0
0
0
0
0
0
0
0
0
0
0
0
0
0
0
0
0
0
0
0
0
0
0
0
0
0
0
0
0
0
0
0
0
0
0
0
0
0
0
0
0
0
0
0
0
0
0
0
0
0
0
0
0
0
0
0
0
0
0
0
0
0
0
0
0
0
0
0
0
0
0
0
0
0
0
0
0
0
0
0
0
0
0
0
0
0
0
0
0
0
0
0
0
0
2
9
1
1
3
9
205
3
0
3
5
388
9
1
1
1
0
0
0
0
0
0
0
0
0
0
1
387
0
1
1
0
9
2
8
5
0
0
2
27
0
0
89
0
10
0
0
5
2
2
3
5
1
0
0
1
0
1
25
1
0
0
0
10
0
10
0
0
0
9
0
1
49
13
0
11
0
2
0
0
0
0
0
0
0
0
0
0
35
1
8
10
7
8
1
6
0
0
15
4
5
0
20
11
4
5
0
1
0
0
0
0
0
0
0
3
8
0
0
0
12
0
0
9
1
0
7
10
21
0
0
1
0
0
2
1
4
0
18
412
0
6
0
20
10
14
10
390
0
0
0
0
3
0
0
0
0
12
10
0
7
7
12
0
40
0
64
449
0
6
0
6
11
4
0
7
10
6
6
3
0
12
0
1
9
1
3
11
5
0
3
6
0
5
1
0
13
3
7
5
0
11
0
0
3
0
0
12
23
12
6
9
6
0
0
12
0
7
0
6
0
13
15
6
28
5
13
0
114
426
0
1
7
6
12
39
13
9
1
47
443
37
2
23
0
7
9
59
6
0
14
0
6
0
12
0
0
