10
11
0
11
6
387
405
6
6
6
10
2
11
56
29
6
0
6
9
9
6
16
1
11
0
35
10
12
0
7
0
438
11
0
18
0
0
0
0
6
47
32
0
46
6
2
6
0
91
6
11
0
10
1
0
4
6
402
12
0
388
16
10
28
0
9
12
26
39
6
2
39
6
0
6
7
6
5
7
6
13
7
6
9
51
0
45
0
0
0
7
1
0
0
1
0
1
3
9
3
0
0
0
0
5
0
2
0
0
0
0
0
9
0
0
6
1
6
0
0
1
0
15
0
0
0
0
0
8
6
0
6
0
429
4
0
10
457
39
420
0
13
0
407
0
59
3
9
0
44
0
0
13
12
392
390
0
12
0
11
39
5
0
23
1
29
7
9
36
3
0
0
0
0
0
0
0
385
16
0
0
0
0
2
12
0
39
1
0
2
7
19
0
7
0
0
6
6
6
0
3
0
5
7
7
0
15
15
6
1
0
3
6
21
6
6
9
0
0
1
0
0
7
6
0
26
15
8
9
6
6
391
6
6
0
6
7
2
385
11
3
6
6
0
9
0
0
13
6
33
13
16
0
0
15
0
0
0
0
8
0
8
0
0
0
7
0
0
6
0
3
0
0
5
16
0
6
28
14
0
0
0
1
0
11
70
455
23
139
44
1
8
7
2
0
0
0
0
7
0
1
0
0
0
4
0
0
6
0
11
13
6
5
0
0
8
23
394
20
10
0
7
6
0
7
0
12
6
0
124
6
1
1
0
0
10
0
35
0
0
6
6
6
0
6
0
0
0
0
1
0
6
6
0
0
0
6
0
0
6
22
0
0
450
0
29
0
0
7
1
0
0
1
0
6
7
6
6
0
0
6
12
1
0
6
0
6
6
6
45
8
21
6
0
0
20
6
0
0
0
0
0
0
0
