8
224
0
10
1
0
8
3
23
2
0
81
10
128
0
0
5
119
0
107
0
35
19
138
0
0
1
5
3
489
29
0
1
20
3
3
31
1
256
47
20
21
1
0
12
1
37
2
1
5
14
23
4
23
3
5
0
5
4
24
0
28
0
3
3
7
1
117
0
1
4
2
38
30
4
3
2
428
6
3
5
0
0
0
0
0
0
0
6
0
0
0
0
0
2
0
0
0
0
0
0
56
3
3
4
48
1
0
0
0
0
3
0
0
4
3
0
20
5
0
0
5
32
3
15
99
0
0
0
0
0
0
0
0
9
0
29
3
10
31
7
14
0
5
0
15
0
0
0
0
0
6
3
0
0
1
20
0
0
0
0
0
0
0
0
0
0
0
0
24
5
0
0
0
0
0
0
0
0
0
239
1
15
0
0
0
0
0
15
0
8
0
0
0
11
15
0
0
0
0
0
0
0
0
0
5
15
0
0
0
0
4
8
0
0
24
0
2
0
24
0
0
0
0
0
3
24
138
85
118
33
125
549
26
23
0
7
431
24
2
29
0
0
53
1
81
2
25
429
8
20
0
0
1
0
2
2
631
0
0
0
0
0
0
52
0
0
0
0
0
14
0
0
0
0
2
0
0
3
416
4
1
24
16
73
15
0
0
0
63
20
1
1
60
34
0
0
20
3
0
6
0
27
6
0
0
0
3
0
1
24
0
0
0
0
8
4
24
3
0
1
3
0
0
0
5
0
0
6
0
85
0
0
0
0
29
23
0
20
113
26
0
202
5
0
170
21
0
163
7
0
64
455
0
12
8
1
54
0
1
40
45
0
6
1
0
19
1
31
92
19
7
1
177
21
0
1
26
0
0
1
21
0
0
0
33
49
0
85
13
1
106
30
0
174
0
0
22
36
0
22
8
0
10
9
0
19
1
0
51
0
1
138
18
7
28
6
0
12
1
122
0
0
287
0
1
0
140
3
0
181
0
0
1
129
0
8
1
140
4
0
94
4
1
29
1
0
289
6
0
54
0
6
0
0
0
24
0
0
24
0
0
0
0
0
0
22
2
3
1
20
0
0
0
0
0
15
0
6
0
0
0
1
11
6
0
9
0
0
0
0
0
0
0
0
0
0
0
0
0
0
0
0
0
19
24
0
22
6
0
16
31
0
6
0
0
0
0
0
0
