1
125
0
5
31
19
1
6
86
6
0
0
37
35
17
0
20
25
45
0
13
4
180
6
0
5
423
18
11
440
459
5
10
93
0
53
11
0
50
22
0
0
4
88
7
6
97
0
96
10
0
23
30
3
7
3
1
524
11
5
115
0
64
7
0
0
0
8
7
0
9
0
0
0
5
0
0
0
0
0
5
0
0
0
14
108
0
0
0
0
24
15
0
0
5
2
0
0
0
0
0
0
90
6
18
79
0
0
0
0
6
0
0
0
0
0
0
0
0
0
0
0
0
0
6
4
0
0
0
0
0
0
0
8
10
0
7
16
14
0
81
9
9
3
4
104
39
0
46
1
454
451
1
24
2
71
73
8
461
0
4
0
65
0
20
0
0
0
0
0
45
66
445
1
0
6
14
28
0
12
0
0
102
20
521
1
43
8
0
64
84
23
26
427
0
0
2
2
385
0
3
0
1
0
0
0
4
524
446
14
0
29
2
0
0
0
0
0
0
0
0
0
0
4
0
0
0
0
0
0
0
0
0
0
30
0
0
63
0
0
0
0
0
0
0
0
0
0
0
0
0
0
0
83
4
83
0
0
0
0
0
0
0
0
0
0
0
0
0
0
0
0
0
0
0
0
0
0
8
4
524
446
0
2
4
0
0
0
0
0
0
0
0
0
0
0
0
63
0
0
0
0
0
0
0
0
83
0
0
0
0
0
0
0
0
0
0
0
30
0
0
0
0
0
0
0
459
20
0
31
72
74
31
12
9
94
9
5
1
71
16
11
0
6
9
0
17
23
11
21
3
10
6
0
21
86
5
6
0
0
0
0
0
3
24
1
6
22
12
1
17
7
6
7
0
21
9
10
0
1
2
9
10
12
6
3
6
3
1
6
9
0
1
11
1
32
1
5
12
7
0
41
3
15
0
5
19
1
5
14
19
13
20
7
3
12
2
47
73
9
73
7
0
89
1
6
64
455
23
11
1
12
29
6
0
8
0
19
0
0
0
0
4
0
5
2
0
91
3
0
84
0
0
11
0
5
1
18
24
1
0
9
6
13
15
1
15
22
94
387
31
0
136
2
110
405
6
0
11
8
2
10
0
0
116
426
1
1
5
16
0
8
1
386
1
0
3
8
0
404
0
5
0
0
90
11
6
1
16
0
9
7
0
24
7
1
7
54
3
33
13
6
12
3
25
6
5
5
38
0
1
9
6
390
10
22
9
17
26
27
399
8
2
7
62
6
1
6
1
13
1
6
0
0
0
8
5
29
9
1
5
5
142
6
99
49
0
7
1
23
7
11
14
1
0
59
15
5
17
50
0
13
2
0
0
44
11
3
20
50
386
116
0
318
4
92
6
0
63
2
473
0
38
3
0
10
0
512
38
21
5
394
7
0
0
0
21
6
11
8
6
11
0
12
0
8
21
4
421
440
455
0
0
0
8
30
0
0
0
0
0
0
0
0
0
0
0
0
0
0
0
0
0
0
0
9
0
0
0
0
11
15
124
18
25
8
0
0
5
1
0
0
0
0
0
0
0
0
0
0
0
0
0
0
0
0
0
0
0
0
0
0
0
0
1
0
0
0
0
0
0
0
0
6
0
0
0
0
0
0
0
6
0
21
17
77
9
0
10
10
60
27
59
2
22
0
4
0
16
20
