0
8
0
0
0
6
0
0
20
21
0
0
2
3
0
0
0
0
6
21
20
25
0
3
2
1
0
20
0
3
0
4
0
23
0
0
3
1
8
17
17
7
0
0
0
0
0
0
32
0
0
0
0
0
0
0
0
1
0
0
0
0
21
3
0
0
0
0
0
0
0
0
0
0
0
0
0
0
0
0
1
0
2
0
0
0
0
2
0
0
0
0
0
0
0
0
0
0
0
0
0
0
0
0
0
0
0
0
0
0
0
0
0
0
1
0
0
0
0
0
0
0
0
0
0
0
0
0
0
0
0
0
0
0
0
0
0
0
0
0
0
0
0
0
0
0
0
0
0
0
0
0
0
0
0
0
0
0
0
0
0
0
0
0
0
0
0
0
12
0
0
0
8
0
0
0
0
0
0
0
0
0
0
0
0
0
2
0
0
1
0
0
0
30
0
0
20
0
23
22
0
0
4
25
11
3
20
11
0
0
0
0
5
0
22
0
5
0
0
24
0
0
0
0
0
0
0
0
0
0
0
34
24
0
0
34
23
1
17
0
0
12
0
0
0
0
0
0
0
0
0
0
0
0
0
0
13
0
5
0
0
0
5
13
5
0
0
23
0
0
0
0
0
0
3
0
0
0
0
0
22
0
0
0
0
0
20
47
0
0
0
1
0
0
2
0
0
0
14
45
6
2
0
0
1
0
0
5
0
0
0
20
0
0
0
0
3
0
30
0
1
1
1
1
0
20
14
20
0
0
0
0
0
0
0
0
3
0
5
0
3
0
3
0
0
0
1
0
2
0
10
0
0
0
2
1
0
0
0
0
16
0
19
20
16
0
8
0
20
9
0
20
11
0
0
9
20
10
39
18
3
3
20
7
0
6
0
0
11
0
0
0
5
0
11
0
1
13
0
0
