54
35
0
22
1
22
4
10
12
28
87
0
0
0
18
5
0
19
0
0
2
2
10
24
20
21
4
1
1
0
21
7
404
10
0
4
403
390
407
142
22
6
0
64
0
15
0
69
1
4
106
4
144
1
3
0
7
0
0
0
0
0
0
0
0
0
0
20
0
0
4
20
0
0
0
0
0
0
0
0
0
0
0
0
0
0
0
0
0
0
0
0
0
0
2
0
0
0
0
0
0
6
0
0
0
0
12
0
0
0
0
31
0
0
399
0
0
101
24
4
26
0
6
1
21
3
437
0
0
17
5
0
1
0
4
0
10
0
0
0
0
0
0
0
8
20
9
0
1
23
24
1
7
0
19
6
0
0
0
5
0
3
5
0
3
0
0
0
1
0
0
2
6
4
0
6
2
0
0
0
0
0
5
11
407
0
435
0
2
0
0
41
0
0
0
0
0
0
10
0
0
404
1
0
20
5
0
24
0
0
0
0
0
4
0
10
0
0
129
7
86
20
555
385
17
21
0
0
1
0
0
14
3
0
0
0
0
0
0
0
0
0
404
0
0
0
0
0
0
0
0
0
0
0
0
0
0
0
0
0
0
0
0
0
0
0
405
407
0
421
408
420
0
26
4
424
407
0
27
407
2
0
6
1
0
0
1
0
0
0
0
1
405
4
386
0
0
0
0
0
0
0
0
14
0
0
385
399
385
0
0
0
0
0
0
0
0
0
0
0
0
385
0
0
0
0
0
0
0
0
1
389
404
399
405
0
0
0
399
5
0
386
387
385
0
1
1
0
0
0
0
0
0
0
426
0
0
0
0
0
3
20
0
1
1
412
0
1
1
4
0
0
6
31
0
0
49
6
6
66
455
14
123
468
147
3
7
0
4
0
0
0
4
0
108
385
3
37
1
11
41
407
385
0
0
203
396
6
7
390
7
6
5
109
405
1
26
37
6
188
391
12
148
69
2
5
13
0
0
0
10
6
34
15
17
10
0
16
9
123
1
1
3
0
3
22
399
59
1
213
0
5
31
0
15
81
0
390
54
385
0
3
2
0
0
29
9
143
6
118
0
9
0
28
63
15
391
29
2
1
387
102
404
29
1
12
