6
142
6
0
7
7
0
0
1
5
0
9
1
6
5
0
10
4
81
1
11
29
3
46
0
0
13
64
0
3
0
0
5
83
0
7
0
0
0
15
20
3
9
0
8
0
0
2
0
0
0
0
0
4
0
0
0
0
5
21
1
11
6
8
3
0
0
0
0
0
0
0
0
0
0
0
0
0
0
0
5
0
0
0
1
13
0
8
4
11
5
2
5
0
6
0
0
68
0
8
0
0
0
0
0
0
0
64
0
69
0
50
0
0
0
63
0
12
0
85
5
0
0
0
0
0
0
6
0
0
0
0
0
0
0
0
0
0
32
6
5
31
0
0
79
24
72
4
1
0
0
0
29
34
14
0
404
69
14
9
0
39
63
10
8
0
27
26
45
21
5
57
1
5
0
0
5
0
87
0
0
26
197
0
0
0
0
0
0
0
0
0
0
20
0
27
59
59
1
0
0
0
50
0
0
0
0
0
0
5
0
0
0
20
20
70
0
1
3
85
0
7
12
4
199
2
0
25
0
1
1
20
0
1
0
0
1
0
0
0
1
14
0
2
2
6
5
1
0
1
20
0
0
6
0
3
13
0
0
5
0
418
0
94
11
8
0
0
9
1
11
10
15
89
1
117
21
3
5
0
4
6
0
0
79
1
2
7
0
0
5
0
91
3
29
0
7
1
9
1
22
1
0
0
89
1
124
1
4
424
13
18
14
0
149
1
24
1
29
1
133
1
43
0
6
0
0
392
0
0
7
0
35
7
8
0
22
0
4
0
25
4
9
0
13
1
128
1
131
1
0
0
0
10
28
39
0
9
38
42
56
7
1
1
39
0
0
0
0
0
0
4
0
3
6
10
2
16
24
12
10
0
6
1
5
0
1
21
0
20
0
0
3
0
0
1
0
0
1
0
0
0
0
0
0
5
0
0
0
0
0
0
0
2
8
6
5
5
0
5
8
0
0
