1
33
0
0
0
6
1
11
123
1
0
32
0
31
1
3
21
41
12
76
27
13
153
0
17
2
0
7
40
3
98
40
34
0
0
0
54
25
0
393
13
11
6
0
0
5
0
1
0
7
4
5
1
0
14
0
5
0
6
6
12
119
116
0
6
0
22
10
0
0
0
0
0
0
5
0
0
0
0
0
0
0
0
1
0
7
0
1
1
0
0
1
10
10
0
423
1
2
401
0
0
0
0
0
0
1
166
126
6
16
0
3
0
47
144
6
90
38
3
0
0
0
0
0
0
0
0
0
0
4
0
20
0
101
13
18
1
21
20
0
20
84
0
5
0
0
0
0
0
0
0
0
0
0
5
11
0
2
125
3
6
0
1
23
10
1
0
3
0
7
6
10
0
11
19
3
11
532
0
79
16
15
25
7
45
29
9
5
1
6
0
32
0
52
0
12
0
394
0
0
150
1
153
452
9
4
38
20
425
0
0
0
2
118
0
0
0
386
0
5
90
433
0
39
0
0
1
4
0
416
2
31
46
388
16
0
5
1
6
42
8
390
0
0
0
2
12
1
2
0
42
417
16
5
0
20
0
9
4
0
0
0
11
5
1
9
2
0
1
3
0
1
8
1
0
0
31
21
0
1
30
0
0
43
9
214
6
3
39
19
385
110
69
24
69
455
29
1
12
0
29
20
22
3
23
0
31
1
15
5
4
5
0
183
1
12
3
468
28
1
30
27
30
0
39
58
27
15
13
0
34
151
0
2
72
0
63
80
0
2
14
25
25
0
14
0
97
0
38
0
15
32
1
64
88
1
38
0
39
7
83
0
28
0
109
6
12
1
27
0
4
0
0
0
31
9
0
394
0
0
0
136
12
20
118
117
5
0
36
9
0
116
20
7
0
141
394
0
0
0
0
2
118
70
0
0
0
0
0
0
0
0
0
0
0
118
2
0
5
0
3
0
0
21
0
5
5
0
0
8
0
21
0
0
0
5
0
6
0
6
0
0
0
2
0
2
0
1
21
0
0
27
12
10
5
7
6
0
39
