6
27
0
5
7
1
7
7
2
0
22
8
5
0
5
7
0
0
0
1
6
0
1
3
0
0
20
43
1
0
30
0
0
0
5
1
0
0
15
20
21
0
6
5
6
12
12
0
471
0
0
6
64
6
24
1
5
0
0
0
0
6
0
0
22
0
11
20
0
1
0
0
0
0
4
0
0
0
0
6
13
0
0
0
1
0
22
0
423
465
0
81
0
15
0
0
0
1
1
9
10
10
14
27
5
9
58
0
0
0
0
0
0
0
0
0
0
0
0
0
0
0
0
0
0
0
0
0
0
0
0
6
5
12
2
0
0
8
141
0
0
0
0
16
134
133
0
0
0
0
0
0
0
0
3
1
11
1
1
0
0
0
0
0
1
132
29
0
0
0
0
0
0
0
0
0
0
1
3
1
0
0
0
0
2
3
8
0
0
156
0
0
21
2
0
0
0
0
0
0
2
0
0
8
0
3
5
0
53
0
0
0
0
12
0
111
53
445
7
30
59
0
0
70
65
0
20
21
0
0
12
0
14
0
0
18
0
112
0
0
0
0
0
0
0
0
64
0
18
0
0
51
0
0
0
0
0
0
0
0
0
0
0
18
0
0
0
0
0
0
0
24
1
1
0
0
0
0
0
0
0
0
0
81
0
20
65
0
20
0
1
5
24
60
0
1
0
22
0
0
22
0
0
1
0
0
0
1
0
5
1
1
27
7
0
0
2
11
5
28
1
6
28
5
11
11
5
5
24
9
65
455
14
18
0
0
18
1
10
0
23
18
0
63
10
18
0
5
14
20
0
6
12
1
3
0
6
8
392
2
6
6
8
10
0
0
12
10
6
33
21
6
99
6
89
8
209
3
11
