0
10
15
0
3
1
0
0
74
62
75
4
101
0
0
61
4
0
85
1
0
0
34
27
13
2
17
58
0
63
504
2
10
0
11
27
0
468
0
1
1
0
3
48
144
14
0
0
0
50
0
0
0
0
0
0
0
0
0
0
0
3
0
0
0
0
0
0
0
0
0
0
2
2
0
0
0
0
0
0
0
0
0
0
27
0
0
0
0
0
0
29
0
0
0
28
1
5
0
3
2
1
0
1
1
411
0
0
0
0
0
0
0
0
0
0
0
0
35
2
1
2
0
10
0
0
0
2
10
0
0
415
64
415
385
434
0
0
0
0
0
0
0
0
0
3
0
0
0
0
0
0
0
0
0
0
0
0
0
0
0
0
0
0
0
0
0
0
0
0
0
0
0
0
0
0
0
0
0
0
0
0
0
0
0
0
0
0
3
0
0
0
2
663
1
147
0
121
3
91
5
21
0
28
61
61
0
61
60
411
0
0
0
0
64
415
385
434
0
0
0
0
0
0
0
0
0
0
0
0
0
0
0
0
0
0
0
0
0
0
0
3
0
0
0
0
0
0
0
0
0
0
0
0
0
0
0
0
0
0
0
4
537
59
0
61
1
1
3
1
28
1
0
3
0
415
385
434
0
0
0
0
0
0
0
0
0
0
0
0
0
0
3
0
0
0
0
0
0
0
0
0
0
0
0
0
0
0
0
0
0
59
0
61
0
0
17
3
0
0
0
0
1
3
0
1
4
0
0
0
3
1
0
1
62
475
70
63
1
3
3
3
3
0
0
29
62
0
475
475
68
21
64
387
475
389
20
540
1
59
0
0
0
1
0
70
68
0
16
40
0
0
40
0
4
6
6
12
0
8
6
4
23
3
4
63
6
70
455
23
13
1
41
7
13
6
0
1
11
6
2
3
2
7
6
2
3
5
3
4
9
2
0
23
6
15
13
1
8
0
15
0
12
2
17
6
14
0
0
109
405
7
2
115
426
5
5
6
48
0
3
10
0
8
5
7
432
0
0
3
5
0
15
5
7
24
1
62
6
1
24
4
32
9
140
6
6
1
190
15
6
29
7
11
65
15
5
16
387
6
16
391
7
171
6
23
170
385
0
0
0
0
3
0
0
64
415
385
434
0
0
0
0
0
0
0
0
0
0
0
0
0
0
0
0
0
0
0
0
0
0
0
8
494
29
3
4
65
477
385
430
4
17
1
421
72
2
0
0
