709
0
10
0
387
395
1
405
0
0
127
230
5
0
397
0
93
14
0
1
6
0
17
0
5
1
389
385
400
0
25
32
428
2
409
0
4
21
496
551
129
4
395
4
565
602
395
24
4
4
468
385
385
27
1
5
484
385
386
0
62
1
22
18
0
0
0
391
12
7
118
18
20
0
0
1
0
0
0
11
9
0
0
0
10
400
0
0
0
0
0
0
0
0
0
8
0
0
0
0
0
4
1
0
24
0
0
0
0
0
0
17
0
0
0
0
0
0
0
0
0
0
0
0
0
0
0
0
0
10
0
0
0
0
0
0
0
0
0
0
0
0
0
0
0
0
0
0
3
20
0
0
0
0
0
0
0
0
0
0
0
0
10
0
0
0
0
0
0
0
0
0
0
0
0
0
0
0
0
9
0
0
0
0
11
6
8
0
0
0
0
0
0
23
0
0
0
0
1
25
0
0
0
11
36
27
0
0
0
0
0
0
0
0
0
0
0
0
0
0
0
0
0
3
0
0
0
0
0
0
15
0
0
0
0
15
6
0
0
0
0
0
0
0
0
6
15
0
0
0
0
0
390
0
10
0
0
0
0
0
1
397
2
0
0
0
9
0
0
1
1
22
1
0
99
0
0
0
0
0
17
0
425
0
387
0
385
0
1
10
14
385
517
31
20
0
498
3
4
484
0
0
0
386
0
1
0
0
0
385
0
0
0
0
0
0
0
9
0
9
0
0
0
0
0
0
0
0
0
386
0
387
0
0
0
0
0
385
0
0
0
0
0
0
0
9
0
7
0
0
0
0
0
0
0
0
0
386
0
387
0
385
0
0
413
0
466
386
0
4
405
385
1
0
0
0
0
0
0
0
387
0
0
0
0
0
0
386
0
136
10
387
66
21
0
489
12
386
0
0
387
0
0
0
0
0
0
3
5
4
414
419
27
396
3
146
1
179
396
64
455
482
1
84
0
3
2
0
160
385
1
0
1
23
0
410
2
5
0
0
9
18
94
387
15
0
0
109
405
23
21
2
3
386
0
195
0
0
1
49
6
62
5
103
0
69
188
0
391
94
0
9
114
0
426
81
0
10
90
0
10
0
1
25
20
1
0
9
435
33
13
425
10
29
10
58
0
4
1
33
10
155
5
7
30
29
9
133
0
0
231
0
5
2
98
1
44
6
357
0
385
109
0
2
319
4
116
2
0
1
1
1
0
2
0
6
1
5
0
99
0
20
0
0
5
0
0
0
0
0
10
2
0
0
0
0
99
493
24
390
10
6
5
529
385
1
0
99
99
99
99
0
0
0
0
0
0
0
0
0
0
0
0
0
0
0
0
0
0
0
0
0
0
0
0
0
0
0
0
0
0
0
0
0
0
0
0
0
0
0
0
0
0
0
0
424
395
1
16
21
0
1
27
18
465
3
12
3
44
12
0
