14
9
1
0
8
0
0
1
15
0
5
7
0
35
14
0
0
0
78
0
3
0
4
20
14
0
0
2
5
1
0
4
0
2
15
0
17
4
0
0
4
0
0
0
0
78
4
1
1
0
57
35
7
0
35
0
0
0
0
0
0
0
0
0
23
0
0
4
10
3
26
54
37
86
17
6
0
1
11
0
22
10
0
0
12
2
0
6
35
0
0
0
41
0
9
20
0
4
51
22
17
0
1
0
13
2
0
35
12
0
4
0
16
35
0
29
0
0
0
0
0
0
0
0
0
0
0
29
29
29
34
0
0
0
4
0
0
0
0
0
46
0
0
40
46
1
45
0
45
40
18
12
0
12
20
0
43
30
0
0
29
29
54
54
0
0
0
54
33
29
29
0
0
0
57
6
0
0
45
0
0
12
0
10
0
0
0
6
22
10
10
0
0
0
13
12
0
0
0
39
0
39
0
0
0
43
0
0
0
0
0
0
0
0
0
0
0
0
0
0
0
0
0
0
0
0
0
0
43
0
0
0
0
0
0
0
0
0
0
0
0
0
0
0
0
0
0
0
0
0
45
0
0
43
0
0
0
0
0
0
0
0
0
22
0
0
0
0
0
0
0
0
0
0
0
0
43
0
0
0
0
0
0
0
0
0
22
0
0
0
0
0
0
0
0
0
0
0
0
0
50
10
12
12
45
19
10
85
0
0
29
0
26
0
20
0
43
0
0
0
0
0
0
0
0
0
0
45
49
35
0
19
15
60
35
0
2
18
29
50
0
20
43
0
45
14
43
0
61
49
0
67
35
44
0
4
0
14
1
0
0
1
3
4
1
7
1
1
2
4
6
19
4
28
4
4
14
35
35
13
0
27
0
8
4
0
2
0
25
0
1
2
0
0
2
8
0
0
0
6
4
30
32
0
7
0
1
5
4
0
11
36
0
12
0
0
0
10
25
0
17
4
4
15
0
0
35
8
14
0
15
4
10
8
0
20
4
0
3
5
4
6
0
0
3
0
1
19
0
15
8
10
1
0
4
4
6
4
4
57
56
28
0
1
11
14
1
27
0
0
0
4
0
9
0
0
5
5
0
12
4
42
2
1
4
24
1
39
4
0
9
20
0
31
3
19
0
4
0
39
0
0
112
0
3
28
20
50
0
64
133
31
