124
0
391
1
0
6
37
94
0
4
10
0
141
12
33
3
4
466
5
1
10
528
10
470
41
15
7
2
19
492
18
0
0
0
22
2
10
2
8
0
500
41
15
0
0
10
0
0
0
0
0
0
10
11
4
0
16
0
524
7
81
17
2
6
0
0
0
0
17
1
1
27
6
2
3
5
3
3
0
1
1
1
0
20
2
5
0
168
0
0
0
0
0
0
0
0
13
0
0
0
0
0
0
0
0
0
0
0
0
0
0
0
0
0
3
14
0
0
63
1
13
20
20
425
0
0
445
426
511
6
60
3
3
0
3
40
435
508
425
0
0
0
0
18
13
427
9
429
0
430
0
1
3
1
1
1
0
0
0
3
431
9
41
2
5
13
0
0
0
0
13
0
0
3
19
0
3
9
0
445
15
11
0
23
41
0
6
1
0
13
0
0
0
4
20
13
440
434
9
9
434
12
3
425
32
412
431
404
26
0
0
2
20
16
16
418
139
434
10
0
394
15
68
19
14
0
2
15
6
11
0
25
4
12
390
15
11
22
5
4
10
42
5
64
455
23
0
0
209
3
5
489
1
3
16
1
12
35
36
6
36
412
23
20
94
387
30
0
35
2
10
0
6
19
16
8
1
4
0
129
405
2
3
386
25
63
53
63
126
425
6
0
43
13
19
20
128
4
39
2
31
28
96
21
26
23
209
3
6
393
23
0
226
0
19
238
0
19
29
0
28
114
0
14
220
0
10
43
9
194
0
226
14
195
5
119
8
186
31
12
3
425
0
0
0
13
0
0
0
1
425
0
0
13
41
10
0
31
8
0
31
8
0
