0
129
0
1
1
1
16
0
16
445
1
5
0
0
0
0
0
18
0
1
164
81
1
1
1
423
2
0
0
1
1
75
0
32
0
12
30
8
0
3
5
11
5
0
0
5
8
8
16
582
15
1
0
1
8
5
1
5
5
1
29
13
25
20
68
63
83
14
9
27
0
0
10
9
0
0
0
91
81
1
458
1
5
1
4
1
385
1
6
395
73
0
0
0
0
0
0
0
0
5
29
11
44
37
6
0
63
0
0
0
0
0
0
0
10
9
5
0
1
10
6
20
30
0
4
2
8
34
5
13
0
0
0
0
0
0
0
0
6
2
0
0
10
0
0
0
0
122
1
5
20
0
3
0
0
0
0
0
0
0
0
0
0
0
0
1
0
0
1
385
423
0
414
438
412
5
20
15
17
10
1
6
9
75
6
24
30
3
7
47
48
5
5
0
51
14
44
74
0
0
0
9
20
0
0
0
0
0
0
44
0
0
0
0
0
0
0
0
0
0
0
0
24
0
0
0
0
0
0
0
0
0
0
0
0
0
0
1
36
0
0
0
0
0
9
44
0
0
0
0
0
0
0
0
0
0
0
0
0
0
0
0
0
0
0
1
58
16
16
427
1
8
0
9
16
1
0
3
18
0
0
0
9
21
0
21
0
1
0
1
0
0
0
0
0
0
0
0
0
0
0
0
0
0
0
0
0
0
0
0
0
0
0
0
0
0
0
0
1
26
387
15
60
1
0
59
4
78
429
1
1
5
0
4
7
20
7
0
1
0
20
412
21
3
20
412
21
0
0
10
32
1
8
3
33
6
7
0
0
0
0
0
0
0
1
47
20
1
47
20
0
0
0
0
0
0
0
0
0
0
0
0
0
0
0
0
0
0
0
0
0
13
25
13
14
1
1
0
0
2
1
2
13
52
16
13
45
0
9
1
24
14
24
0
0
0
0
0
0
0
0
3
0
9
14
14
0
0
0
0
10
0
1
1
0
7
1
159
0
5
1
0
385
17
21
5
0
3
0
0
3
2
7
67
6
17
2
28
1
2
65
15
0
169
64
8
7
90
243
0
1
327
0
385
5
2
2
2
7
1
69
455
26
1
7
64
7
5
10
0
8
3
388
8
2
5
92
0
6
5
10
9
94
9
220
8
78
1
10
0
0
7
15
0
23
68
6
386
443
37
91
0
5
16
6
3
1
448
3
1
59
6
65
6
32
9
20
158
6
120
1
15
2
44
7
8
331
1
14
2
41
1
163
63
0
0
0
0
8
0
0
7
0
0
4
23
0
8
8
1
4
11
5
6
14
15
1
26
0
35
17
1
3
28
6
22
1
1
32
0
0
0
1
0
8
7
11
48
44
0
0
0
0
0
0
20
54
0
0
0
0
0
0
3
0
8
20
4
17
29
34
0
0
0
0
35
428
0
0
0
0
0
0
0
0
0
0
0
0
3
0
0
0
0
0
0
0
0
0
0
0
0
0
60
59
59
0
0
0
0
0
