1
34
0
0
4
16
5
4
0
1
20
0
11
0
76
64
49
49
51
6
55
12
10
17
0
10
0
10
70
0
32
4
1
1
0
1
22
0
0
5
63
0
222
24
0
0
0
10
0
0
0
32
2
448
404
396
1
0
0
0
0
0
10
0
0
0
0
0
0
0
26
4
26
20
0
0
0
20
0
0
0
22
0
2
20
32
0
0
0
0
10
22
19
30
21
21
10
398
10
31
37
430
36
23
16
7
0
0
0
0
0
0
0
0
0
0
0
0
0
0
0
1
17
0
43
0
426
23
0
0
0
0
3
0
0
0
0
0
0
0
0
0
0
0
1
1
0
0
0
0
0
3
0
1
0
0
0
0
0
1
6
4
0
22
0
0
0
0
0
0
0
0
0
0
0
9
0
0
0
0
0
0
0
0
0
0
0
0
11
3
0
0
0
9
1
0
0
0
3
0
23
0
24
23
23
37
31
0
0
0
432
9
12
0
29
20
0
387
0
0
385
1
0
72
0
20
0
23
0
0
0
0
0
0
0
0
2
0
0
0
0
0
0
0
0
25
0
0
385
0
0
0
0
0
0
0
0
0
0
0
0
0
0
0
0
1
21
1
1
0
0
1
0
0
25
21
0
2
0
0
8
0
21
0
1
0
30
7
0
0
10
8
7
5
6
20
12
7
8
22
13
16
7
77
5
90
20
500
49
30
0
26
53
151
11
7
0
0
0
0
0
70
455
22
2
30
1
109
0
402
20
0
405
11
3
6
14
4
32
0
1
32
0
0
24
0
5
19
0
5
31
5
10
0
51
0
11
1
17
15
11
0
9
0
44
0
43
0
24
38
44
5
44
5
44
0
0
6
0
39
4
26
4
51
5
49
0
25
0
1
31
0
69
6
