0
110
0
0
0
77
0
0
1
60
0
2
0
0
65
81
125
0
12
84
1
20
1
4
132
126
0
0
17
4
6
0
6
5
20
0
60
4
0
2
3
5
1
0
3
1
3
0
20
4
0
2
21
1
0
20
0
82
7
0
0
20
13
0
393
4
0
0
64
0
1
0
60
1
0
393
0
2
1
2
0
10
1
65
0
66
0
2
0
2
0
2
5
0
0
9
0
2
0
13
23
2
0
416
0
0
0
1
85
1
0
27
0
0
19
0
1
60
21
0
0
2
0
0
0
0
0
16
61
0
0
15
0
0
407
0
33
20
0
46
1
1
188
0
451
0
5
0
0
5
0
0
0
7
0
0
0
1
0
7
13
7
0
0
1
0
0
0
1
0
0
0
127
0
128
10
126
0
0
136
1
0
65
3
0
0
59
0
0
0
0
0
0
0
0
0
0
0
0
0
0
0
0
0
0
0
0
0
0
0
0
0
0
59
20
0
0
0
84
0
0
0
0
23
0
59
8
0
9
0
59
0
0
0
0
0
59
0
28
2
59
0
5
399
0
0
0
0
0
0
0
0
67
4
0
0
0
6
0
8
1
0
0
0
0
7
0
0
0
0
0
0
39
0
0
0
0
0
0
0
0
0
27
0
7
0
39
0
3
0
9
68
0
0
0
1
1
0
0
0
0
0
7
2
69
0
0
64
46
0
2
0
0
1
5
20
0
2
1
0
32
0
2
4
6
10
79
0
7
0
21
65
12
64
3
0
80
0
0
99
69
8
14
3
12
4
64
455
23
43
4
0
21
1
1
0
7
0
0
7
7
12
436
0
46
0
14
29
58
15
0
0
15
0
0
15
161
0
162
29
12
0
11
3
0
117
0
33
6
145
1
0
1
88
0
12
0
504
0
90
0
0
10
94
0
5
18
0
34
3
1
5
405
0
0
0
79
1
0
0
0
59
0
0
0
0
0
0
0
0
59
59
1
5
59
