0
0
3
4
0
0
0
11
0
89
0
1
0
0
0
0
7
28
0
11
0
5
21
17
7
0
0
0
0
0
7
0
0
7
0
7
1
22
30
0
25
5
0
24
0
1
1
0
199
0
64
13
0
0
2
0
2
39
40
0
63
0
38
51
6
1
29
1
35
0
0
0
64
0
22
0
136
1
1
0
38
117
34
20
0
0
0
0
0
0
0
0
0
1
20
0
1
0
1
0
0
0
0
0
0
0
1
10
0
0
3
10
11
19
0
0
0
0
13
0
0
0
0
0
0
0
0
10
0
20
0
0
7
0
0
0
0
0
0
0
0
15
3
3
0
14
1
2
1
0
0
11
12
436
4
1
2
0
0
0
13
83
85
10
0
10
14
12
20
0
59
5
0
64
300
0
1
79
0
0
0
0
0
0
0
0
0
0
10
3
27
3
37
0
1
20
63
15
1
0
23
93
18
2
0
0
0
0
0
0
0
15
2
0
11
1
33
20
0
0
0
0
0
0
53
3
0
19
38
26
20
0
42
0
61
0
3
1
1
4
0
65
0
23
23
0
2
1
0
0
2
0
1
2
0
0
0
1
0
0
14
15
6
9
3
1
6
3
0
0
0
0
0
20
0
0
0
0
10
0
0
2
1
2
0
1
1
2
4
9
0
0
0
12
12
3
0
0
11
21
0
2
0
11
5
3
1
8
3
0
1
0
2
0
1
0
0
9
2
0
59
59
13
0
7
1
9
0
12
6
10
2
16
13
5
13
6
16
1
6
6
7
0
0
3
0
5
16
7
2
387
0
13
1
12
0
0
272
0
6
5
1
5
395
5
10
9
22
1
12
1
19
7
163
0
149
5
103
426
133
5
22
5
19
48
33
2
6
1
29
6
420
7
10
3
20
8
5
14
36
0
21
14
0
102
18
117
6
120
4
116
5
63
5
7
46
7
0
17
39
1
1
0
66
37
9
10
39
0
10
79
20
445
446
37
1
0
0
0
2
0
0
0
4
0
3
21
0
0
0
20
0
0
0
0
9
14
0
9
0
0
0
12
24
3
0
0
0
11
3
1
0
3
0
0
0
0
3
0
9
0
24
0
9
0
0
0
0
3
9
0
4
0
3
0
0
1
9
0
33
0
0
0
0
0
0
53
3
0
19
9
1
0
0
34
