1
194
0
1
1
0
5
25
59
20
1
17
20
0
21
48
2
23
2
159
4
18
0
0
0
0
62
35
21
1
65
66
1
0
4
41
222
17
23
96
12
2
7
11
507
5
81
2
17
20
0
0
0
2
0
25
1
0
6
0
15
0
3
23
0
4
6
146
31
22
11
32
0
0
0
0
0
0
24
0
1
26
27
20
0
0
0
0
2
0
0
0
0
0
0
3
20
0
0
0
0
0
0
0
0
2
0
0
0
0
0
0
0
2
0
32
7
0
0
0
0
0
0
5
0
0
0
0
0
0
0
0
0
23
102
0
25
5
0
26
0
0
0
0
0
0
21
52
0
0
0
0
0
106
0
20
35
0
0
0
0
0
0
60
0
34
20
0
0
0
8
26
25
0
0
0
0
0
0
30
0
0
5
21
4
1
0
35
54
28
0
45
0
5
0
0
5
25
0
0
1
1
11
0
21
5
0
1
25
5
20
8
0
0
0
0
0
0
0
0
156
0
0
0
0
0
0
0
0
0
0
0
0
0
23
15
79
2
16
388
28
0
0
0
0
0
0
18
18
0
0
21
0
0
0
27
62
12
20
48
0
18
0
20
29
1
0
0
0
18
26
2
484
0
408
0
19
26
27
11
36
411
391
0
0
117
44
0
32
33
385
0
0
2
0
60
1
48
113
20
39
1
23
0
1
1
65
122
7
1
29
41
78
84
0
1
99
34
25
35
5
22
1
2
1
1
1
0
1
11
11
65
0
20
26
3
60
35
28
1
6
15
16
12
6
6
22
78
0
34
6
6
124
2
6
0
0
8
65
455
28
41
9
8
41
6
5
8
24
28
9
8
12
11
8
1
13
6
0
9
41
7
7
7
9
0
18
18
5
9
1
0
23
0
14
15
1
13
0
6
30
0
5
31
63
7
10
1
0
131
2
14
23
2
0
7
1
18
10
1
13
11
3
0
4
0
6
33
0
13
228
0
26
9
0
14
32
0
15
20
13
15
1
22
25
1
0
31
9
0
0
117
1
6
95
36
0
230
5
9
16
6
2
16
0
11
106
15
14
56
1
18
6
0
0
0
0
0
0
0
1
3
0
0
2
2
3
0
6
25
0
31
0
2
5
6
20
2
13
2
17
0
0
15
5
0
15
1
0
0
0
1
2
0
15
18
15
1
15
0
3
1
5
0
0
0
1
5
1
2
20
65
34
1
79
0
69
11
12
78
1
21
1
32
1
420
70
432
23
0
390
1
17
0
386
17
1
51
18
101
0
5
0
5
1
20
39
0
0
0
0
5
0
1
0
0
0
5
0
5
0
0
96
25
6
0
0
0
40
26
52
0
0
0
25
0
0
15
0
0
20
17
0
12
20
7
