63
2
0
1
0
84
1
1
64
3
253
0
20
0
10
87
79
84
15
83
0
0
19
0
59
157
0
70
20
38
175
3
1
36
133
5
119
78
71
9
8
37
152
86
83
66
0
0
0
2
47
5
26
0
0
0
7
4
6
7
9
0
0
0
0
1
0
0
0
0
0
0
125
0
4
25
1
5
6
5
5
18
8
2
406
472
0
55
385
101
1
390
0
45
70
4
2
5
92
65
16
31
51
0
1
7
1
14
33
8
1
0
24
3
0
0
100
1
5
20
44
50
0
7
0
0
0
0
0
22
0
0
0
0
0
0
0
122
5
2
2
0
2
1
2
2
3
1
0
6
27
5
0
0
83
7
2
9
4
0
0
390
390
0
0
40
14
404
35
0
0
39
415
20
65
3
36
5
5
392
0
0
0
74
64
39
62
41
0
43
60
0
0
3
7
67
156
0
121
0
0
0
0
0
39
59
39
0
0
0
0
0
0
0
0
0
68
0
1
216
11
39
145
0
38
0
0
49
8
0
1
0
63
47
5
39
70
14
6
63
62
6
8
14
89
65
2
64
282
0
1
3
0
0
116
1
83
68
130
1
7
2
26
12
64
32
1
1
1
23
3
10
19
1
4
2
65
455
3
0
19
5
15
7
14
6
92
0
10
0
1
7
23
58
15
15
114
426
17
11
38
0
51
55
37
43
10
424
10
26
25
443
37
91
0
12
0
7
390
3
6
0
0
139
0
5
141
0
6
209
3
6
47
6
172
0
556
64
111
1
0
0
72
25
63
72
0
0
0
0
0
0
0
0
0
0
18
20
5
0
34
1
5
8
116
1
0
14
118
119
0
116
0
1
63
116
40
42
64
41
0
0
9
5
87
69
9
174
19
38
64
2
0
3
20
112
0
2
0
6
5
77
64
9
64
136
0
87
5
2
0
