0
201
0
0
57
20
39
40
70
25
89
0
0
1
0
0
0
0
84
242
0
0
0
9
65
0
81
15
0
0
138
44
39
0
6
68
26
88
76
0
39
40
49
39
50
64
1
20
0
20
24
0
0
20
0
151
85
226
0
58
166
0
77
0
0
11
0
21
0
0
0
0
138
40
69
0
25
88
0
40
1
0
138
39
39
42
64
0
0
5
30
95
113
0
39
50
0
0
0
55
0
0
0
0
0
0
0
0
0
15
0
64
9
0
27
0
9
0
65
27
0
0
9
11
52
1
25
139
5
17
20
69
77
1
7
0
0
0
1
3
0
14
6
0
0
29
25
0
15
17
23
85
0
27
0
20
6
0
0
0
0
0
0
0
5
0
1
23
523
37
99
67
1
0
1
39
39
9
20
11
0
0
0
0
0
0
0
9
6
0
2
47
0
0
51
20
22
476
0
40
39
0
39
0
9
39
0
0
0
0
18
0
452
0
0
0
0
0
0
0
0
0
0
0
0
0
0
0
0
18
0
449
0
0
0
0
0
0
0
0
0
0
0
0
0
0
0
1
2
39
0
0
0
0
18
0
39
0
0
0
39
39
39
43
5
0
4
0
39
39
2
40
0
20
20
64
12
64
64
0
39
103
7
5
0
71
20
49
39
0
0
1
0
9
1
420
27
81
5
69
455
52
2
13
0
1
40
9
95
1
23
2
5
55
1
12
168
0
110
20
2
0
19
3
5
4
81
0
5
93
7
197
3
306
27
50
0
109
15
120
2
119
0
49
20
3
0
0
0
6
20
1
5
25
0
151
0
0
156
4
15
6
0
0
