1
7
15
123
0
1
0
2
11
1
1
0
118
424
1
1
476
31
0
10
0
8
439
2
1
11
10
4
0
1
6
50
50
69
0
49
39
21
49
39
0
1
21
1
400
1
28
410
0
385
26
1
0
0
11
88
126
50
505
2
2
21
6
2
2
56
31
1
108
23
50
54
0
55
24
0
8
65
0
0
49
0
0
0
0
0
0
39
0
0
0
0
0
0
39
0
0
0
21
0
0
0
132
49
0
0
59
0
52
8
5
0
0
0
0
0
0
0
0
0
0
22
74
49
77
75
1
1
70
60
0
0
1
0
0
0
49
0
0
0
0
0
0
424
0
0
0
49
0
0
60
0
0
39
0
0
0
0
0
0
40
0
0
0
22
20
74
75
1
21
0
1
31
0
1
0
0
385
0
404
0
0
0
64
0
0
21
0
0
23
59
22
1
1
0
571
1
468
4
402
6
68
385
0
0
0
0
404
0
0
0
0
0
0
0
0
385
0
0
0
0
0
0
0
0
0
0
0
0
458
27
1
15
72
36
41
49
12
2
1
2
2
0
0
0
0
0
0
0
0
0
0
0
0
0
0
0
0
0
0
0
0
0
0
0
0
0
0
0
0
0
0
0
0
0
0
0
0
0
0
0
0
0
0
0
0
0
0
0
0
0
0
0
0
0
0
0
1
10
31
36
10
1
21
1
3
1
1
0
0
0
23
21
26
9
0
31
61
1
0
8
421
0
403
1
9
0
90
1
64
455
1
7
0
91
3
0
29
1
203
396
11
9
89
1
0
0
109
405
3
424
13
19
29
9
24
1
15
0
0
7
387
133
1
0
3
0
8
6
230
2
5
0
0
2
392
10
0
0
0
8
0
9
386
16
9
44
0
4
0
12
1
54
398
132
1
0
6
