4
6
4
0
3
59
2
3
15
43
29
1
0
0
6
0
0
3
3
0
0
71
3
0
19
63
8
28
3
36
16
3
3
9
24
0
6
5
0
38
34
0
6
48
1
15
3
1
19
5
2
10
1
0
0
10
10
25
2
32
0
1
1
0
3
0
20
0
2
20
0
1
0
3
0
9
7
0
0
3
32
16
6
0
0
3
0
0
0
0
11
0
70
3
24
10
0
4
0
0
64
2
5
5
0
21
0
36
3
9
0
0
14
15
38
0
0
38
10
48
1
0
0
0
0
0
0
0
1
1
11
0
3
0
15
15
55
18
1
14
15
5
0
24
11
19
10
13
3
14
5
15
9
13
0
10
12
11
1
5
0
2
23
23
118
52
9
9
24
0
49
1
8
12
13
3
1
3
12
58
0
56
7
2
19
5
0
0
0
0
3
5
0
0
3
6
54
6
5
13
0
2
27
18
0
0
0
13
10
13
5
0
2
1
0
27
4
0
3
0
10
11
5
10
1
17
12
5
16
0
26
9
11
15
8
5
12
12
3
9
2
0
6
50
0
3
45
0
0
29
49
4
0
0
3
7
11
1
3
1
0
2
0
5
0
7
10
22
0
1
3
12
11
0
4
0
0
18
1
11
0
6
18
1
7
4
17
15
3
85
44
6
9
6
12
17
17
0
23
19
28
12
2
5
21
13
21
0
20
2
0
12
6
14
15
32
1
3
2
9
2
0
0
7
0
0
12
0
20
5
6
0
20
5
1
25
6
0
4
7
0
5
17
19
17
14
88
10
20
2
20
24
12
6
14
0
0
0
0
18
1
8
1
0
45
7
0
5
1
3
5
11
3
5
0
13
10
6
7
1
34
14
15
5
5
9
0
14
31
1
25
1
25
0
148
18
28
189
16
5
6
0
0
5
53
65
2
65
5
2
2
0
15
0
7
2
0
2
0
0
0
0
0
0
0
0
0
5
0
6
3
0
0
92
0
0
0
6
0
0
0
2
0
23
5
0
0
6
0
0
0
23
0
33
8
280
2
0
51
0
0
0
0
0
0
0
0
0
3
0
0
0
36
0
40
0
0
0
0
0
0
0
0
0
0
0
0
0
0
0
0
0
2
0
0
2
0
2
267
0
2
267
0
2
5
0
0
0
0
0
0
5
0
0
0
0
0
0
0
0
0
0
5
0
0
0
0
0
0
0
6
7
44
0
0
0
0
0
0
0
0
0
0
0
0
0
0
0
0
0
0
0
5
0
0
0
0
0
0
0
0
0
25
3
0
0
