56
84
0
1
3
84
20
0
0
22
1
119
11
21
0
116
516
8
1
4
22
1
42
1
0
0
0
412
0
1
21
0
14
0
0
0
0
1
1
0
0
0
0
0
0
2
0
5
1
22
5
1
3
10
0
1
0
1
1
0
1
6
53
1
0
0
0
0
0
1
5
8
0
0
0
0
5
1
3
0
0
0
2
4
6
32
0
0
0
1
0
24
0
1
0
0
0
0
0
0
2
5
0
3
17
0
0
0
0
0
1
0
0
0
0
0
3
0
0
0
0
2
7
3
30
430
21
0
0
0
0
0
21
0
0
0
5
0
1
0
2
411
0
2
0
0
0
423
5
8
1
0
0
0
0
0
1
0
0
6
0
0
0
0
0
0
62
0
0
0
79
20
0
59
0
2
2
0
5
0
10
0
18
0
0
1
0
0
0
1
0
1
20
1
1
3
3
0
1
0
0
457
43
3
1
5
26
6
5
3
0
0
0
0
0
0
0
0
0
0
0
0
0
0
0
0
1
0
0
2
0
23
3
0
1
13
5
0
0
1
2
0
0
20
10
0
0
6
0
0
1
2
48
0
20
26
3
33
0
15
39
34
0
1
1
66
0
0
0
0
0
0
0
0
0
16
1
9
0
0
0
0
0
0
0
0
2
11
18
0
0
0
27
0
0
0
6
0
0
0
4
2
4
35
394
0
0
0
66
455
23
26
1
12
10
0
33
7
0
0
20
5
76
7
8
3
3
0
12
9
1
21
14
23
124
22
2
5
1
398
59
7
0
2
7
55
390
115
426
16
0
0
87
0
0
7
21
0
1
465
0
14
0
1
6
0
2
38
91
0
5
30
0
0
6
17
21
20
14
3
7
0
31
9
0
9
10
36
16
161
0
1
161
0
3
12
9
6
0
449
2
0
0
0
0
0
0
0
0
0
0
0
0
0
0
0
10
0
0
0
0
0
0
0
0
0
0
0
0
0
0
9
0
0
0
0
0
1
0
0
0
0
0
0
0
0
0
3
1
0
0
0
0
0
0
0
1
11
1
0
0
0
0
1
0
0
0
0
0
0
0
0
0
