0
13
0
0
3
16
0
4
2
8
3
16
15
0
64
0
16
18
48
139
8
17
17
15
0
0
0
89
17
0
12
41
0
63
19
11
0
20
26
23
69
5
0
15
12
15
0
1
71
37
1
147
3
15
16
11
2
13
0
22
96
24
22
25
1
0
0
0
0
0
20
8
0
26
5
0
0
7
11
0
1
15
1
0
0
0
0
0
0
0
1
10
0
0
0
11
1
0
0
0
0
12
11
15
0
0
17
0
0
0
1
1
3
78
49
91
0
3
427
66
405
20
438
469
61
81
83
1
0
0
0
72
26
1
3
9
0
0
0
116
84
71
0
116
0
1
0
0
14
1
0
0
0
0
5
6
2
7
0
25
17
423
165
49
49
30
0
2
64
53
0
61
519
0
7
81
462
65
10
80
68
97
76
0
0
0
0
3
0
0
0
0
138
11
0
0
0
10
0
5
1
0
6
0
0
0
6
1
3
1
0
0
2
2
0
0
0
0
23
3
67
15
3
0
0
87
2
0
3
0
0
0
0
1
11
16
0
5
3
5
0
0
0
0
3
0
0
3
0
0
3
0
0
0
4
6
2
0
2
15
4
4
0
0
0
5
16
7
5
14
12
387
0
1
387
1
0
4
24
11
0
96
3
4
7
5
70
455
53
2
0
1
1
2
1
20
19
1
19
6
19
1
9
6
407
10
11
0
0
8
0
10
5
5
0
3
1
2
1
15
5
0
1
16
3
7
1
11
0
17
10
24
60
9
20
13
0
0
5
24
0
0
1
2
12
6
6
10
13
0
0
4
0
19
16
26
52
34
6
0
6
21
13
7
0
102
18
62
6
119
4
5
