10
377
0
0
278
0
15
25
16
17
35
11
11
10
13
0
0
0
0
0
0
0
0
0
0
0
0
99
0
0
0
0
0
0
0
4
0
0
0
0
0
0
0
0
0
0
0
10
10
0
15
25
4
15
14
0
15
14
0
103
0
34
14
25
14
14
0
42
25
33
21
19
113
12
110
14
14
0
10
10
18
16
11
13
94
11
477
56
59
53
10
10
10
138
19
10
14
117
11
4
15
0
0
0
0
0
0
0
0
0
0
11
10
0
21
0
0
0
12
19
17
99
25
4
12
15
197
15
81
24
101
0
39
0
81
21
34
15
21
10
110
78
15
32
0
30
0
16
0
15
0
10
1
16
10
20
14
0
7
0
10
0
0
0
10
9
5
2
59
9
0
10
1
0
30
1
20
0
14
10
0
11
0
0
14
19
14
14
12
15
13
12
23
10
14
85
63
10
69
9
1
59
5
67
0
0
59
0
0
14
21
10
0
0
0
20
10
10
10
0
5
0
11
13
0
0
0
59
59
0
0
0
59
69
70
21
10
10
11
0
10
10
10
0
11
0
14
25
17
4
0
0
0
0
0
4
0
16
11
10
30
0
0
0
0
0
0
0
0
0
0
0
0
129
0
0
0
0
0
0
0
0
0
0
99
36
27
0
19
0
131
129
0
0
4
9
20
6
0
385
15
8
0
11
22
437
0
0
4
10
4
9
12
9
6
423
96
387
395
11
59
449
59
79
21
0
0
117
143
10
133
0
4
144
78
0
10
119
99
0
68
28
1
99
404
68
83
0
0
68
68
37
68
0
68
0
83
78
78
10
6
0
147
0
36
10
10
11
10
81
10
0
50
85
0
0
3
10
55
16
112
0
107
20
83
34
83
10
7
19
64
64
455
37
9
12
0
8
0
5
217
10
6
0
59
385
116
4
10
4
0
0
233
0
18
23
10
68
0
178
10
20
0
9
0
68
0
20
16
81
10
33
10
47
19
5
0
181
16
44
19
19
10
98
5
103
4
102
0
125
9
22
9
1
0
0
0
0
