1
117
0
3
11
0
22
0
18
0
15
1
0
6
10
0
2
130
82
8
22
9
149
6
7
68
36
87
39
28
209
1
0
40
38
0
1
1
132
71
1
137
0
0
0
0
5
30
1
99
20
7
130
5
20
166
1
40
1
0
0
0
1
4
0
11
0
0
1
5
8
0
0
0
53
0
52
2
1
1
43
43
21
0
21
0
15
0
0
0
27
0
0
0
3
1
0
0
20
7
6
7
0
0
9
115
1
1
1
2
0
64
40
118
3
1
0
1
1
0
41
25
0
12
3
0
0
0
0
0
0
0
0
0
0
0
0
1
0
0
0
0
0
0
2
81
1
0
1
25
3
64
0
3
2
49
12
13
0
39
0
2
455
0
64
40
33
33
11
0
249
0
58
0
0
0
67
81
0
52
0
2
0
3
26
0
250
0
19
18
21
0
0
189
0
0
0
0
0
0
0
0
0
0
0
0
0
0
0
0
0
0
176
0
22
0
0
0
0
0
0
0
55
18
0
0
0
55
118
0
0
1
11
0
0
18
18
0
18
18
0
0
0
9
0
20
0
1
0
0
48
0
0
0
0
4
4
0
4
21
3
3
0
0
5
6
1
18
6
0
0
3
0
0
18
0
9
1
0
0
0
2
0
0
0
1
25
0
0
0
0
0
0
9
20
0
6
0
1
0
1
0
0
0
0
385
0
1
0
0
0
1
0
0
6
1
21
0
62
0
0
0
3
3
0
48
30
7
11
11
0
0
5
9
0
5
56
5
16
13
43
18
70
455
23
7
11
0
8
15
8
0
19
0
14
22
38
5
52
6
1
127
0
4
0
12
55
1
21
0
1
11
8
1
28
12
0
117
0
13
123
1
10
123
70
1
7
1
5
7
13
6
21
63
9
9
19
29
0
0
13
20
13
65
7
14
7
116
0
40
2
12
0
0
2
2
28
9
5
13
0
1
25
0
58
2
7
1
25
53
7
18
7
5
5
6
44
6
14
44
0
386
10
12
1
60
21
0
0
20
0
10
53
1
14
6
9
70
117
0
12
44
1
18
19
5
9
0
0
123
23
18
38
106
5
13
2
5
397
385
0
0
13
0
116
134
0
0
0
130
0
0
130
0
57
63
5
109
0
15
0
6
31
6
107
0
76
21
5
0
12
429
0
0
4
0
20
0
0
0
3
0
0
0
0
0
24
0
1
0
0
15
0
8
0
8
0
15
0
0
0
1
0
7
0
6
42
0
6
0
5
0
0
45
0
0
0
0
0
0
0
1
0
1
0
0
0
0
15
4
0
3
21
0
0
3
0
3
0
15
0
0
6
0
1
18
6
0
1
1
0
0
0
15
0
0
0
1
18
5
0
1
0
0
0
0
0
6
6
15
13
28
0
9
0
0
5
0
0
0
4
0
0
25
0
0
6
0
