64
0
9
3
8
0
1
0
64
10
6
0
12
89
0
61
10
1
2
0
0
0
1
8
2
9
25
16
9
4
16
208
4
1
16
5
1
151
23
63
0
2
15
0
83
1
0
0
1
0
0
0
0
0
0
0
0
0
0
0
0
11
9
5
0
8
0
0
0
0
0
0
0
0
0
0
0
0
91
0
23
107
1
1
8
0
9
107
0
0
1
1
0
0
0
0
0
3
8
0
0
0
0
0
0
0
0
0
16
0
5
0
4
13
4
0
0
49
54
1
1
3
6
63
0
3
0
2
5
0
0
0
0
0
0
0
2
0
0
0
0
0
0
0
0
0
63
64
0
6
79
0
0
8
66
5
0
0
84
0
5
17
0
1
0
22
11
0
29
20
0
63
0
2
0
2
0
0
20
117
28
0
38
29
1
7
26
14
0
0
3
0
0
1
0
0
20
0
0
0
0
0
0
0
20
0
0
0
0
1
0
0
0
0
0
0
0
0
0
0
0
0
0
0
0
0
0
0
0
0
0
0
0
0
0
0
0
0
0
0
0
0
0
0
0
0
5
62
59
0
1
59
2
10
0
2
0
0
1
20
24
26
0
1
1
46
20
20
35
0
0
121
136
51
2
7
17
27
22
1
51
21
5
0
5
10
0
0
0
0
13
0
20
0
20
0
0
0
0
20
0
0
0
0
0
0
0
0
0
0
0
0
0
0
0
0
0
0
0
0
0
0
0
0
0
0
0
0
0
24
94
0
22
3
1
2
85
55
76
23
24
0
0
0
0
0
0
49
50
1
20
0
0
0
0
0
20
0
0
0
0
0
0
9
0
0
12
0
0
14
1
6
25
0
1
4
0
0
0
0
0
0
1
4
6
0
38
1
31
0
31
10
20
89
0
36
9
88
0
11
73
0
3
9
5
3
4
0
68
1
5
17
1
2
8
95
28
5
2
91
18
10
1
8
18
35
0
0
1
0
8
1
58
454
8
0
0
0
1
3
37
8
6
109
0
6
0
0
102
0
9
107
0
426
27
11
33
0
0
8
15
1
14
0
11
1
8
1
24
0
1
14
65
5
3
13
15
16
1
16
9
449
85
5
1
0
0
3
7
4
3
395
31
9
133
16
141
0
5
142
0
6
119
0
24
15
2
5
1
59
0
64
55
0
0
12
40
0
100
63
98
387
1
0
110
0
4
0
4
0
0
6
21
59
0
7
1
0
20
69
21
21
0
20
0
0
20
20
0
0
0
0
1
20
20
0
14
0
0
3
0
0
0
0
0
0
0
0
0
0
0
0
0
0
0
0
0
0
62
59
0
1
59
