25
163
4
126
0
2
26
7
6
27
32
1
33
0
50
18
4
0
20
181
0
112
23
122
73
0
27
7
6
6
49
27
26
0
112
7
8
0
0
0
0
6
0
6
15
0
44
20
17
0
0
0
0
0
0
15
16
16
27
16
11
9
6
52
27
6
0
7
55
0
83
63
0
83
84
29
38
9
48
0
0
0
0
0
0
0
8
32
32
10
26
0
0
0
0
0
0
17
0
6
0
0
7
83
7
0
33
0
12
44
22
1
5
13
14
38
6
1
13
20
9
0
6
11
113
18
1
0
1
0
43
6
39
13
0
17
6
6
15
15
12
44
10
0
26
6
0
0
0
0
0
0
0
0
0
13
21
6
26
0
6
6
7
7
27
27
28
1
43
93
0
128
54
0
0
0
0
0
0
85
15
30
30
43
41
0
0
0
0
0
0
0
4
0
0
0
0
0
0
0
0
0
0
0
0
0
0
0
0
0
15
33
64
2
0
0
0
0
0
0
0
0
0
0
0
0
0
0
0
0
41
21
84
24
31
0
0
1
16
0
53
1
33
8
15
6
6
63
1
63
55
61
41
63
16
56
16
0
0
0
0
33
0
15
0
0
0
0
0
0
84
11
10
84
117
94
10
0
22
10
18
10
7
0
8
18
15
17
101
7
0
0
1
117
39
16
0
1
7
28
6
52
0
38
15
4
0
414
29
19
20
3
0
155
24
20
6
6
142
38
64
449
15
12
20
5
15
3
36
1
0
1
4
15
175
16
127
15
14
2
0
0
0
288
15
11
0
1
163
0
20
3
23
7
0
0
2
2
15
398
1
1
2
5
26
25
126
0
13
16
11
0
18
19
6
19
48
9
36
2
34
0
11
0
24
11
0
28
245
15
9
21
5
16
82
21
76
21
95
9
168
7
20
185
15
14
16
13
0
4
146
0
22
177
18
164
21
206
22
46
20
78
19
0
0
29
22
6
10
11
10
0
0
0
0
0
0
15
11
0
7
9
9
23
31
17
7
31
15
14
0
