21
4
2
6
0
20
0
20
4
26
138
0
10
16
20
0
0
12
0
0
3
36
0
10
17
27
20
0
0
0
1
0
1
21
164
3
67
0
0
51
1
20
26
65
0
2
0
2
0
0
22
0
15
1
15
16
15
4
0
0
25
18
5
47
13
1
0
5
0
0
0
0
0
0
7
19
2
4
0
35
35
444
0
0
0
1
0
0
0
0
0
1
14
3
0
0
0
0
0
0
0
3
0
0
0
0
0
0
0
0
0
0
0
127
11
7
8
7
0
8
5
33
0
0
0
0
30
45
497
29
0
0
7
1
0
0
0
0
0
0
0
0
0
0
0
0
0
0
0
0
0
0
0
1
3
0
15
15
6
0
23
15
0
8
2
73
28
87
20
24
0
1
496
16
0
38
2
0
68
1
0
18
91
1
0
0
0
0
0
9
0
0
0
0
0
0
3
0
0
0
0
0
0
0
0
0
0
0
0
0
0
0
0
0
0
0
0
0
0
0
0
0
0
0
0
0
0
0
141
7
0
0
0
0
1
11
1
1
71
3
3
2
0
6
0
22
4
21
0
83
0
26
30
1
0
67
23
1
90
21
0
9
59
63
0
3
0
0
0
0
0
0
0
0
24
61
59
3
5
0
6
37
104
10
3
0
61
9
9
22
62
0
33
0
0
0
0
0
0
0
0
152
10
64
1
62
152
63
0
6
0
59
23
0
59
7
6
59
0
0
0
0
1
0
19
0
1
0
77
23
0
0
0
0
0
1
0
5
0
4
9
0
0
73
0
33
5
13
12
95
5
2
38
12
6
0
70
455
23
8
5
1
64
116
1
0
0
1
2
69
4
0
15
0
16
54
36
0
2
47
0
2
0
6
23
17
10
6
65
13
0
77
0
0
10
18
30
0
14
22
9
58
12
43
0
5
93
130
427
1
36
30
21
12
17
28
13
11
5
86
88
1
29
68
15
5
44
58
1
6
15
4
1
11
7
129
0
112
5
7
8
0
0
0
0
0
7
0
0
0
0
0
0
0
0
0
0
0
0
0
0
0
0
0
0
0
0
0
0
0
0
0
0
0
0
0
0
0
0
0
0
0
0
0
0
0
0
0
0
69
0
0
0
0
2
33
120
10
120
0
0
0
0
0
0
0
0
67
0
67
29
0
0
0
20
6
20
1
20
0
0
69
24
38
0
3
0
34
5
38
33
0
54
20
0
13
17
1
0
6
