1
4
7
0
1
26
1
2
54
43
51
25
31
1
90
1
1
65
14
3
0
86
1
1
1
27
26
5
74
1
3
2
40
1
21
3
546
125
54
1
0
140
0
99
3
2
6
4
430
6
436
0
0
64
1
1
0
1
10
5
1
21
424
0
413
1
12
20
2
0
0
28
2
2
0
0
0
27
26
72
37
0
27
0
64
3
0
0
0
0
0
1
1
1
5
10
16
5
0
0
80
15
6
7
28
0
0
0
53
5
0
0
3
0
5
1
0
39
0
99
5
126
1
0
0
0
5
5
35
0
0
0
0
0
2
5
19
1
35
50
14
39
114
9
0
28
1
0
1
11
2
0
0
0
25
35
43
2
1
54
24
120
1
1
35
25
21
1
10
10
43
1
11
39
41
74
1
2
0
36
41
453
0
0
0
0
0
14
14
0
9
0
0
0
0
0
0
0
0
0
0
0
0
0
0
0
0
0
0
0
0
0
0
0
0
0
0
0
0
0
0
0
35
21
14
10
0
0
10
0
10
0
10
0
0
0
0
1
1
0
10
1
1
126
157
0
1
0
0
0
0
0
0
1
1
1
1
1
1
5
6
1
0
6
11
175
5
156
0
0
0
0
0
10
0
0
0
0
0
0
0
0
0
6
0
6
11
11
23
79
18
10
0
0
12
0
1
1
1
1
5
10
12
1
1
4
154
2
1
2
1
1
1
13
2
0
9
68
20
68
21
1
5
1
60
6
1
64
0
0
17
153
11
8
1
0
6
519
12
0
65
455
23
22
38
5
6
0
13
3
37
7
17
0
0
21
1
10
15
5
0
7
22
17
2
26
58
12
7
116
0
32
37
6
70
0
66
7
5
32
139
426
16
0
0
7
0
47
0
56
2
2
19
53
7
15
45
3
178
6
444
85
1
3
0
1
34
11
29
5
23
414
2
9
0
14
16
30
2
54
3
3
0
117
1
1
8
1
20
0
57
63
5
98
0
123
0
404
185
0
36
7
32
64
16
10
265
0
12
65
404
1
0
241
15
1
0
55
39
40
585
0
150
0
0
12
0
12
0
35
0
0
59
0
0
0
0
23
5
29
23
43
10
17
0
0
5
1
2
0
1
11
35
1
1
35
35
35
35
0
0
0
0
0
0
0
0
0
0
0
0
0
0
0
0
0
0
0
0
0
0
0
0
0
21
64
0
0
0
0
0
0
0
0
0
0
0
0
0
0
0
2
35
0
425
0
0
0
0
0
0
0
0
0
0
14
0
14
0
0
0
0
0
0
0
0
0
0
0
36
155
182
0
0
0
0
0
0
15
0
0
0
20
0
0
0
0
0
0
394
392
392
392
2
9
9
9
9
0
0
4
6
4
6
10
4
6
7
1
1
0
1
1
1
1
1
1
1
1
0
1
1
0
7
0
0
7
0
42
0
1
2
0
