0
108
0
6
13
26
26
0
1
0
1
20
5
3
66
1
19
165
77
20
3
92
36
0
1
1
27
22
8
61
76
0
12
0
4
84
0
11
3
0
0
0
0
0
1
0
0
0
0
0
0
172
49
58
49
51
0
0
0
0
6
9
0
5
49
54
50
5
1
0
7
51
80
3
54
0
0
0
0
0
0
0
0
0
0
49
0
0
0
0
0
0
0
54
8
20
0
0
0
0
0
0
0
0
0
0
15
66
0
0
0
0
5
33
199
51
0
0
2
74
0
0
2
50
0
1
0
5
5
96
4
0
36
109
20
20
0
0
0
0
0
0
0
20
0
0
0
0
0
20
0
0
171
29
95
0
178
0
51
86
53
98
0
18
0
0
7
18
17
0
1
0
20
0
85
0
20
20
0
0
0
0
0
0
0
0
0
0
0
0
0
0
0
0
0
0
0
0
0
0
0
0
0
0
0
0
0
0
0
0
0
0
0
0
0
0
0
0
0
0
0
0
0
0
0
0
0
0
0
0
0
0
0
1
23
1
23
5
71
1
0
0
49
60
0
4
70
5
2
0
58
0
2
23
57
8
14
59
20
75
53
0
161
292
2
50
5
12
4
96
0
6
55
60
49
188
50
7
0
0
2
12
390
99
11
102
106
64
14
64
4
0
12
21
7
37
86
455
111
0
91
3
14
0
135
1
31
0
23
29
8
1
1
3
386
20
0
1
116
19
0
15
15
53
0
21
0
24
49
47
15
34
10
22
1
27
0
1
4
7
10
18
16
113
16
152
7
215
3
127
6
17
0
93
15
101
5
146
0
0
220
0
10
29
0
128
5
123
9
199
9
19
0
14
0
8
24
39
5
