0
77
1
0
1
387
81
6
47
0
0
0
0
0
0
425
0
1
509
14
12
0
19
30
0
17
35
3
93
20
20
16
76
0
6
1
10
6
0
0
13
0
35
18
0
0
0
0
0
0
0
0
0
0
0
12
0
76
33
65
84
64
35
0
0
15
0
15
35
35
35
26
104
30
10
0
0
1
0
0
0
0
0
0
0
10
0
0
0
5
0
0
0
0
0
0
0
0
0
0
12
0
2
0
27
0
0
1
16
20
0
0
77
4
2
0
3
453
22
75
0
84
33
6
81
0
0
18
2
0
0
0
0
0
0
2
5
35
17
30
7
1
9
6
77
1
0
12
65
64
0
18
0
20
20
0
0
0
0
20
35
35
35
0
15
15
0
0
13
0
15
15
1
8
0
40
0
20
3
1
2
26
0
1
2
1
0
28
2
1
1
0
12
0
0
0
0
2
0
0
0
8
7
0
0
2
0
0
0
0
0
0
0
0
26
0
10
26
1
20
0
0
68
76
2
0
0
0
0
64
5
0
0
3
0
0
0
0
0
0
23
10
0
84
2
0
0
35
0
38
15
15
6
3
35
37
0
0
0
7
0
0
8
15
0
0
20
0
0
36
40
4
0
385
1
17
2
7
6
19
13
6
0
7
12
6
89
69
8
10
6
5
8
0
17
0
64
455
23
21
3
18
8
385
201
0
12
62
0
6
53
16
28
13
0
7
5
4
12
394
10
0
0
14
16
0
3
22
12
79
12
81
0
7
26
0
0
2
0
7
30
26
13
11
75
23
7
11
26
15
385
0
4
20
0
85
0
7
73
0
0
13
26
4
2
0
1
21
70
4
20
32
0
64
76
27
15
0
0
0
0
0
0
0
0
0
0
0
0
0
0
0
0
0
0
0
0
0
0
0
0
0
0
0
0
0
0
0
0
0
0
0
0
0
0
0
0
0
0
0
0
0
0
0
0
0
0
0
0
35
