10
9
0
0
6
10
0
3
1
4
0
2
1
0
9
5
5
1
0
0
0
1
12
0
5
11
5
0
3
9
4
3
37
3
4
46
5
1
1
6
23
2
3
0
0
30
1
12
163
12
15
5
4
6
3
4
0
5
1
0
0
0
9
1
5
0
1
0
1
1
1
415
7
429
520
4
4
13
0
1
11
0
7
392
0
6
3
14
3
7
3
39
12
0
3
64
4
43
3
7
0
0
1
1
157
1
3
3
0
0
8
1
0
7
0
1
1
4
0
0
11
8
11
7
0
5
0
1
0
0
0
3
2
3
12
0
4
0
0
1
0
0
0
4
6
0
1
46
1
4
0
6
47
0
0
0
39
0
0
1
3
1
0
3
3
0
3
40
40
0
0
0
430
428
0
1
2
0
16
1
1
0
17
2
5
20
15
5
1
0
0
4
7
1
0
0
425
74
74
0
0
0
0
0
0
0
0
0
465
60
1
16
16
22
23
1
0
0
0
39
0
0
2
41
40
7
2
0
442
20
39
36
58
40
464
84
0
0
1
1
74
499
0
0
0
0
0
0
0
0
0
0
0
0
0
0
0
0
0
0
0
0
0
0
452
4
0
1
44
26
454
3
3
469
0
21
26
0
3
0
4
0
5
2
8
7
0
5
4
35
16
0
6
434
8
102
5
6
12
0
28
5
41
0
385
394
10
28
6
5
70
455
23
24
5
11
169
6
17
7
1
12
6
0
12
290
6
7
138
6
13
12
22
0
6
0
12
14
8
5
13
7
22
22
5
1
26
60
31
58
12
29
1
106
426
63
7
12
169
0
12
1
10
0
11
1
169
0
12
1
97
0
5
12
390
10
14
5
13
8
0
6
6
9
1
5
0
3
6
8
0
6
63
63
5
15
0
9
12
128
0
20
12
179
0
0
5
13
385
14
171
0
1
19
0
5
11
0
3
44
0
7
1
56
55
42
0
12
17
1
0
0
425
74
74
0
0
0
0
0
0
0
0
0
465
81
0
0
39
0
0
0
0
0
1
4
1
8
67
4
4
3
3
0
0
49
0
1
0
54
2
1
1
0
0
0
7
7
39
