2
9
1
0
0
2
0
0
4
37
2
0
0
1
12
12
0
15
1
41
6
8
3
0
0
0
17
1
50
0
0
0
17
0
10
0
0
10
5
0
0
0
1
10
6
8
0
8
0
4
13
0
0
2
3
1
12
0
4
0
9
0
0
0
0
3
1
0
0
0
0
0
0
0
1
1
1
6
0
419
1
0
24
28
0
9
0
8
0
0
1
0
0
0
0
0
2
12
0
1
1
1
0
0
3
0
7
0
20
1
6
0
2
390
23
1
59
514
0
0
20
386
3
390
2
1
3
0
0
9
4
59
1
0
3
0
5
0
0
0
0
0
0
0
0
0
0
0
0
0
0
0
0
1
0
0
0
0
0
0
0
0
0
59
0
60
59
59
0
10
2
0
59
0
0
0
5
0
0
10
0
0
0
0
0
0
2
3
52
0
0
3
0
15
0
10
0
5
0
1
0
5
0
0
0
3
0
1
0
10
1
0
3
11
3
12
0
0
6
0
0
11
0
39
2
0
20
15
423
16
12
0
50
8
1
0
3
6
1
1
10
0
1
0
7
80
0
0
0
0
1
0
0
0
0
0
1
2
3
24
8
0
9
2
17
1
3
8
0
12
14
5
0
6
0
6
9
0
4
1
12
64
455
23
6
0
0
0
11
15
30
5
15
22
7
0
42
1
18
14
1
5
1
0
16
0
11
17
5
6
19
1
6
9
4
0
6
1
86
1
0
6
0
2
7
11
14
5
0
4
385
10
398
11
0
6
0
1
23
0
0
9
0
25
6
6
0
3
0
3
1
0
0
0
1
0
0
0
2
57
63
5
17
0
11
0
11
20
12
6
0
4
20
0
0
0
0
1
0
0
0
0
0
0
0
6
1
0
4
0
0
0
0
2
1
0
0
1
0
0
0
0
0
5
3
0
0
0
1
0
479
397
6
17
0
0
0
2
0
397
0
0
0
0
0
