11
0
5
0
0
18
64
7
11
0
2
34
2
55
24
0
4
3
3
1
52
1
17
0
5
0
1
1
40
3
12
0
27
1
2
0
1
26
1
0
39
11
5
11
0
11
45
23
0
20
418
6
1
391
99
1
0
0
17
8
8
2
5
388
0
8
0
12
0
1
1
1
0
2
0
0
0
3
3
41
5
6
7
7
11
0
0
1
1
0
0
1
1
0
0
1
0
1
1
0
0
0
3
12
0
0
0
0
22
0
0
0
49
0
5
0
1
0
0
5
8
0
0
0
0
5
0
0
0
0
23
0
2
0
5
0
0
0
2
2
0
0
0
0
0
0
0
0
0
0
0
0
48
47
6
0
0
0
12
1
12
20
7
21
13
1
0
3
0
0
0
0
0
0
0
0
0
0
0
0
0
0
0
0
0
0
20
0
0
3
0
0
0
0
0
0
0
0
0
39
0
39
0
39
0
39
0
0
0
0
0
0
0
0
0
0
0
0
0
0
0
0
0
0
0
0
0
0
0
0
8
0
20
0
8
0
0
5
0
0
5
0
0
0
0
1
8
11
10
0
14
0
0
10
9
1
0
10
10
27
25
7
2
0
39
0
39
0
0
0
0
0
0
25
1
0
0
0
4
0
0
0
5
0
0
1
6
0
0
0
1
12
0
40
0
23
36
0
125
1
42
61
0
23
59
0
0
0
0
0
39
15
25
5
0
0
73
3
0
0
0
39
0
39
0
0
0
0
0
0
5
5
5
1
0
0
0
0
2
0
0
0
0
0
0
2
0
0
2
26
0
40
3
0
0
2
0
9
2
49
0
1
3
11
0
0
19
1
0
0
3
5
5
6
20
0
0
39
0
0
39
0
39
0
0
0
0
0
4
0
39
5
0
0
0
22
0
2
13
3
15
1
15
0
38
3
29
16
7
41
385
394
10
68
21
64
386
69
23
29
10
0
6
6
0
6
29
2
5
47
16
28
7
26
13
13
7
11
391
5
42
85
400
5
6
7
20
5
13
385
14
7
385
62
2
21
0
5
31
58
12
15
2
0
0
14
5
8
9
21
12
34
15
17
34
25
5
34
72
6
408
0
0
0
1
3
1
17
1
1
16
76
0
16
1
75
0
0
1
0
0
0
47
0
0
0
10
6
0
0
0
0
0
0
10
0
0
0
0
0
0
0
0
0
39
39
5
0
56
0
10
0
5
0
18
0
0
0
0
0
10
40
0
40
1
0
0
0
0
0
0
0
0
0
10
0
49
0
0
0
0
0
0
49
0
0
0
0
0
0
0
0
0
10
0
10
5
5
1
1
0
26
49
18
0
0
54
2
50
1
55
54
39
2
89
1
3
3
6
5
3
0
0
0
0
0
0
0
0
0
0
0
0
0
0
0
0
0
0
0
0
0
0
0
0
0
0
0
0
0
0
0
0
3
0
8
0
36
21
9
0
5
0
0
77
0
3
3
1
148
7
20
1
2
0
5
81
2
2
79
0
0
0
0
0
