0
25
0
5
1
20
0
35
1
0
20
46
0
5
8
0
0
0
0
10
2
117
0
115
0
5
6
0
0
0
17
10
0
1
60
0
20
0
0
20
4
0
0
20
0
1
0
47
47
12
35
197
22
0
1
0
12
0
5
5
64
4
1
1
0
0
0
0
0
0
0
0
0
0
0
0
0
0
0
6
0
0
4
0
0
0
1
0
14
69
2
0
7
4
0
1
0
0
0
0
0
64
1
10
10
15
10
0
0
20
1
11
10
11
3
21
12
20
0
0
10
25
19
0
0
12
0
0
0
10
36
1
0
0
20
0
28
29
11
4
0
39
10
0
61
111
5
86
0
15
10
587
16
9
30
16
59
5
36
0
0
0
3
68
0
0
0
0
0
79
64
0
0
76
0
0
1
0
1
9
0
0
0
0
46
2
0
3
11
6
0
6
0
1
1
0
20
20
2
516
2
394
2
3
130
0
62
5
8
45
545
0
20
1
22
27
9
0
0
129
385
129
385
0
0
0
0
0
0
0
0
0
0
0
159
0
8
61
20
15
0
0
1
25
0
34
25
29
25
47
53
1
2
10
0
0
0
0
0
418
418
0
0
0
51
0
20
436
0
129
0
0
0
0
1
1
0
26
1
0
74
1
26
50
0
49
51
26
154
0
0
13
0
22
11
27
0
15
45
1
2
0
46
68
2
20
14
0
3
0
5
0
2
20
69
455
23
43
10
5
9
25
8
6
8
83
0
10
52
9
20
0
1
106
1
14
0
15
0
8
14
0
10
11
3
0
16
0
26
1
25
8
0
2
5
108
404
120
4
6
0
6
0
10
8
12
5
19
48
45
13
6
40
14
0
1
20
392
1
0
31
9
184
5
0
0
1
0
1
0
10
0
0
10
10
2
2
1
8
0
5
0
0
1
20
0
1
3
1
33
24
0
402
