23
139
0
128
0
0
0
16
28
30
20
35
38
48
56
49
34
12
11
1
37
45
10
33
0
114
1
0
17
11
9
30
35
31
33
55
18
35
0
59
22
90
36
23
20
20
40
0
15
21
114
55
20
20
20
73
26
16
29
0
20
20
16
0
0
10
63
20
0
0
0
0
0
0
0
0
0
0
0
0
0
20
0
5
32
11
0
0
0
0
0
0
0
41
0
0
0
0
0
0
20
22
35
21
25
0
0
0
0
0
0
0
0
0
0
25
0
0
0
0
0
0
0
0
0
28
31
0
0
0
0
0
0
0
0
0
0
0
0
0
0
0
1
0
1
0
0
0
0
50
23
21
0
36
81
1
0
20
9
0
0
99
20
0
8
5
5
0
99
0
20
39
39
99
20
84
1
6
0
30
20
6
15
0
15
99
15
19
0
19
35
1
0
0
0
0
11
0
3
17
0
0
0
0
0
0
0
17
0
15
0
10
12
0
0
0
1
0
25
0
11
0
0
81
120
33
182
83
6
0
0
0
0
0
15
0
26
0
0
0
2
21
27
0
15
0
0
0
0
0
0
0
0
63
0
0
0
0
0
0
0
0
0
0
0
0
0
0
0
0
34
75
0
0
0
0
0
63
0
0
0
0
0
0
0
0
0
0
0
0
0
0
0
0
0
0
0
0
0
0
0
0
0
0
0
0
0
0
0
34
95
0
101
54
26
43
68
15
34
0
29
66
1
33
99
0
0
0
0
0
0
65
20
9
20
0
0
20
20
15
54
65
85
29
88
27
99
63
0
0
33
31
51
0
27
0
0
1
11
0
0
0
0
0
0
0
0
0
0
0
0
23
16
0
0
0
15
0
0
0
0
63
0
0
0
22
20
0
80
160
45
29
21
36
10
49
19
1
21
23
8
66
1
84
20
33
0
31
19
5
25
21
64
8
25
49
1
21
35
35
20
1
0
0
3
0
26
7
3
0
9
17
223
21
16
10
1
0
94
40
4
15
43
28
144
15
147
19
17
8
1
23
0
0
3
20
5
13
7
0
4
0
78
4
0
18
16
27
25
11
19
48
237
5
16
28
46
118
26
253
15
265
15
22
3
31
9
20
10
25
3
2
34
20
49
27
93
17
150
18
21
5
184
21
225
0
15
225
0
0
237
20
214
2
100
0
18
256
0
0
310
0
8
144
0
63
133
0
18
257
24
155
0
16
