1
149
0
1
50
49
49
0
1
5
0
21
1
21
0
4
5
0
0
0
0
9
6
18
0
10
12
1
39
0
37
0
5
0
15
0
1
5
390
0
0
0
0
0
0
0
0
0
10
431
17
87
455
504
0
0
0
0
0
0
0
0
54
3
16
1
2
0
0
0
0
0
2
3
1
1
13
0
2
2
0
0
0
0
0
0
34
0
0
0
0
78
0
0
5
3
0
0
0
0
0
1
0
2
9
0
0
2
31
0
1
13
33
22
0
10
1
0
0
0
0
0
0
0
0
0
397
1
0
6
1
0
0
0
0
0
1
0
0
3
12
0
0
0
0
0
0
0
0
0
2
0
0
97
3
0
133
21
35
2
0
0
0
0
0
0
0
0
0
0
0
0
0
0
479
20
19
0
20
63
10
1
0
0
0
0
0
19
0
51
10
51
19
1
1
0
0
0
0
1
1
2
0
0
0
0
0
0
0
0
0
2
0
1
386
56
6
1
14
0
0
4
1
0
2
10
4
9
0
0
1
4
9
18
99
422
72
97
0
0
2
5
1
8
7
1
6
0
1
34
23
2
64
14
9
6
8
89
1
6
3
416
39
3
1
1
2
12
64
455
23
12
26
0
4
0
5
2
0
93
20
13
6
39
30
9
8
17
50
0
44
11
92
1
10
154
9
106
12
5
9
0
6
3
8
0
3
5
1
14
7
72
1
0
1
22
9
44
0
8
6
21
7
0
0
35
9
1
