9
412
0
10
10
20
4
18
9
0
10
9
1
0
10
10
10
11
12
10
0
27
20
0
11
0
3
10
0
11
10
0
2
10
13
6
0
12
0
12
0
0
0
0
0
0
22
0
0
0
20
2
117
128
0
3
0
0
0
0
1
0
0
10
9
10
9
0
11
0
0
0
11
0
0
0
0
0
0
0
0
0
0
20
13
0
0
10
10
2
20
0
10
13
4
0
0
0
5
0
0
0
8
15
0
0
0
0
5
0
14
10
13
10
0
3
0
16
0
0
0
10
0
0
36
11
10
0
14
0
13
14
10
3
0
2
0
0
3
31
0
0
6
5
10
10
3
1
1
0
0
0
2
0
0
14
0
0
0
0
10
0
0
0
0
1
15
0
0
0
0
0
0
0
0
0
0
0
6
10
0
12
15
65
696
23
2
22
0
0
2
0
0
1
0
0
0
15
23
49
1
16
9
10
0
0
0
0
0
422
46
10
10
0
0
3
9
16
0
0
0
1
10
19
0
2
0
0
1
20
10
0
0
11
1
0
0
0
0
0
1
0
9
5
2
0
0
1
0
0
0
29
0
0
9
9
48
3
0
0
35
0
0
20
0
10
0
0
22
0
20
0
23
0
0
0
1
10
0
0
604
0
29
26
0
0
2
0
0
11
6
0
0
23
30
0
10
0
3
0
20
0
0
141
29
10
3
0
0
2
0
0
0
1
0
5
15
11
0
2
21
6
9
0
8
1
13
3
13
6
1
0
1
5
38
1
7
150
5
10
17
11
6
1
0
3
0
5
0
5
11
0
10
13
22
22
7
116
0
14
0
1
11
0
0
10
9
20
17
7
15
0
8
1
15
22
6
24
5
10
0
1
20
4
2
0
103
404
445
23
12
63
16
10
0
3
57
6
10
0
12
6
131
5
8
6
15
36
64
0
25
49
12
82
4
1
5
32
32
5
0
0
0
0
0
0
0
12
3
0
5
4
0
0
0
0
0
0
5
0
10
20
18
0
2
0
2
12
0
0
0
3
43
4
0
0
0
718
6
0
15
0
6
0
0
2
13
0
1
10
2
0
0
0
0
4
18
2
0
0
2
5
0
6
20
0
0
1
0
126
10
403
116
33
0
0
0
12
0
0
0
0
0
0
0
9
0
9
0
9
0
9
0
9
0
9
0
9
0
9
0
9
0
9
0
0
0
0
0
0
0
0
0
0
0
0
0
0
0
0
0
0
0
0
0
0
0
0
0
0
0
0
0
0
0
0
0
0
0
0
0
0
0
0
0
0
0
0
0
0
0
0
0
0
0
0
0
0
0
0
0
0
0
0
0
0
0
0
0
0
0
0
0
0
0
0
0
0
0
0
0
0
0
0
0
0
0
0
0
0
0
0
0
0
0
0
0
0
0
0
0
0
0
0
0
0
0
0
0
0
0
0
0
0
0
0
0
0
0
0
0
0
0
0
0
0
0
0
0
0
0
0
0
0
0
0
0
0
0
0
0
0
0
0
0
0
0
0
0
0
0
0
0
0
1
0
0
0
0
0
0
0
0
0
0
0
0
0
0
10
1
0
2
15
0
0
0
0
0
0
0
0
0
0
0
0
25
0
0
21
10
0
0
0
0
1
5
0
5
1
0
10
1
0
0
5
0
10
0
0
0
1
2
22
0
0
0
0
0
0
1
4
5
0
