8
85
8
0
0
8
0
8
0
0
0
0
0
0
10
20
72
9
17
70
10
0
0
0
66
18
23
1
435
5
11
3
7
67
388
17
0
0
0
490
63
63
0
0
0
63
0
0
0
0
0
0
0
0
0
0
2
0
34
1
17
64
75
13
0
0
0
8
0
0
7
7
0
1
423
73
8
16
22
24
386
20
65
0
0
68
560
22
33
0
6
0
4
15
72
7
26
117
6
98
0
83
0
1
77
0
0
423
75
71
23
2
1
0
0
0
0
0
0
0
0
0
0
2
0
0
0
0
0
0
0
0
0
0
15
0
2
37
18
21
0
0
0
0
0
0
0
0
0
0
0
0
22
1
0
0
0
0
0
0
0
0
0
0
0
0
15
0
0
21
0
0
0
0
112
102
17
0
0
0
0
0
0
0
0
0
0
0
0
30
14
33
6
0
63
2
1
0
0
13
0
0
0
0
0
0
0
0
0
0
0
0
0
0
0
0
0
0
0
0
0
0
33
6
3
0
0
21
0
0
0
0
0
0
0
0
0
0
0
0
0
0
0
0
0
0
0
0
0
0
0
0
16
0
0
28
0
0
0
0
0
0
20
0
0
0
0
27
27
8
23
0
0
0
0
0
0
0
1
69
1
1
0
0
1
78
0
7
13
14
4
22
8
0
20
37
477
0
6
1
4
146
11
3
424
0
0
0
0
0
0
0
0
0
0
0
0
0
0
0
0
0
0
0
0
0
0
0
0
0
0
0
0
0
0
0
0
0
0
0
0
0
0
0
0
0
32
1
10
6
24
0
0
0
0
0
0
0
0
0
0
0
0
0
0
0
0
0
0
0
0
0
0
0
0
0
0
0
0
0
0
0
6
1
1
7
74
1
2
0
12
0
6
7
8
7
27
0
0
0
0
0
0
0
0
0
0
0
0
0
0
0
0
0
0
1
18
3
1
1
1
0
0
0
0
0
0
0
0
0
0
0
0
0
0
0
0
0
0
0
0
1
1
0
0
9
9
1
1
3
18
18
0
0
0
0
1
65
66
69
0
0
0
0
0
0
0
0
0
0
0
0
0
0
0
0
0
0
0
0
0
1
0
65
0
0
0
0
10
0
92
66
0
0
0
21
3
0
32
9
9
0
26
104
6
6
424
27
88
1
47
11
8
45
3
15
0
8
12
14
7
10
0
12
6
8
36
0
70
455
23
19
12
5
47
118
390
122
0
52
12
20
203
396
12
9
13
9
7
28
7
115
405
3
94
1
405
11
0
0
4
16
16
96
11
12
390
10
12
11
6
49
27
5
399
11
21
399
0
35
9
297
27
20
1
59
15
5
59
15
6
3
29
2
7
25
6
9
6
5
81
390
6
0
3
17
6
0
3
0
0
0
0
0
0
0
0
0
0
0
0
0
0
0
0
0
0
0
0
0
0
3
0
0
0
0
0
0
0
0
0
0
0
0
0
0
0
0
0
0
1
8
0
0
22
2
0
59
0
0
1
0
0
0
60
