8
76
0
2
22
30
38
71
22
0
0
18
0
0
64
1
3
174
4
41
1
1
36
54
17
9
40
17
76
17
9
42
8
32
0
16
55
70
25
43
17
0
0
0
22
22
24
31
17
25
15
15
0
15
26
0
0
0
5
0
0
5
0
0
0
0
0
0
0
0
0
0
0
0
5
0
0
0
0
0
0
16
15
18
10
0
76
92
15
0
0
0
0
0
0
0
0
0
0
0
0
16
15
47
25
0
22
34
8
1
5
85
72
21
0
0
0
1
0
0
0
0
0
0
0
0
0
0
0
0
27
70
65
83
10
0
0
0
0
90
13
0
4
6
0
0
0
1
0
0
54
54
6
7
24
0
0
22
0
6
35
26
0
0
54
83
57
2
0
2
0
41
88
29
41
0
15
0
0
0
0
0
0
76
0
4
17
0
4
0
20
0
0
0
0
0
0
0
0
4
0
0
0
0
0
41
29
15
45
0
16
22
0
16
23
21
1
4
8
16
35
23
0
0
0
0
0
0
0
0
0
15
15
15
0
0
0
0
0
0
0
0
0
0
0
7
0
0
0
15
0
0
22
1
24
25
20
15
41
0
167
0
0
0
0
0
0
0
0
0
0
0
0
0
0
0
0
133
0
0
0
0
0
0
0
0
0
0
0
0
0
0
0
0
0
0
0
0
0
0
6
0
0
0
0
0
0
0
0
0
0
0
0
0
0
0
0
0
0
0
133
0
133
0
0
0
0
0
0
0
0
0
0
0
0
0
0
0
0
0
0
0
0
0
0
0
0
0
0
0
0
0
0
0
0
0
0
0
0
0
0
0
0
0
0
0
0
0
0
0
0
0
0
0
0
0
6
0
142
78
26
6
118
86
135
64
15
54
15
8
74
6
0
0
16
16
15
3
15
0
0
15
0
0
6
0
16
15
0
0
0
0
15
0
133
0
0
0
0
0
0
0
0
0
0
0
0
0
0
0
4
0
0
0
0
0
0
0
0
0
0
0
0
0
0
0
5
0
0
0
0
0
0
5
0
0
4
0
0
0
5
0
0
0
0
0
5
0
36
10
79
61
73
6
0
14
0
0
4
8
8
1
6
21
0
6
35
37
2
0
0
31
0
53
55
44
39
238
27
9
120
0
15
29
2
32
32
2
16
20
0
6
6
0
6
12
8
6
5
45
16
6
10
4
8
12
5
10
79
455
23
71
7
1
151
20
12
130
24
0
14
7
1
4
26
5
9
10
1
9
22
5
7
14
10
27
23
19
8
17
16
325
396
12
9
38
6
14
17
46
8
6
1
108
32
25
97
21
5
6
6
6
66
8
1
6
6
12
91
6
13
198
0
0
97
6
9
19
29
8
217
425
6
7
23
26
0
26
65
11
9
31
13
3
17
0
26
1
0
8
8
5
1
82
11
132
1
256
7
32
62
436
21
2
5
11
1
14
0
95
0
86
6
10
9
1
0
15
16
0
27
0
2
0
0
0
17
15
15
0
0
0
0
4
0
0
0
0
15
0
0
69
64
5
75
1
0
20
12
