1
52
0
25
6
2
2
10
9
6
17
0
0
0
0
49
42
259
7
1
130
8
0
31
4
0
134
9
0
24
7
75
116
52
15
3
18
15
11
12
0
0
0
1
5
5
0
0
0
0
22
30
6
0
25
25
0
0
21
0
0
0
21
0
0
9
1
23
2
3
1
37
16
0
34
0
1
0
18
18
0
8
20
26
22
0
0
0
5
1
6
0
0
0
0
0
0
0
0
0
0
40
32
0
9
0
0
0
0
4
10
0
102
5
9
66
43
0
0
64
27
0
0
0
0
0
0
28
0
0
27
0
0
0
0
3
0
0
10
6
0
22
0
22
22
0
0
0
20
104
55
0
0
0
0
0
0
0
0
0
22
33
0
1
0
5
5
0
27
0
27
0
0
0
0
0
20
0
0
0
10
0
0
0
0
0
20
0
0
0
0
0
0
0
0
0
0
0
0
0
0
0
0
0
0
0
0
99
2
57
4
0
1
3
90
117
23
7
23
0
0
0
0
0
0
0
12
19
0
7
0
0
99
0
86
60
0
423
386
9
0
0
0
0
6
1
19
0
0
99
0
60
0
0
1
0
12
20
0
5
182
1
1
0
0
0
0
0
0
0
26
29
10
4
1
20
391
1
2
26
385
19
0
0
0
0
0
0
0
0
1
0
0
4
0
0
0
140
2
2
0
20
2
2
0
0
0
0
0
0
1
29
3
1
22
1
0
1
0
0
6
70
23
99
5
23
63
1
1
136
1
0
0
5
57
0
2
0
0
0
0
4
0
12
19
60
101
0
2
0
0
0
1
168
139
10
14
1
3
30
1
106
44
25
20
6
139
44
6
4
0
1
0
0
2
6
7
14
11
11
18
10
0
12
5
7
16
11
35
29
5
70
455
23
43
10
9
5
12
21
3
18
13
7
0
27
13
7
0
3
12
13
43
0
1
12
14
0
0
22
17
21
5
18
0
1
5
5
0
1
13
1
7
5
0
6
12
5
10
9
6
28
3
6
7
8
14
2
14
10
0
14
94
163
6
6
9
0
0
70
0
13
8
0
6
5
0
20
1
6
34
10
0
0
0
12
8
23
0
3
78
0
13
9
7
15
0
20
20
0
0
5
8
25
6
37
9
10
9
0
1
20
0
0
0
0
6
5
42
20
12
136
0
0
12
210
0
6
138
0
0
6
1
50
5
0
66
0
186
5
8
6
148
0
11
0
6
20
26
1
5
0
0
0
22
0
0
0
0
0
0
0
0
0
0
1
0
