0
201
0
1
1
0
0
20
12
0
0
20
1
4
26
0
2
0
6
34
8
19
18
3
16
0
15
0
1
0
28
10
1
0
0
1
1
66
9
16
2
0
1
5
22
0
0
20
0
2
11
0
1
1
0
0
0
0
2
34
0
117
0
1
4
6
0
7
0
12
10
2
5
1
2
4
0
22
23
6
2
0
0
22
0
0
12
10
0
0
0
1
0
0
10
0
0
0
0
0
2
32
0
5
0
0
0
0
0
1
0
0
0
0
0
0
0
0
0
0
0
0
9
2
4
2
30
0
0
0
0
0
0
0
0
12
6
0
0
0
0
0
0
0
0
0
0
0
0
0
0
0
0
0
0
0
0
0
0
0
0
0
2
0
0
0
1
0
0
0
0
0
0
12
5
6
0
0
0
1
2
0
553
17
16
146
1
14
0
146
17
411
0
17
5
0
21
0
10
514
18
11
10
0
150
0
22
1
0
0
0
0
0
1
14
14
0
0
3
0
0
0
129
385
1
0
24
0
3
9
0
10
0
3
18
19
10
0
129
385
0
11
0
0
10
0
0
555
0
0
3
0
386
9
0
0
0
20
0
0
6
0
0
0
0
0
2
1
0
0
0
0
22
16
0
0
1
2
0
0
0
9
8
11
15
26
3
0
0
0
1
2
0
6
0
0
0
5
0
1
0
0
2
0
11
70
455
23
0
0
5
0
0
2
6
6
0
46
1
0
7
0
11
8
64
2
14
0
1
12
12
0
112
20
118
12
28
5
82
5
5
0
89
0
0
1
0
0
7
0
88
0
7
3
31
33
13
7
5
1
0
0
0
0
0
0
6
6
11
1
1
4
33
0
19
0
97
5
111
17
19
30
15
1
0
201
1
1
10
0
105
2
95
49
34
6
593
16
152
1
176
1
14
