30
19
0
12
35
0
0
6
0
20
0
1
0
0
2
10
0
0
31
0
6
0
6
0
12
31
33
0
20
11
6
7
0
36
0
0
0
39
0
30
11
0
0
30
0
3
0
0
33
32
0
0
0
0
0
0
0
0
0
30
2
0
0
0
6
6
0
0
0
0
0
0
0
0
0
0
0
20
16
15
0
0
0
0
0
0
0
0
0
0
2
0
0
10
0
1
11
2
0
0
10
0
0
0
0
0
0
6
1
1
0
0
0
0
0
0
0
10
16
16
12
16
8
8
0
0
0
0
6
0
21
16
3
8
0
0
0
6
0
2
0
0
0
6
20
0
0
0
0
0
0
0
0
0
0
0
0
1
1
0
0
10
10
0
38
0
0
10
4
24
20
0
0
0
0
0
0
24
0
0
0
0
0
0
0
0
0
0
0
0
0
0
0
0
0
0
20
0
0
0
20
10
4
4
0
20
1
10
0
0
2
0
0
0
24
20
52
0
0
0
0
0
19
6
19
4
0
0
0
0
0
0
0
0
0
0
0
0
0
0
0
0
0
0
2
0
0
0
0
0
0
0
0
1
0
0
20
0
17
0
0
30
10
11
0
0
0
0
0
0
0
0
0
4
0
0
0
0
0
0
0
0
0
0
0
0
0
0
0
0
0
0
0
0
0
1
0
0
0
0
0
0
0
0
0
0
0
17
0
6
0
0
1
18
0
0
0
0
0
20
0
0
0
0
0
20
0
0
0
0
1
20
24
0
12
8
0
1
0
0
7
6
1
0
6
19
19
0
0
0
0
0
0
6
0
0
20
20
6
39
0
0
0
0
0
0
0
20
6
6
6
20
0
0
0
0
0
0
0
20
0
20
0
0
0
20
0
0
0
0
0
0
0
0
0
0
0
0
0
0
0
0
0
0
0
0
0
0
20
0
20
20
0
0
0
0
36
0
4
0
0
0
0
0
0
0
20
0
0
25
0
3
0
0
5
0
0
15
0
3
0
1
2
19
4
5
1
0
0
3
1
11
36
0
4
26
3
1
25
10
2
0
1
36
0
0
3
6
1
0
0
14
7
1
2
1
42
0
5
0
15
2
0
0
0
10
1
17
0
0
1
20
19
25
9
20
0
0
0
42
0
1
6
0
10
0
0
2
0
8
10
1
7
0
71
4
11
14
1
12
0
6
0
