0
263
0
2
1
0
0
74
0
0
3
18
0
0
5
16
423
37
0
22
26
2
55
3
45
1
13
52
0
61
67
2
1
0
6
49
15
7
15
20
3
0
0
21
0
2
7
6
63
30
1
0
0
8
7
0
21
1
2
0
1
1
2
21
21
64
1
0
6
0
0
0
0
0
0
0
0
0
0
0
1
0
0
1
0
0
0
0
6
6
5
9
11
2
0
1
0
21
2
0
214
64
0
0
1
5
1
0
10
0
0
0
0
0
0
0
3
8
0
0
1
0
0
27
0
6
1
0
9
5
0
1
62
0
0
0
0
13
6
0
1
1
0
1
19
0
386
3
5
30
0
49
0
16
0
22
2
2
12
8
0
0
0
0
0
13
0
0
0
0
0
0
0
0
0
2
2
8
0
0
0
1
0
0
0
21
2
22
15
1
6
22
0
0
0
0
0
0
0
0
0
0
2
1
0
487
386
2
2
0
487
405
395
447
15
0
0
0
0
0
0
0
0
2
1
0
0
0
53
387
20
0
0
0
0
37
0
6
0
0
0
0
386
0
0
0
0
0
0
385
20
386
20
0
52
0
26
0
385
1
0
5
0
23
0
0
0
0
0
0
0
0
0
0
0
0
0
0
0
0
0
0
0
0
0
0
0
0
0
0
0
0
0
0
0
0
0
0
0
0
0
0
0
0
0
0
0
0
0
1
0
0
0
7
6
0
387
0
16
386
33
35
2
34
0
0
0
0
0
0
2
5
0
3
0
0
0
0
0
12
59
2
2
0
0
0
2
0
0
0
9
0
1
1
0
64
0
5
0
2
0
64
6
0
8
19
64
21
0
8
11
0
157
21
44
13
5
70
0
455
23
70
0
455
23
34
7
5
174
99
1
1
6
6
5
5
5
0
142
5
5
11
0
56
15
12
119
0
9
0
18
135
0
17
139
0
16
16
0
0
12
42
0
11
3
9
0
6
16
0
0
10
85
13
54
1
4
0
14
16
0
5
77
21
6
1
1
2
2
8
176
0
1
35
6
65
15
5
38
7
6
179
0
5
6
0
64
11
10
1
6
0
64
2
0
0
0
5
1
463
69
425
0
385
1
1
4
9
0
0
18
0
1
14
385
16
63
0
11
0
0
0
0
0
0
0
0
0
0
0
0
0
7
15
0
0
0
0
0
0
0
0
0
0
0
0
0
0
0
0
0
0
5
0
14
532
1
0
0
13
0
10
8
0
0
0
1
0
6
0
0
0
0
0
0
0
0
0
0
0
0
0
0
0
0
0
0
0
0
0
43
9
0
0
0
0
0
0
24
