0
25
0
1
0
0
0
0
88
0
10
0
13
1
1
85
12
728
63
0
0
1
4
425
65
10
20
14
28
3
0
10
17
15
19
1
10
22
2
0
1
1
13
6
14
10
31
5
653
48
2
4
19
63
115
113
2
157
0
9
0
9
63
86
84
85
23
1
9
81
0
1
117
3
8
0
64
34
5
0
8
1
27
0
22
15
10
16
0
6
455
12
16
5
10
5
0
11
10
0
11
0
12
0
11
5
11
0
10
143
59
4
1
59
2
11
11
1
10
0
1
4
0
90
0
0
0
0
0
0
0
0
0
0
0
0
0
0
0
0
0
11
11
83
494
509
3
23
20
0
5
0
3
425
82
0
0
1
0
5
0
0
0
0
0
0
0
59
80
4
5
64
10
0
1
0
12
0
0
425
39
399
0
0
129
10
0
0
0
0
10
0
0
0
0
0
0
3
3
3
3
3
3
0
0
0
0
0
0
0
0
0
0
0
0
0
0
0
0
0
0
0
0
0
0
0
0
0
0
0
0
0
10
0
0
0
0
10
0
0
0
0
10
0
0
0
0
10
0
0
0
0
111
63
0
0
554
0
0
0
0
0
4
93
0
2
21
426
1
14
10
31
491
0
19
91
122
565
10
73
518
492
2
5
0
5
0
33
557
137
10
1
45
33
52
1
11
0
0
0
10
19
10
0
1
1
0
0
0
0
0
12
20
0
2
11
0
0
0
0
0
561
194
0
0
453
428
0
8
63
2
0
0
0
0
0
0
0
0
3
1
485
95
0
4
2
1
429
0
0
0
0
0
0
0
0
0
0
0
0
0
67
1
11
0
0
0
495
93
10
0
32
43
0
1
6
18
0
14
0
10
11
5
9
16
7
6
3
16
32
1
5
6
0
517
0
0
0
0
0
1
11
89
69
8
6
11
2
6
8
41
385
394
10
402
3
3
5
35
1
5
6
84
11
8
2
3
4
3
2
1
14
6
7
2
7
7
391
21
0
0
0
8
0
14
1
12
8
385
0
3
0
22
16
400
24
5
15
7
0
402
4
6
6
1
0
47
16
28
7
0
12
0
0
7
20
0
6
6
6
390
3
32
0
1
12
6
0
7
8
13
5
6
31
58
12
98
20
391
392
8
9
4
11
75
135
426
26
10
59
8
11
1
0
25
434
8
20
0
9
81
10
27
0
4
0
0
18
15
14
21
0
11
9
0
12
69
7
12
25
11
21
30
15
21
15
16
25
4
6
0
9
3
10
44
0
9
5
17
12
64
0
6
2
18
7
10
6
385
42
399
1
7
5
3
5
5
5
7
5
37
18
3
0
0
3
15
0
0
7
7
385
14
6
4
0
9
0
7
0
3
33
9
30
2
5
140
5
140
6
7
13
9
158
0
396
157
6
36
0
2
24
15
9
5
0
4
0
7
30
0
11
38
0
7
11
6
0
0
8
392
28
63
79
394
12
94
21
7
41
0
170
385
0
0
90
0
5
88
11
13
10
0
10
1
0
41
0
1
11
0
44
10
11
36
3
0
0
0
0
408
10
70
85
1
425
0
39
0
0
0
399
0
3
88
59
0
1
64
0
59
0
0
548
3
11
1
1
4
95
0
12
0
36
0
3
0
2
1
