0
1
0
1
0
1
20
1
1
0
0
0
2
0
0
1
3
0
0
36
41
20
6
0
18
21
0
2
1
63
145
119
8
24
4
38
5
117
0
0
1
1
42
18
85
6
11
0
13
0
118
18
1
3
0
14
37
0
0
20
0
52
0
0
0
3
11
7
0
0
0
6
21
0
0
2
1
0
0
0
1
0
0
0
0
0
0
0
0
0
0
0
0
0
0
0
0
0
0
0
0
0
0
0
0
0
0
0
0
0
0
0
0
0
0
0
0
0
0
0
0
0
0
0
0
0
0
0
0
0
0
0
0
0
0
0
0
0
0
0
0
0
0
0
0
0
0
0
0
0
0
0
0
0
0
0
0
0
0
0
0
0
0
0
0
0
0
0
0
0
0
0
0
0
22
3
1
2
30
7
3
0
10
0
0
0
0
0
1
1
0
0
3
0
0
0
0
1
1
0
0
0
0
0
1
1
1
1
0
0
0
0
0
0
0
0
0
0
0
0
0
0
0
1
1
1
0
0
1
0
0
0
0
0
0
0
0
0
0
0
0
0
30
0
0
149
0
0
129
0
0
103
390
423
15
1
0
20
412
411
387
0
1
0
6
18
13
0
0
1
0
0
0
0
1
0
0
0
0
0
0
0
0
0
0
0
0
0
385
0
0
385
0
0
385
0
385
0
385
0
0
0
0
0
0
0
0
0
0
0
0
0
0
0
0
0
0
0
0
0
0
0
0
0
0
0
0
0
0
0
0
0
0
0
0
0
0
0
0
0
0
0
0
0
0
0
0
0
0
0
0
0
0
0
0
0
0
0
0
0
0
0
0
0
0
0
0
0
0
0
0
0
0
0
0
0
0
0
0
0
412
0
0
85
1
61
0
0
1
11
51
1
402
29
0
10
6
409
21
0
387
413
3
0
0
0
79
6
0
0
0
0
3
419
386
25
0
0
1
0
0
20
17
7
0
0
0
1
0
0
0
0
1
0
0
0
0
0
0
0
0
0
0
0
0
0
402
0
0
9
9
1
0
0
0
2
2
387
1
389
453
4
3
9
14
0
0
0
0
0
0
11
1
1
0
0
0
0
0
387
15
20
0
3
4
6
90
20
2
0
27
0
1
10
7
18
14
21
12
394
5
0
11
7
1
6
0
75
5
120
21
6
21
5
0
20
8
12
2
0
5
65
455
23
43
6
6
6
15
6
14
20
13
7
0
64
2
13
10
49
11
76
12
6
6
6
0
5
6
55
6
18
0
6
96
0
406
5
4
6
14
0
0
6
5
1
11
5
1
8
0
6
7
2
5
0
25
12
11
22
11
10
1
88
1
7
5
0
41
64
20
6
20
25
1
27
20
6
129
6
7
10
1
5
11
7
7
0
12
230
35
62
6
1
7
0
11
50
7
12
16
0
7
142
20
5
11
1
8
411
28
43
1
5
0
9
1
0
1
0
1
0
1
0
1
0
1
0
0
1
0
0
0
0
1
0
0
0
0
0
0
0
0
0
0
0
0
0
0
0
0
0
0
0
0
0
0
0
0
0
0
0
0
0
0
0
0
0
0
0
0
0
0
0
0
0
0
0
0
0
0
0
0
0
0
0
0
0
0
0
0
0
0
0
0
0
0
0
0
0
0
0
0
0
0
0
0
0
0
0
0
0
0
0
0
0
0
0
0
0
0
0
0
0
0
0
0
0
0
0
0
0
0
0
0
0
0
0
0
0
0
0
390
0
0
385
0
0
0
1
0
0
385
0
0
0
0
0
0
0
0
0
0
0
0
0
0
0
0
0
1
0
0
0
0
0
0
0
0
0
0
0
0
0
0
0
0
0
0
0
0
0
0
0
0
0
0
0
0
0
0
0
0
0
0
0
0
0
0
0
0
0
0
0
0
0
0
0
0
0
0
0
0
0
0
0
0
0
0
0
0
0
0
0
0
0
0
0
0
0
0
0
0
0
385
0
0
385
0
0
0
29
472
0
0
