1
0
1
6
0
5
11
0
1
5
17
5
49
3
81
15
31
2
15
0
47
0
5
0
5
0
10
25
5
0
10
6
7
4
0
9
6
12
1
1
6
7
2
0
18
0
0
4
32
18
25
25
0
0
3
4
43
0
13
13
11
14
39
12
12
46
13
18
40
17
0
18
12
0
6
0
3
0
2
33
2
0
6
2
60
21
16
10
8
72
4
8
73
49
6
2
6
3
1
1
20
9
0
0
0
10
0
5
0
0
3
12
0
0
0
0
0
6
0
0
3
10
7
0
10
0
0
17
0
2
0
8
0
5
8
0
10
10
0
0
0
0
6
0
0
0
20
0
0
0
11
0
0
0
9
1
1
0
0
7
9
1
0
0
3
6
6
5
0
37
0
0
5
7
0
6
19
33
3
0
4
0
0
0
0
0
39
0
0
5
0
1
0
0
0
1
12
0
0
0
0
0
0
0
0
0
0
45
10
10
22
10
5
0
16
0
0
0
0
31
0
2
12
1
0
0
9
0
22
0
0
0
0
0
3
0
0
0
6
0
0
11
0
0
0
4
4
0
39
1
0
1
12
0
0
27
448
21
422
15
6
6
0
9
7
12
0
2
3
6
0
0
18
444
0
6
70
0
7
0
18
23
15
21
0
0
0
16
0
15
6
1
0
3
5
1
0
0
0
0
9
1
36
15
2
0
0
0
5
0
0
11
0
0
0
0
0
25
0
0
29
21
6
29
10
6
8
8
0
0
0
0
0
11
8
0
2
0
6
17
10
20
10
15
13
10
27
20
4
1
0
0
0
0
3
5
14
5
2
5
0
13
11
8
6
0
0
35
8
7
46
0
69
455
28
29
3
5
1
0
0
11
0
0
6
2
0
7
2
35
9
4
3
15
24
1
5
410
0
10
12
6
8
5
7
1
43
0
5
414
0
11
15
0
7
13
0
5
0
1
5
6
5
5
7
4
1
235
0
0
86
6
0
6
0
8
16
0
13
0
1
0
0
0
76
386
20
0
0
0
8
48
14
1
11
7
8
0
10
20
13
0
6
5
0
28
8
9
19
0
5
26
3
11
7
15
12
5
1
0
3
0
0
7
5
8
0
2
3
0
3
0
0
412
6
0
439
7
7
6
6
14
0
6
55
10
5
28
0
55
0
7
8
5
25
8
28
18
0
28
2
27
28
6
0
8
0
0
0
0
0
0
20
0
11
5
0
10
31
0
30
5
0
0
7
0
0
0
5
0
5
6
0
0
7
5
5
6
0
5
0
0
0
0
0
0
0
5
0
0
0
0
0
7
0
0
5
0
0
0
0
5
0
0
9
0
5
42
6
1
7
0
0
1
0
0
0
0
1
0
0
1
0
6
0
0
8
2
2
0
0
0
20
0
9
0
0
0
27
3
0
0
1
1
0
0
0
0
6
0
0
0
0
0
0
0
0
0
0
0
0
0
1
0
0
0
0
8
0
0
0
5
0
0
3
10
5
0
0
1
1
0
0
0
0
0
6
0
0
0
0
0
0
8
0
0
0
6
0
0
0
0
0
1
0
2
6
0
28
10
0
5
46
0
6
6
16
82
0
0
0
39
76
0
