21
77
0
1
6
11
87
0
0
0
0
2
2
7
6
0
0
0
82
3
89
64
0
0
0
0
1
1
64
0
0
0
0
5
0
1
13
67
0
1
4
0
17
7
5
0
1
8
69
20
7
22
3
6
64
65
0
0
3
0
1
1
0
0
10
25
0
1
1
1
0
0
1
0
0
0
0
1
1
1
0
0
0
0
1
6
0
2
0
0
0
7
2
0
7
0
0
7
1
18
1
23
0
0
0
0
5
0
5
0
1
1
1
0
0
0
23
0
2
0
0
66
2
8
0
0
0
7
1
0
0
6
0
162
0
1
65
1
0
0
0
0
0
0
0
0
0
6
0
0
0
22
0
64
64
0
65
0
26
0
0
0
0
0
0
9
0
0
0
0
0
0
0
0
0
0
0
0
0
0
0
6
0
0
1
0
0
0
92
0
21
0
11
7
16
1
7
11
9
0
1
65
65
0
1
64
4
1
2
2
5
2
0
20
31
0
0
0
20
0
0
1
6
0
0
0
0
0
2
2
0
0
0
0
0
0
0
0
0
0
0
0
0
0
0
0
0
0
0
0
0
0
0
0
0
0
59
0
0
0
0
2
0
0
0
2
0
3
9
0
424
430
62
73
1
0
0
20
59
0
0
5
0
0
0
0
0
0
0
0
0
0
0
433
0
0
0
0
0
10
0
3
67
0
6
0
1
0
0
0
15
20
59
8
10
1
0
0
0
2
0
59
0
0
0
2
385
0
0
0
0
0
0
0
0
0
0
0
0
0
0
3
386
0
0
444
3
0
0
4
18
0
0
0
26
2
0
6
82
1
4
0
0
50
20
2
0
1
7
0
6
0
6
1
89
427
0
0
1
15
0
1
3
0
0
0
0
99
69
8
209
3
0
4
64
455
23
169
6
17
17
20
5
22
6
0
26
0
0
1
0
5
32
0
1
0
12
94
0
6
436
0
46
0
14
31
0
58
12
32
0
0
114
426
64
5
13
20
0
9
18
0
6
15
0
11
10
1
8
0
20
0
18
13
3
5
91
0
5
10
31
14
0
149
8
16
30
1
1
9
51
61
12
5
9
89
24
6
0
0
11
6
0
6
17
6
20
0
151
6
80
15
5
6
412
8
2
24
0
6
60
0
0
0
0
22
3
4
1
2
0
425
0
0
65
8
0
12
0
0
12
0
0
1
6
0
0
0
0
0
0
0
2
2
0
0
0
0
0
59
1
0
0
0
1
1
1
1
0
1
0
0
0
0
4
4
0
0
0
0
1
1
0
0
0
0
0
0
4
4
53
0
0
1
1
0
0
0
0
0
0
0
0
0
0
0
0
0
0
0
0
0
0
0
0
0
0
0
0
0
0
0
0
0
1
0
0
0
0
0
0
0
6
6
0
1
0
6
0
0
0
0
0
0
0
0
0
0
0
0
0
0
0
0
0
0
0
0
0
0
0
0
0
0
0
0
0
