7
13
0
2
0
0
15
3
15
28
15
23
16
18
0
0
0
16
0
4
7
16
0
1
17
36
49
0
7
2
0
2
2
42
22
41
0
7
2
1
0
0
63
105
5
22
30
1
106
6
1
0
11
17
15
0
7
0
0
15
85
6
12
28
22
15
2
0
11
1
15
7
15
0
21
20
20
0
10
1
20
10
45
21
1
10
4
21
7
0
5
0
0
0
15
21
0
1
0
6
0
1
4
0
22
15
0
17
4
0
482
0
0
33
69
19
0
6
62
0
0
33
53
33
0
0
0
0
0
0
0
0
0
0
0
0
0
0
0
0
444
59
0
0
0
0
0
7
0
0
0
0
0
0
0
0
0
0
0
0
0
7
49
65
0
0
43
7
21
1
7
2
19
0
18
1
0
18
2
1
10
115
0
0
107
38
33
22
4
1
7
62
1
1
13
16
26
1
23
0
7
15
16
107
5
0
0
385
3
5
52
10
1
1
18
0
0
0
0
0
1
9
5
3
0
5
0
0
0
0
0
0
6
0
1
5
0
0
0
0
5
2
0
3
9
0
5
1
0
0
0
0
0
0
2
0
3
20
1
10
1
19
18
1
15
0
0
21
11
24
15
0
0
1
19
15
6
449
0
59
0
0
0
0
0
0
0
0
0
0
0
0
0
0
0
0
0
0
0
0
0
0
15
48
15
19
3
20
6
3
6
50
4
0
24
0
0
1
0
1
0
6
0
2
0
0
0
1
3
0
24
15
16
0
0
0
13
4
0
0
23
1
8
0
33
0
4
0
0
3
15
1
0
20
16
15
15
19
20
5
11
7
9
17
84
0
12
0
65
455
23
136
15
16
25
5
21
63
7
16
6
28
0
10
15
21
116
14
3
81
7
5
2
16
11
2
34
20
450
85
12
29
8
28
24
10
1
0
0
18
10
130
15
6
307
19
8
13
1
6
37
15
0
15
83
1
9
33
15
31
0
14
12
0
0
15
1
0
15
50
4
53
0
48
93
0
4
0
9
4
5
5
0
0
0
15
22
10
3
0
0
0
6
73
1
0
0
0
0
0
0
0
0
0
0
0
0
0
0
0
3
0
0
0
0
1
0
1
0
15
22
0
23
16
0
0
0
0
5
15
16
0
31
0
0
15
16
0
15
16
33
0
0
38
35
1
107
0
0
4
0
3
3
0
0
6
0
0
0
10
0
0
0
5
0
8
0
0
0
0
0
0
0
0
0
0
4
1
0
0
0
0
0
0
0
0
4
0
