438
63
0
21
21
31
53
101
82
41
43
2
399
17
61
104
0
3
31
33
52
38
50
0
0
21
21
5
0
81
21
2
420
6
440
472
25
0
0
0
419
90
1
0
80
31
58
57
27
53
0
20
0
1
82
89
41
26
0
0
37
38
21
52
0
0
0
27
0
0
0
0
0
0
0
0
31
101
107
43
43
0
8
0
0
0
0
1
125
45
123
0
20
20
0
0
0
0
0
0
0
51
16
41
3
26
25
16
53
32
1
1
75
37
0
0
0
0
0
0
0
0
31
45
0
0
0
0
0
0
86
72
26
7
1
8
72
33
1
1
2
9
0
25
28
1
7
0
0
0
0
0
0
0
0
0
0
0
0
0
0
0
0
0
0
0
0
385
64
488
488
488
0
0
449
488
488
488
0
0
0
0
0
0
0
0
0
0
0
0
0
0
0
0
0
0
0
0
0
0
0
0
0
0
0
0
0
0
0
0
0
0
0
0
0
0
0
0
0
0
0
0
0
0
0
0
0
0
0
0
0
0
0
0
0
0
0
0
0
0
0
0
0
0
0
0
0
0
0
0
0
0
0
0
0
0
0
0
0
0
0
0
0
0
0
0
0
0
0
0
1
0
0
0
0
0
0
0
0
0
0
0
0
0
385
80
0
0
0
0
6
0
0
445
425
0
0
0
514
514
0
0
0
0
0
0
430
404
0
0
0
493
493
0
0
0
0
0
0
444
0
10
0
1
3
0
161
30
0
78
20
642
404
399
1
17
37
25
1
451
385
410
9
20
520
89
448
449
495
7
0
0
2
122
92
608
533
3
39
397
438
6
0
0
0
89
89
0
0
0
0
0
0
0
0
0
0
0
0
0
0
0
0
89
89
0
0
0
0
0
0
0
0
0
0
0
0
0
0
0
0
0
0
0
0
0
0
0
0
0
0
0
0
0
0
0
0
0
0
0
0
0
0
0
0
0
0
0
0
0
0
0
0
0
0
0
0
0
0
0
0
0
0
0
0
0
0
0
0
0
0
0
0
0
0
0
0
0
0
0
0
0
0
0
0
0
0
0
0
0
0
0
0
0
0
0
0
0
0
0
0
0
0
0
0
0
0
0
0
0
0
0
0
0
0
0
0
0
0
0
0
0
0
0
0
0
0
0
0
0
0
0
0
0
0
0
0
0
0
0
0
0
0
0
0
0
0
0
0
0
0
0
0
0
0
0
0
0
0
0
0
0
0
0
0
0
0
0
0
0
0
0
0
0
0
0
0
0
89
89
0
0
0
0
0
0
0
0
0
0
0
0
0
59
114
20
43
64
0
5
62
20
0
0
0
0
0
0
0
21
101
82
80
0
0
20
59
1
0
0
0
0
0
5
86
388
0
0
0
0
0
0
0
0
0
5
0
11
0
0
0
0
0
0
10
94
102
0
1
55
29
55
0
7
1
2
77
83
75
68
89
0
0
109
31
22
2
65
31
5
31
95
52
73
0
147
0
0
0
0
0
178
396
64
455
6
17
12
65
3
64
28
50
13
144
16
5
7
2
11
30
64
2
1
6
198
386
6
209
396
6
13
8
6
170
404
7
6
111
424
130
1
188
391
12
114
442
0
10
85
13
217
1
6
16
0
20
390
0
40
11
15
10
23
13
5
0
64
5
21
399
0
5
15
3
163
5
6
11
0
0
0
18
66
30
1
0
114
173
385
5
7
25
407
232
19
11
10
1
37
9
0
4
4
418
0
16
391
7
385
0
