1
1
8
0
0
1
14
0
5
1
1
2
0
30
14
20
18
2
0
5
0
0
0
21
0
0
0
1
0
0
1
0
1
0
0
0
0
6
0
4
2
12
7
78
1
28
26
9
16
1
12
24
10
20
11
0
0
9
0
0
3
0
5
39
2
0
1
29
0
0
0
0
0
0
0
5
0
0
3
0
0
0
0
0
0
0
0
0
1
0
0
0
0
0
0
1
0
0
0
6
0
1
1
0
0
1
0
0
0
1
0
0
0
0
0
0
1
0
0
0
0
0
8
3
6
12
0
1
0
1
0
0
0
6
0
0
6
0
10
0
0
0
0
1
0
11
0
0
2
0
0
2
0
61
24
21
1
0
0
0
4
8
0
7
13
6
0
1
21
1
2
454
3
1
0
416
1
0
0
2
6
391
1
10
392
386
0
26
6
0
7
25
2
1
0
4
2
3
7
2
419
0
0
12
0
0
0
0
385
0
0
0
0
0
0
0
0
0
0
2
0
0
33
7
1
1
22
15
8
3
1
0
59
0
0
3
391
0
20
20
20
0
0
0
0
0
411
10
64
0
6
20
63
0
0
0
1
1
0
0
0
0
0
0
0
0
0
0
0
0
0
0
0
0
0
0
0
0
0
0
0
0
0
0
0
0
0
0
0
0
0
0
0
0
0
0
0
0
0
0
0
0
0
0
0
0
0
0
0
0
0
0
22
0
4
6
1
1
0
0
7
20
0
51
411
0
0
388
1
0
7
0
386
20
0
0
0
385
1
0
0
0
391
1
0
0
0
0
1
0
0
0
1
1
63
1
0
2
21
0
60
7
1
0
385
0
1
6
20
1
0
70
0
1
1
6
47
10
0
425
108
2
432
48
28
6
7
22
62
52
51
16
0
1
0
0
27
1
0
0
0
385
0
0
513
385
0
118
2
0
29
0
0
10
1
0
65
455
0
26
64
0
2
0
0
0
387
14
4
13
8
0
20
0
0
1
0
8
1
110
405
24
5
0
19
0
2
0
133
0
0
11
0
0
0
0
38
1
17
5
0
0
9
1
0
0
1
0
23
5
77
0
14
0
115
426
4
5
0
5
5
0
17
0
1
0
387
0
12
0
1
0
28
0
5
0
129
26
0
6
0
444
85
387
1
0
3
0
4
1
0
17
1
0
60
0
6
0
91
0
5
55
0
0
0
