24
1
0
26
15
0
16
0
4
52
35
15
1
0
29
28
15
16
12
26
15
1
23
100
28
17
37
36
100
2
2
8
18
13
0
16
52
1
62
3
5
0
0
2
0
0
0
5
0
38
45
20
2
6
81
16
7
2
7
29
0
44
0
20
31
152
3
3
0
41
12
36
0
15
17
0
15
0
0
1
0
19
0
0
0
0
0
0
0
0
0
0
0
0
0
0
0
0
0
0
0
0
0
0
0
6
10
0
0
0
9
20
104
22
36
0
50
1
16
46
1
6
30
15
0
35
33
7
46
0
31
35
42
21
17
9
5
0
1
0
33
8
0
12
0
33
1
45
33
0
0
0
20
2
0
0
20
2
0
0
0
0
0
0
0
0
0
33
18
0
0
20
2
0
0
0
0
0
0
0
0
0
0
34
1
28
17
56
136
2
0
16
63
4
14
2
2
0
15
4
10
37
12
20
21
1
1
0
23
4
2
0
49
2
1
0
0
22
0
0
0
35
4
0
2
0
0
0
0
35
2
0
18
0
16
1
16
0
1
36
36
0
22
22
0
0
0
0
0
15
0
41
15
20
61
19
3
6
71
90
5
2
2
21
3
3
32
6
6
86
79
0
0
0
0
0
0
0
0
22
22
22
0
0
0
0
0
0
81
23
2
0
0
0
0
61
6
24
0
0
0
0
0
59
22
22
22
0
0
0
0
0
0
0
16
12
62
37
2
0
11
0
22
15
16
16
16
16
0
0
0
0
5
3
2
4
46
4
40
0
24
6
79
2
5
5
7
0
26
124
0
0
1
1
123
0
4
0
0
58
16
3
26
37
16
35
48
38
0
46
3
0
6
16
1
2
15
13
5
6
7
24
28
15
15
1
18
10
22
0
16
11
17
29
16
21
10
24
0
1
24
15
0
6
3
3
121
0
15
14
12
43
2
0
91
3
0
171
42
1
101
26
22
18
0
11
15
5
10
28
20
17
28
13
37
9
10
41
42
121
0
21
12
88
0
17
41
21
10
8
45
0
7
12
5
93
21
20
5
34
17
10
18
5
14
16
22
19
15
5
8
34
20
8
4
58
0
0
20
2
2
0
0
0
0
20
2
2
9
9
9
0
0
0
0
0
0
0
0
0
0
0
0
0
0
0
0
0
0
0
0
0
0
0
0
0
0
0
0
0
0
0
20
2
2
9
0
0
0
0
0
0
0
0
0
20
2
2
9
0
0
0
0
0
0
0
0
0
0
0
20
2
2
9
0
0
0
0
0
0
20
2
2
9
9
0
0
0
0
0
0
0
0
0
0
20
2
2
11
9
0
0
0
0
0
0
0
0
0
0
0
0
0
