6
13
0
2
2
2
0
27
4
7
0
0
0
0
0
1
43
0
0
0
0
0
0
0
0
9
0
24
0
2
1
0
0
1
0
0
2
0
20
0
2
0
82
0
1
5
20
0
0
6
11
2
81
0
0
0
1
0
10
57
2
8
44
0
20
5
385
385
2
64
65
6
4
1
3
0
14
17
1
0
0
0
2
0
0
0
0
0
0
0
0
0
0
0
0
0
0
0
0
0
0
0
0
0
0
0
0
0
23
0
0
0
0
8
0
24
10
28
10
0
17
10
21
4
4
11
19
10
14
6
7
0
2
0
0
0
0
0
0
0
1
0
0
7
1
1
5
0
0
28
6
6
0
10
0
7
1
1
1
1
1
10
10
0
57
6
0
83
1
0
518
1
21
93
0
71
82
10
60
0
0
30
466
418
18
20
20
3
140
601
81
10
23
4
0
1
26
25
0
0
0
0
26
0
0
12
4
3
6
73
438
453
2
55
0
0
0
20
0
0
6
0
6
0
0
0
0
0
0
0
449
449
0
0
449
0
0
0
0
0
0
0
0
0
0
0
0
0
0
0
0
0
0
0
0
469
62
6
1
6
7
7
11
11
10
80
88
5
65
464
389
386
0
7
5
449
0
0
0
64
385
0
0
0
0
0
0
0
0
0
0
0
0
0
0
0
0
0
0
0
0
0
0
0
0
0
0
0
0
24
2
0
8
387
2
50
5
13
5
0
12
0
0
11
6
12
0
0
50
14
16
0
1
11
42
8
10
0
10
11
2
386
1
4
385
12
4
15
13
7
0
14
4
1
28
7
6
70
455
27
8
1
1
1
0
3
3
10
9
21
0
18
3
12
0
73
1
6
17
0
12
129
21
5
144
429
8
6
6
5
4
1
0
0
1
9
0
6
5
0
6
8
1
1
1
1
11
1
33
13
6
16
9
21
0
35
5
0
90
10
11
65
22
385
5
0
4
42
5
0
1
5
90
5
5
0
