4
145
0
26
0
6
2
20
2
59
0
5
0
102
0
0
18
12
0
0
59
2
0
22
6
3
31
17
1
2
21
1
6
1
2
21
0
2
7
5
0
3
46
5
99
4
96
26
10
2
20
118
0
6
0
1
2
2
0
6
16
1
1
2
0
1
0
0
0
0
4
0
0
0
0
1
20
5
0
1
0
21
1
0
0
0
0
5
0
7
7
0
7
20
2
0
1
1
0
0
0
0
1
0
7
1
1
10
0
0
0
72
0
0
6
0
0
1
0
0
0
0
0
0
0
0
0
0
0
3
3
1
1
0
0
0
0
0
0
0
0
2
0
0
0
0
0
0
0
0
1
6
5
6
59
1
1
0
0
0
0
5
1
6
3
0
0
59
122
475
0
0
1
49
10
5
0
0
10
31
1
0
0
106
0
0
0
0
0
0
0
0
0
59
0
0
2
63
1
5
0
20
0
0
0
0
0
29
95
81
0
3
0
71
1
0
0
0
0
20
23
19
22
9
19
0
14
0
15
1
0
20
0
19
0
0
0
59
77
0
0
20
1
0
23
0
3
0
0
0
3
0
0
0
0
20
6
0
59
22
0
5
0
2
20
2
1
7
0
59
0
0
0
0
0
0
1
3
99
11
10
0
31
2
4
3
302
0
0
95
0
2
0
8
28
78
6
2
7
14
3
5
0
21
0
7
10
1
0
15
424
1
5
92
32
215
239
2
0
16
1
14
3
33
13
33
0
0
2
5
13
5
13
18
222
0
0
203
0
7
0
