21
144
0
0
110
0
21
7
0
21
22
5
22
2
47
50
24
18
82
5
21
22
0
0
0
132
25
0
22
0
22
17
0
15
12
0
28
30
428
1
1
2
2
0
0
0
0
1
0
21
1
0
88
22
0
80
2
500
3
1
1
6
26
92
0
2
117
413
0
5
0
0
21
11
413
1
25
0
0
30
7
2
5
0
21
118
0
2
1
0
0
0
27
0
0
0
0
0
0
0
0
0
0
0
0
0
0
0
0
0
0
0
0
0
13
0
12
0
2
0
0
446
21
12
27
25
40
3
0
25
7
0
37
1
9
30
22
26
14
26
102
140
10
1
3
0
14
0
385
0
385
0
0
0
0
0
0
0
0
0
0
0
0
0
0
0
0
0
0
0
0
0
0
0
0
0
0
0
0
0
0
0
0
0
0
0
0
0
0
0
0
1
2
1
2
0
59
13
453
442
18
21
22
459
1
8
1
2
1
459
0
461
4
1
0
0
1
0
0
1
0
0
6
59
0
9
10
9
0
0
1
0
0
0
0
1
0
0
0
1
0
0
60
6
43
39
19
0
4
1
21
21
1
1
33
21
0
0
0
0
0
0
9
411
1
26
1
10
9
21
21
1
18
411
442
3
0
0
13
3
6
1
0
1
17
4
17
0
22
17
0
411
1
411
15
10
0
0
455
22
15
1
14
20
0
0
0
14
14
0
0
0
0
0
411
30
21
23
6
23
3
2
0
4
50
4
21
118
0
412
411
1
1
22
59
11
31
31
3
3
16
1
0
4
0
0
411
21
0
14
101
2
1
1
0
8
19
0
3
20
1
5
1
3
0
0
14
81
19
21
21
23
21
32
0
0
27
1
8
64
1
13
21
6
0
18
518
0
102
20
8
0
19
0
8
44
0
7
70
455
32
1
386
8
9
23
171
391
8
21
1
10
390
18
0
0
3
37
13
6
19
7
122
1
15
9
5
0
26
0
18
0
119
426
3
8
0
7
391
84
406
116
17
4
91
6
14
0
37
16
0
16
19
0
41
6
3
6
63
3
395
47
385
36
9
145
6
225
0
30
16
98
387
94
9
5
0
2
8
2
2
19
20
38
0
57
0
17
1
0
1
18
0
1
1
7
63
100
0
412
4
1
22
0
1
60
411
1
110
409
15
1
59
0
0
0
0
0
0
0
27
0
0
0
0
0
0
0
0
0
0
0
0
0
0
0
0
0
0
0
0
0
39
0
13
0
2
0
0
0
0
0
23
0
0
0
0
2
1
0
1
0
0
0
21
0
0
0
0
21
0
21
0
0
2
0
0
0
0
0
0
21
0
0
0
0
0
0
0
0
0
0
0
0
0
0
0
0
0
0
0
0
0
0
0
0
0
0
0
0
0
0
0
0
0
0
66
4
0
0
0
0
0
0
0
0
0
0
0
0
0
0
0
0
0
0
0
0
0
0
0
0
0
0
0
0
0
0
0
0
0
0
0
0
0
0
6
0
0
0
0
0
0
0
0
0
0
0
0
0
0
0
0
0
0
0
0
0
0
0
0
0
0
0
0
0
0
59
4
0
0
0
0
0
0
0
0
0
0
0
0
0
0
0
1
1
1
0
0
0
0
0
0
0
0
0
0
0
0
0
0
0
0
0
0
0
0
0
0
0
0
0
0
0
0
0
0
0
0
0
0
0
0
0
0
0
0
0
0
0
0
60
