385
1
0
385
0
386
387
1
0
385
10
496
411
0
9
0
1
0
13
0
446
2
50
0
5
147
0
0
0
26
3
1
394
45
0
1
7
0
387
0
386
51
0
9
8
3
5
512
394
12
386
0
404
418
410
64
385
5
386
2
3
6
386
392
37
64
415
408
386
385
23
392
3
25
0
0
0
0
7
0
0
1
0
0
0
0
0
0
0
0
0
0
6
7
8
10
0
0
0
0
0
0
0
0
0
0
8
1
1
0
1
0
1
6
3
1
7
4
0
0
0
0
0
0
0
0
0
0
0
0
4
0
1
0
0
0
0
0
0
0
0
0
0
0
1
3
0
6
0
0
4
8
0
1
0
0
2
0
0
1
0
2
5
0
0
0
38
0
406
88
386
385
23
414
389
385
409
0
386
1
3
0
14
455
430
0
0
0
0
0
0
0
0
0
0
0
0
0
0
0
0
0
0
0
404
385
10
9
391
468
4
404
2
35
1
0
10
400
408
385
408
3
385
3
3
10
388
406
404
404
387
390
402
10
408
385
394
385
390
1
385
4
386
0
0
0
4
4
441
3
0
404
385
406
388
407
386
2
9
386
386
21
386
407
5
386
0
15
0
0
410
387
5
0
1
5
3
5
1
3
101
388
117
2
64
449
2
64
97
473
3
11
8
196
397
7
7
385
0
387
5
1
109
405
36
0
181
391
1
21
36
21
399
15
0
89
385
1
4
19
1
29
9
142
6
60
15
5
10
386
10
0
161
385
42
6
17
1
161
385
164
385
8
1
0
0
0
0
0
0
0
0
0
0
1
0
0
385
387
402
403
419
0
21
386
411
5
388
5
20
388
385
0
0
385
1
0
1
0
1
0
0
0
385
1
0
0
1
0
1
0
1
0
0
0
0
0
0
0
0
0
0
0
0
17
0
3
1
17
385
0
409
0
0
0
387
0
0
17
411
411
0
0
0
0
0
0
0
0
386
10
9
388
0
0
0
0
0
0
404
385
404
