30
113
0
69
49
129
80
26
112
6
76
0
5
12
0
20
0
156
7
0
17
1
138
84
40
40
11
30
17
10
0
39
0
9
39
69
90
0
47
46
30
10
16
0
0
0
30
174
0
0
30
10
5
14
0
0
0
60
45
6
6
0
79
0
40
49
0
0
30
30
30
44
0
30
15
15
0
0
0
0
30
99
35
10
10
5
0
0
0
0
0
0
0
40
0
40
10
0
0
386
0
0
0
0
0
5
391
5
0
30
386
0
0
0
465
5
391
5
0
36
50
0
9
0
0
1
0
69
31
96
39
0
0
49
59
20
0
0
23
16
40
10
10
10
25
20
10
10
129
84
143
41
0
2
20
0
0
0
0
0
2
20
0
0
0
0
0
0
0
5
25
4
58
66
36
26
0
2
1
1
30
88
52
104
15
0
0
0
0
2
0
0
0
0
0
0
0
0
16
132
39
116
50
89
10
20
1
37
135
6
72
140
222
21
44
606
15
0
2
0
0
0
0
0
39
0
0
0
49
0
39
0
0
0
0
403
0
39
49
10
16
615
0
0
0
0
0
0
2
2
0
0
1
6
5
0
0
0
0
9
1
0
0
20
0
0
0
0
469
0
415
0
0
30
0
0
0
50
0
0
54
445
0
51
12
30
79
0
0
485
43
33
30
0
0
0
0
0
0
0
50
50
0
51
54
0
47
52
500
35
50
45
0
47
187
0
156
49
0
0
0
415
0
0
0
0
0
0
0
415
0
0
39
22
40
6
81
0
20
156
82
60
425
32
2
0
0
69
116
156
2
117
0
31
0
0
107
30
39
2
2
0
2
483
0
0
0
0
0
0
1
0
2
0
0
0
0
40
0
0
0
0
0
39
0
0
39
0
0
0
0
0
0
0
71
0
8
0
1
111
3
1
8
0
77
455
23
7
2
12
0
1
93
0
3
0
9
82
6
2
385
404
1
12
98
3
0
17
0
31
6
6
8
17
46
31
58
12
95
40
13
7
77
0
20
55
5
2
116
0
103
9
66
7
5
100
39
19
15
5
9
6
48
25
66
3
39
0
56
0
5
9
129
6
7
44
0
2
21
0
63
6
0
33
0
13
96
1
8
11
29
9
10
0
123
0
126
6
0
1
6
0
108
0
404
185
0
36
7
27
54
6
118
2
12
6
116
0
502
411
0
20
21
519
0
0
39
0
0
50
89
50
10
0
0
0
0
0
49
75
0
30
117
0
88
0
60
20
0
21
59
0
50
10
0
11
49
0
89
49
0
50
49
