40
64
0
3
41
72
0
12
2
0
41
5
0
0
0
2
47
27
64
100
0
17
49
45
0
66
49
57
77
49
1
42
42
0
5
101
12
63
1
0
0
89
0
0
53
388
24
53
5
0
48
0
0
51
48
156
15
0
0
9
11
0
0
0
0
0
0
0
6
1
0
40
115
0
40
60
77
39
49
96
0
144
53
0
0
0
0
10
24
59
0
0
0
0
0
66
0
0
14
39
0
0
93
0
12
0
2
0
0
0
15
5
0
0
0
0
0
12
7
8
0
0
1
0
0
0
1
0
40
1
121
0
0
0
0
0
0
1
2
2
0
2
61
59
0
628
0
64
12
0
0
3
23
0
385
385
2
33
52
0
20
39
1
414
20
0
386
0
487
468
53
0
0
28
1
39
39
39
0
41
39
0
45
99
42
83
0
18
29
0
0
0
47
0
0
0
0
0
546
9
0
0
21
0
22
1
0
1
0
0
0
7
6
3
1
9
0
39
51
20
0
49
43
0
0
39
55
1
0
0
40
40
0
0
2
0
0
0
0
0
29
0
1
14
1
79
2
94
69
71
455
23
134
32
0
2
20
1
102
0
0
113
9
6
7
0
10
16
105
0
2
144
0
12
14
9
5
1
9
392
2
385
5
6
5
6
5
0
1
47
9
7
10
6
0
129
5
176
1
49
6
8
0
18
5
44
5
115
78
198
3
306
0
27
52
0
45
0
7
1
