7
0
5
0
0
19
1
4
61
22
0
30
1
0
0
43
5
12
0
0
18
0
1
17
10
12
12
6
0
6
29
0
0
42
67
24
19
6
0
73
20
78
24
63
0
2
27
17
31
12
41
72
0
0
0
2
2
6
0
0
20
0
15
50
1
46
0
28
0
40
34
20
0
19
0
32
44
15
27
8
0
0
0
0
0
15
42
2
0
0
0
0
0
0
2
0
0
0
0
25
0
0
0
0
0
30
0
2
0
0
0
0
0
0
0
0
60
20
0
0
0
0
44
0
0
25
0
0
0
25
139
18
0
54
29
15
61
0
12
0
47
37
0
0
0
0
0
0
0
0
0
32
0
0
39
37
1
0
90
21
54
10
35
5
20
16
11
11
0
0
0
0
0
11
35
0
0
0
0
0
0
0
43
5
0
0
0
0
11
0
48
0
0
5
12
10
0
0
0
0
0
0
0
15
2
0
0
0
21
0
21
0
0
0
0
0
0
0
0
0
0
0
0
11
0
0
0
0
0
0
0
0
13
0
0
0
0
0
11
0
0
0
15
18
115
20
18
0
22
1
5
69
84
0
0
2
0
100
3
0
0
50
101
59
5
5
1
0
3
61
0
0
0
64
89
64
64
64
0
0
0
0
0
0
0
0
0
80
3
0
90
64
25
0
15
0
74
62
35
17
69
0
0
64
64
64
0
0
0
0
49
133
0
16
0
16
1
23
0
10
64
0
0
0
0
0
0
0
0
1
1
1
85
5
1
108
3
16
1
32
17
3
5
1
6
2
16
19
16
19
0
0
395
18
45
10
3
7
14
17
0
7
11
1
1
3
2
0
8
6
5
0
0
0
5
0
3
16
0
44
4
0
0
14
7
8
1
13
0
1
0
8
0
122
0
3
22
7
2
35
7
1
4
1
0
3
1
11
7
237
1
2
4
0
23
20
0
1
0
19
48
17
26
23
0
0
63
11
48
18
19
28
0
16
15
29
9
0
0
0
0
0
0
0
0
0
0
0
0
0
0
0
0
0
0
0
0
2
0
0
0
1
31
18
1
89
95
12
6
0
0
1
0
0
0
0
0
0
0
0
0
0
34
0
35
2
3
15
2
1
5
1
4
1
1
10
0
0
9
20
0
0
0
12
9
13
0
