0
1
0
5
16
20
42
26
50
0
15
0
15
15
50
0
0
0
2
15
15
3
0
55
1
20
0
15
15
32
15
61
35
69
74
385
0
15
0
0
0
0
7
0
0
0
15
0
0
0
1
6
49
0
0
2
0
0
59
15
0
0
0
1
0
66
0
0
0
0
0
0
0
0
0
0
0
0
0
0
7
0
2
0
0
15
0
5
6
15
15
0
0
0
15
15
18
7
0
0
0
1
24
20
0
0
0
0
0
0
1
1
1
1
64
2
0
12
54
59
69
15
65
59
5
15
6
45
11
0
0
69
16
35
0
20
17
59
0
59
49
49
70
15
0
2
15
25
27
12
112
0
0
90
60
49
64
1
10
0
0
3
0
31
21
49
35
15
0
20
20
390
12
20
0
0
0
0
0
20
0
16
0
5
0
0
0
0
0
0
25
25
22
23
23
0
20
0
21
1
5
5
21
0
0
0
0
51
0
9
1
21
20
0
2
15
0
4
60
0
0
59
10
0
5
1
20
0
20
32
32
0
0
20
0
0
20
20
30
0
0
0
36
20
3
9
12
22
0
49
51
58
49
0
0
49
0
0
0
0
0
0
0
50
1
0
0
3
0
71
6
1
0
1
0
0
11
6
75
29
64
74
11
49
84
49
49
32
13
1
61
0
18
50
55
3
52
23
49
71
49
0
49
0
0
1
0
53
49
17
0
0
1
65
14
15
0
5
0
0
63
0
6
0
0
0
15
8
1
9
0
27
15
240
1
45
5
0
0
64
455
23
27
15
8
0
0
22
51
5
7
6
0
5
10
0
0
11
0
6
7
10
1
0
5
12
0
5
7
8
6
0
34
1
0
3
1
11
5
17
0
11
11
48
13
387
0
10
0
5
50
0
0
0
0
0
0
1
0
0
0
91
15
17
6
0
8
0
401
9
20
13
6
12
27
1
10
58
0
0
31
9
4
0
19
15
0
4
0
148
2
0
0
26
6
0
26
161
0
6
144
54
51
4
0
0
15
0
56
28
94
27
1
0
20
47
0
0
0
0
0
0
0
0
40
0
2
4
2
0
1
0
2
2
1
1
0
0
23
0
0
3
0
0
0
0
0
0
72
8
0
0
6
0
0
0
25
0
0
386
10
10
0
0
454
385
0
0
0
0
0
0
0
0
0
0
0
0
22
23
0
0
410
0
