0
0
0
0
5
1
3
0
2
0
6
2
0
3
6
41
0
2
29
0
0
0
0
60
2
12
1
3
1
2
3
9
1
17
0
28
0
2
1
20
1
0
0
12
8
2
0
2
2
3
450
20
10
1
28
1
2
0
3
8
3
0
74
0
0
39
0
16
2
0
1
0
0
3
1
0
195
0
6
1
0
6
0
3
1
3
0
31
2
0
13
0
1
5
0
1
1
4
6
0
3
0
23
0
0
0
0
0
0
10
0
0
1
2
0
0
6
1
0
0
0
2
29
2
3
0
0
0
1
1
1
1
9
1
2
25
12
1
1
0
2
2
1
2
5
2
27
2
0
0
1
60
0
0
0
0
20
3
0
1
20
20
20
20
0
0
0
425
0
0
0
0
0
0
0
0
0
0
0
0
0
0
0
0
0
0
0
0
0
0
0
0
0
0
434
20
0
1
0
23
20
24
3
1
0
430
428
434
510
87
60
0
0
0
0
0
425
0
8
7
20
0
0
0
0
16
0
0
3
1
0
20
0
0
0
59
20
3
0
75
440
60
18
24
431
28
23
3
25
1
6
1
59
20
3
2
22
4
6
0
85
0
0
0
5
39
30
5
0
1
98
0
26
5
31
2
0
3
0
4
14
0
0
20
5
0
4
3
0
5
28
3
2
3
0
3
2
1
1
5
0
0
0
0
0
0
20
8
0
0
4
0
4
0
442
8
27
0
4
1
0
32
1
5
7
21
0
9
0
0
14
5
20
8
12
8
8
0
2
2
3
6
0
0
64
455
23
28
5
1
4
5
3
2
3
59
5
163
6
17
8
20
305
6
7
12
6
8
10
30
5
15
12
0
1
0
0
0
18
0
7
33
6
10
6
18
0
9
5
0
5
19
0
7
7
0
6
388
0
5
1
0
0
50
6
11
0
5
11
0
10
115
405
6
2
240
0
0
129
0
426
1
0
1
7
0
0
5
69
0
7
6
6
64
0
0
1
30
5
1
8
0
37
25
4
97
0
5
14
6
17
0
12
28
21
6
0
1
5
18
15
5
16
1
14
98
11
12
6
42
0
6
12
9
23
9
4
28
49
5
6
9
1
118
23
7
11
47
0
1
1
6
9
3
8
28
0
1
1
0
0
0
28
20
0
0
2
0
0
0
20
0
0
60
0
426
0
1
0
97
442
21
20
0
0
0
20
0
0
0
0
0
0
1
59
0
33
0
0
0
0
0
0
0
0
0
0
0
0
0
0
0
0
0
6
0
4
0
6
704
0
0
1
66
