32
144
145
0
11
1
0
0
62
3
22
126
0
0
0
11
5
0
12
0
74
22
123
1
3
42
43
21
5
1
17
0
0
1
170
0
1
41
38
33
218
1
1
24
48
15
4
104
499
5
0
181
0
28
10
0
0
0
0
0
3
22
47
6
0
0
0
0
0
0
0
0
0
0
0
0
0
0
409
10
5
3
21
29
76
132
27
0
0
0
0
0
0
0
0
27
0
0
0
0
1
0
9
0
0
0
0
0
0
0
0
0
1
0
0
7
0
0
0
0
1
0
0
0
1
0
0
0
0
0
1
1
0
0
0
0
0
0
0
0
0
0
0
0
0
0
0
0
0
0
0
0
0
0
0
0
21
0
40
0
1
0
0
0
0
0
0
0
0
99
0
0
0
0
0
0
22
21
21
0
29
0
5
0
0
0
0
0
0
0
0
0
21
24
0
0
0
0
0
2
0
0
0
0
0
0
0
0
2
35
0
0
0
0
0
0
0
0
30
0
85
28
68
67
76
15
59
59
81
26
52
85
83
512
13
5
125
108
37
409
32
19
11
1
71
0
146
59
68
130
29
6
70
467
537
0
8
0
67
0
0
0
0
0
0
0
0
0
0
0
0
0
0
126
483
67
0
126
0
67
0
0
67
126
138
67
21
0
7
0
0
21
21
59
0
1
0
0
2
76
147
109
5
0
74
2
0
9
67
127
11
10
67
3
0
12
20
59
41
23
27
126
0
0
0
0
0
0
0
0
0
13
1
17
95
160
0
22
199
0
31
70
455
56
9
71
110
69
5
49
5
20
29
42
0
2
41
0
2
0
35
0
39
150
20
98
9
6
5
5
19
47
12
41
4
110
405
4
0
0
2
0
23
115
442
1
17
7
20
22
94
11
10
270
9
28
22
199
5
132
8
43
20
22
0
39
0
45
0
38
58
87
1
38
6
53
6
79
87
232
0
0
29
287
0
9
161
0
5
39
2
15
84
0
0
0
133
126
7
0
0
0
0
0
7
0
0
0
0
0
0
0
0
0
0
0
0
0
0
0
0
0
0
0
0
0
0
0
0
0
0
0
0
0
0
69
