0
0
39
3
0
0
9
1
4
0
0
150
0
0
0
0
0
0
0
0
12
0
0
0
20
60
23
99
21
0
2
0
6
2
0
1
0
6
1
0
17
0
20
0
0
0
0
0
0
0
0
2
0
0
20
0
0
0
0
0
5
2
6
1
460
20
0
20
60
0
15
0
0
0
100
0
26
5
0
3
0
1
0
0
1
0
0
0
0
0
12
20
80
3
0
0
0
1
6
0
0
0
1
0
2
0
0
1
0
0
0
0
0
0
3
0
0
0
1
0
0
0
0
2
0
0
1
0
1
5
99
1
6
14
10
0
2
0
1
0
0
3
0
1
7
1
29
1
0
20
1
0
0
0
0
0
3
1
1
0
1
1
5
7
5
0
76
0
0
0
0
0
0
3
9
0
0
0
0
0
0
0
0
0
0
0
25
0
0
0
0
0
5
0
5
5
5
0
0
390
5
27
0
7
5
6
1
390
5
0
0
0
0
0
0
0
0
0
0
0
0
0
0
27
1
20
0
0
1
0
1
0
5
0
0
0
0
386
20
403
0
0
0
0
0
0
0
0
0
425
20
5
0
0
474
42
0
0
0
0
83
0
0
390
0
63
0
451
5
385
9
390
1
1
23
11
17
0
0
0
0
0
0
0
0
0
0
0
1
7
4
64
63
26
1
386
388
0
3
1
0
1
1
450
1
5
5
5
0
0
5
62
25
0
20
1
0
0
0
1
0
0
0
5
6
0
21
5
5
20
6
4
23
2
65
25
7
10
20
5
15
0
419
27
5
1
12
19
33
31
5
70
452
0
404
4
5
8
87
27
28
45
20
6
9
0
0
5
3
0
0
5
20
1
20
0
0
0
15
114
455
0
24
429
38
20
445
128
0
3
0
6
2
25
11
18
25
1
9
23
20
22
10
0
23
5
2
78
35
178
0
22
21
12
101
0
0
81
5
0
0
74
0
1
486
0
5
0
453
0
0
1
390
0
0
0
0
0
453
35
5
0
400
68
0
385
0
5
2
0
7
0
0
385
385
0
5
1
49
0
385
1
5
1
0
385
385
0
0
0
424
0
5
0
0
385
385
0
0
0
0
0
20
1
0
0
0
385
0
0
0
0
20
1
