3
87
32
0
40
0
0
10
1
20
39
1
12
105
1
0
5
0
18
215
1
11
56
17
19
3
2
0
47
93
7
33
107
82
11
1
327
15
1
0
0
30
0
21
0
1
30
0
23
34
10
0
61
10
30
0
56
18
38
0
0
0
0
0
0
0
0
90
31
11
69
50
35
6
113
1
0
0
39
0
0
0
0
0
0
398
0
1
1
6
0
47
28
19
22
20
21
9
30
0
31
19
0
0
0
18
10
11
0
1
0
2
1
11
0
0
0
0
0
11
9
4
0
1
0
15
5
4
32
11
1
0
0
10
1
18
10
6
0
0
0
0
0
0
0
0
0
0
0
0
0
50
0
15
17
1
33
3
1
1
167
56
2
48
0
10
19
10
2
63
0
10
0
0
0
18
11
436
17
68
0
0
1
62
50
34
0
53
0
0
13
0
38
1
0
0
0
0
0
0
0
0
0
0
0
0
0
0
0
0
0
0
0
0
0
0
0
0
0
0
0
0
0
0
0
0
0
0
0
0
0
0
0
0
0
0
0
0
0
0
0
0
0
0
0
0
0
1
61
12
4
0
1
1
5
38
11
0
28
11
11
0
0
1
0
0
0
0
0
0
0
13
0
38
1
0
0
0
0
0
0
0
0
0
0
0
0
0
0
0
0
0
1
1
11
11
11
52
0
2
19
24
29
10
29
11
21
10
0
10
0
0
0
0
0
0
0
11
11
0
20
0
20
0
0
6
5
0
0
0
0
24
0
11
23
10
13
12
90
7
6
83
95
111
0
6
79
116
3
83
87
64
386
69
23
34
13
211
8
13
2
0
16
6
91
3
0
27
1
10
9
25
3
22
1
0
12
208
3
114
426
9
3
0
29
11
13
40
0
0
125
12
38
0
3
0
0
1
18
3
29
9
0
164
5
0
201
15
12
50
11
109
8
249
1
253
0
11
0
0
0
0
0
0
0
0
0
0
0
0
0
0
0
5
52
0
0
2
0
0
0
0
0
0
0
0
0
0
0
0
0
0
0
0
11
0
0
0
0
0
0
0
0
0
0
0
0
0
0
0
0
0
0
0
0
0
0
0
0
0
0
0
0
0
0
0
11
11
18
9
19
2
0
30
15
0
52
0
0
0
0
0
0
0
0
10
13
0
38
1
0
0
0
0
0
0
0
0
0
0
0
0
0
0
0
0
0
0
0
0
0
0
0
0
33
0
0
0
38
1
0
0
0
0
0
0
0
0
10
0
0
0
0
0
0
0
0
0
0
0
0
13
1
9
1
0
0
28
10
10
13
0
38
1
0
0
0
0
0
0
0
0
0
0
0
0
0
0
0
0
0
0
0
0
0
0
11
10
1
0
9
1
3
9
1
10
10
9
0
0
0
0
0
13
0
38
1
0
0
0
0
0
0
0
0
0
0
0
0
0
0
0
0
0
0
0
0
0
0
1
0
10
10
