6
14
2
15
2
2
3
0
10
0
0
80
6
1
0
19
11
12
131
1
0
0
0
32
83
21
12
0
99
16
17
0
0
0
0
17
0
0
63
1
80
0
43
109
2
20
1
0
0
11
0
22
81
15
66
24
3
0
0
0
211
10
79
0
16
0
0
79
0
393
10
12
12
117
0
0
55
0
0
0
0
0
0
1
0
0
0
0
0
0
12
3
18
0
0
20
0
0
0
0
21
0
1
0
6
0
0
0
2
1
2
0
0
0
0
15
79
0
10
5
6
0
0
63
0
68
0
1
19
0
0
10
0
0
0
0
0
0
0
0
0
0
0
0
0
0
0
0
0
0
0
0
0
0
0
2
2
0
2
0
0
6
0
10
12
0
0
0
2
0
0
6
0
16
0
7
0
0
0
0
0
0
0
0
0
0
0
0
0
1
7
27
0
0
0
0
0
0
0
0
0
0
16
89
0
0
5
0
9
0
2
0
0
11
0
0
0
0
0
9
3
6
0
0
0
72
72
43
79
9
0
0
89
2
0
26
7
468
0
1
1
54
13
2
0
5
0
0
6
0
0
0
0
63
0
0
0
0
30
83
85
15
0
0
13
0
0
0
0
0
201
0
0
4
0
0
0
0
0
0
0
0
0
0
18
10
0
17
468
216
0
83
60
0
0
0
0
0
0
0
0
0
0
0
0
0
0
0
0
0
0
0
0
0
0
0
9
0
0
0
0
27
23
0
0
20
1
20
0
0
1
1
1
0
0
0
35
0
0
69
16
0
0
0
0
1
0
20
17
69
11
9
0
2
8
6
13
2
18
25
0
104
69
449
3
2
29
8
5
18
2
0
0
1
5
7
20
16
0
23
394
14
0
0
0
13
20
9
0
0
21
0
3
13
25
26
5
27
25
15
0
11
24
23
0
25
32
9
193
80
14
0
37
3
0
0
114
426
14
6
27
16
2
2
22
2
88
5
0
458
37
79
0
7
73
0
0
33
0
4
0
4
2
0
7
0
0
0
0
0
0
0
0
0
10
0
0
0
0
0
0
0
0
0
0
0
0
0
0
0
0
0
0
1
0
10
0
10
5
5
7
0
0
4
7
19
3
3
3
66
0
0
9
1
1
0
0
0
10
3
0
0
2
9
0
0
0
0
0
0
0
0
0
0
0
0
0
0
0
0
0
0
0
