17
17
1
0
18
5
16
9
77
0
81
24
37
0
0
12
82
7
10
58
0
0
0
149
10
35
64
34
10
5
0
21
0
0
5
193
10
5
0
11
68
24
75
46
165
138
6
17
78
2
14
132
16
108
0
80
13
164
237
69
0
6
0
0
1
0
0
1
0
1
0
0
0
0
0
0
0
0
0
0
17
52
5
0
0
0
0
0
0
0
36
43
9
2
36
0
67
3
28
54
0
33
0
110
83
13
0
22
0
0
28
0
9
9
43
9
9
38
5
36
50
46
0
17
0
56
13
33
0
21
14
10
0
7
0
9
3
15
0
3
18
9
0
0
0
0
1
0
0
0
0
0
0
9
2
0
0
1
15
0
0
0
0
0
10
4
9
0
9
26
5
27
29
17
0
0
0
0
0
0
0
0
0
16
0
0
0
0
0
0
5
0
0
21
5
72
0
0
0
0
7
9
0
0
0
34
18
1
132
127
16
68
141
160
54
18
5
59
59
16
1
135
127
186
26
1
127
189
204
142
65
63
69
435
1
17
0
13
0
21
69
107
20
7
0
76
617
2
0
2
0
0
8
0
17
13
0
69
6
11
7
123
19
8
8
0
22
0
0
13
9
0
13
63
85
17
12
2
5
0
12
0
17
12
32
0
3
16
296
74
23
8
0
2
407
91
3
0
56
0
6
18
0
1
23
0
21
0
1
5
10
6
387
0
0
0
0
392
392
8
56
8
19
1
5
22
0
7
45
5
7
21
1
44
0
1
0
5
386
81
1
32
21
16
235
21
9
2
40
1
0
25
2
7
385
14
24
11
0
35
9
235
15
31
64
185
32
8
15
48
10
18
66
139
0
6
72
13
2
1
2
0
0
0
0
0
0
0
0
0
0
0
0
0
0
0
0
0
0
0
0
0
0
0
0
64
0
9
75
9
42
32
9
0
0
0
0
0
0
17
0
3
0
0
0
0
0
0
0
0
0
0
0
0
0
0
0
0
0
0
0
0
0
0
0
0
0
0
0
0
0
0
15
0
0
0
0
0
0
0
0
0
0
6
0
12
0
0
0
0
0
0
8
0
0
9
43
0
2
12
9
38
19
0
5
63
101
67
58
72
12
2
0
17
2
0
0
0
0
0
1
0
0
0
0
63
0
0
13
13
5
0
0
0
82
0
63
0
87
16
59
0
0
0
0
13
15
68
59
63
64
192
