26
9
0
0
0
1
40
416
2
20
14
0
26
0
1
5
31
0
13
0
17
10
6
0
20
0
15
2
0
32
0
61
48
4
17
27
10
138
13
125
3
60
104
2
141
0
0
0
0
0
22
5
0
7
1
3
17
0
0
0
0
0
0
12
11
0
0
0
0
0
0
0
0
0
0
0
0
0
0
0
0
0
0
0
0
0
0
0
0
0
0
0
0
0
0
0
0
0
0
0
0
0
0
0
0
0
0
0
0
0
0
0
0
0
18
3
0
0
0
21
2
0
5
1
0
0
15
3
3
0
0
17
17
15
0
15
4
15
0
30
30
0
20
15
5
0
5
10
5
25
427
458
0
0
0
0
446
50
0
0
0
0
6
20
0
0
103
3
0
15
0
20
68
95
60
0
10
0
80
12
13
64
10
27
0
0
0
0
0
0
0
0
77
5
0
0
0
0
0
0
0
0
63
2
0
0
68
8
14
20
23
500
53
0
81
14
4
7
5
0
2
0
0
0
492
0
0
0
0
0
10
0
0
0
63
0
0
0
0
0
0
0
10
43
3
7
0
0
0
0
0
0
0
0
0
2
9
0
0
0
1
63
32
1
5
1
75
51
12
3
0
0
0
0
0
0
0
0
0
0
0
0
10
10
0
0
0
0
0
0
0
0
0
0
0
0
0
0
0
0
0
0
0
0
0
0
15
2
0
0
0
12
12
0
10
12
2
6
0
0
0
0
0
0
13
0
0
0
0
4
7
0
4
10
5
68
11
76
15
1
0
21
29
0
0
1
39
20
0
7
3
6
0
385
0
20
13
3
0
1
1
385
6
4
0
0
0
387
0
50
23
5
7
7
134
15
64
455
23
95
7
5
0
386
5
5
1
17
15
0
1
2
1
95
29
128
0
0
3
0
9
8
6
32
1
12
6
0
140
63
82
105
426
203
0
0
1
0
0
0
5
6
3
0
1
0
8
1
9
0
33
13
6
38
5
14
16
35
7
0
1
0
13
20
0
9
6
11
0
8
3
0
4
18
9
5
6
9
0
1
10
0
11
18
9
8
2
0
3
16
31
9
0
131
390
0
0
3
46
84
141
6
22
40
0
