0
13
0
2
0
0
2
2
20
0
0
5
12
13
0
1
1
2
0
39
1
19
4
42
0
0
0
4
0
0
20
2
0
0
20
20
22
0
1
0
10
5
5
1
4
2
1
1
0
97
7
20
1
0
2
0
0
0
2
2
0
2
0
12
0
0
0
0
0
0
0
0
0
0
0
0
0
0
15
0
0
0
0
0
0
91
0
0
0
0
1
20
0
0
2
0
21
0
27
22
0
20
0
7
0
0
1
0
0
7
6
7
7
6
0
0
0
26
0
0
0
0
21
0
0
29
22
0
4
0
0
0
20
0
0
0
0
60
0
0
0
0
0
0
0
0
3
0
21
0
0
0
0
1
0
1
79
0
0
22
5
20
20
59
49
35
1
7
390
5
447
0
0
0
0
0
0
61
0
0
0
0
0
0
0
0
0
404
0
0
0
0
0
0
0
0
54
0
18
20
5
0
411
20
0
82
0
0
0
0
20
0
2
0
0
0
0
0
0
29
20
0
51
0
37
1
0
0
6
1
5
12
0
20
10
2
2
96
0
0
0
0
0
0
0
9
0
0
0
54
10
0
2
0
108
15
6
0
0
0
0
0
0
2
21
0
0
0
0
22
21
0
26
0
0
0
0
20
7
9
6
8
15
1
1
0
6
70
455
23
17
0
25
0
15
0
5
391
25
58
12
157
27
6
36
9
8
22
3
5
30
5
15
148
5
5
93
20
13
175
50
6
10
6
16
2
24
0
6
25
48
12
8
1
0
72
1
0
1
6
37
15
16
1
136
3
6
13
0
10
69
2
12
182
0
6
143
35
7
239
0
60
22
11
136
26
6
44
0
444
85
13
1
7
21
12
8
5
9
242
1
6
