9
0
18
2
0
10
34
10
0
20
20
11
14
0
2
21
0
0
0
0
38
33
33
25
0
29
25
10
12
0
0
0
0
0
0
0
0
0
0
15
0
0
0
0
0
0
40
4
17
20
2
12
0
18
5
0
0
0
0
2
22
0
0
0
0
0
0
0
0
0
0
0
0
1
12
0
0
28
0
0
5
0
0
0
0
0
0
0
0
0
0
0
0
0
0
0
0
0
0
0
0
0
0
0
0
0
0
21
21
0
21
0
0
27
0
0
0
0
0
0
3
8
0
2
10
0
0
0
0
0
0
0
0
0
0
21
0
32
0
0
0
0
0
0
0
0
5
0
0
0
0
0
0
22
0
0
0
0
0
0
0
0
0
0
34
30
24
19
10
13
17
15
10
0
0
0
0
0
0
6
0
27
0
0
0
0
4
31
9
0
0
0
0
11
27
0
0
31
4
0
0
0
0
26
0
40
0
5
16
0
1
16
39
21
21
5
20
4
18
18
9
0
4
0
12
38
0
34
23
27
10
273
0
95
7
0
0
85
0
75
0
51
17
21
0
38
30
10
5
20
70
8
17
45
0
24
4
26
10
1
11
0
15
0
0
51
6
20
70
20
1
26
24
0
0
88
30
33
30
0
0
10
6
20
0
0
25
1
0
27
0
20
18
0
21
1
23
0
129
24
35
0
26
21
0
0
6
2
26
7
1
2
1
5
21
139
41
16
3
432
9
7
6
0
5
18
6
15
15
14
0
23
6
25
5
404
7
11
5
0
30
1
20
0
10
0
36
0
8
6
2
0
9
5
0
11
4
17
19
21
20
0
5
9
6
5
10
6
41
0
498
0
2
1
12
4
21
0
55
0
17
28
6
15
22
5
20
6
8
10
0
0
8
15
7
0
5
0
94
11
25
0
6
115
15
6
121
12
0
0
