63
218
0
2
16
64
2
1
76
99
15
63
15
29
2
16
20
0
8
130
17
0
0
16
23
159
115
21
13
0
24
3
0
78
1
35
29
91
0
26
9
1
63
65
15
92
68
15
1
1
1
0
8
4
20
53
0
0
0
0
0
0
0
0
25
20
68
0
0
81
86
64
63
10
5
20
6
6
0
39
22
0
25
2
0
0
41
36
68
116
41
47
34
0
74
20
10
1
0
5
0
0
2
11
10
1
13
1
1
0
0
1
0
0
0
1
0
2
76
0
0
1
0
0
1
0
0
19
80
38
13
10
64
9
1
89
63
147
1
0
14
108
0
0
0
0
63
0
0
0
0
0
0
0
0
24
73
27
0
11
0
0
36
0
0
0
0
9
9
0
9
0
13
0
27
0
0
0
0
0
0
14
27
0
0
0
5
0
0
0
0
0
0
2
37
16
18
0
33
0
120
507
0
0
0
0
0
0
0
0
0
0
0
0
1
49
85
9
31
72
25
13
12
108
1
3
9
6
12
63
85
2
7
0
6
67
29
0
2
15
116
2
64
116
96
101
2
455
481
144
100
150
116
6
68
0
72
18
23
0
69
63
73
64
64
33
64
66
72
73
106
1
0
0
35
0
226
0
61
0
10
127
66
79
63
0
34
65
58
33
0
63
26
0
0
0
48
0
0
0
0
63
9
0
0
0
43
0
0
83
133
127
0
14
53
33
15
73
66
66
45
60
3
72
105
14
42
42
10
36
114
7
20
5
98
15
172
69
16
16
73
80
73
0
26
79
77
65
0
6
1
5
22
26
19
100
1
13
64
13
6
0
396
18
10
38
12
10
35
10
17
13
30
157
37
5
14
17
10
62
6
6
390
3
6
23
15
7
20
1
9
63
418
18
12
8
18
15
10
37
23
15
0
0
0
6
31
58
12
7
2
5
26
25
150
22
7
7
23
2
7
32
23
15
0
29
0
15
0
48
11
21
62
26
23
6
0
6
0
24
17
28
13
22
3
0
15
15
82
15
52
9
6
47
26
0
21
10
25
0
15
12
51
177
21
10
151
15
232
63
5
91
3
168
84
6
127
20
1
5
33
48
53
48
96
0
117
9
9
9
5
0
36
0
0
0
0
9
14
0
0
9
0
2
2
17
22
22
19
7
83
26
111
23
1
83
2
5
15
0
5
0
91
26
0
0
33
0
83
0
0
0
0
0
66
64
97
37
67
148
34
11
63
53
33
2
