1
2
0
11
29
22
4
0
4
1
1
1
0
1
4
0
12
0
6
6
6
0
39
26
17
7
0
0
0
7
0
7
3
26
26
0
22
8
80
0
2
1
1
0
7
14
6
0
0
0
17
1
4
4
0
8
0
1
0
13
0
0
7
0
0
0
0
0
0
9
2
0
1
1
5
12
0
5
20
40
22
0
0
17
4
8
4
6
1
21
0
0
0
0
0
0
1
7
1
0
0
0
0
2
0
0
0
0
1
25
0
0
1
0
0
0
25
0
8
0
1
5
0
6
7
1
0
0
9
0
0
2
1
0
19
5
1
0
1
60
9
0
0
3
0
9
56
0
64
0
0
0
1
0
1
0
0
51
5
0
0
1
0
63
2
0
21
0
23
5
63
0
20
28
103
0
0
1
10
0
26
0
6
0
9
0
22
11
21
22
21
134
15
0
0
0
2
0
0
0
0
0
0
0
103
59
60
0
10
63
0
0
0
0
0
59
20
2
0
0
0
0
63
3
14
0
59
0
0
0
5
0
14
5
0
2
0
0
0
0
0
1
14
23
0
0
0
3
21
0
0
1
0
0
24
54
0
1
5
20
55
88
19
41
0
0
0
23
1
18
0
0
11
1
82
28
66
23
1
0
0
1
1
10
5
0
36
0
0
5
0
125
0
13
0
124
0
10
0
18
1
6
0
9
17
0
3
0
0
0
34
1
0
189
0
6
0
1
5
0
6
7
118
78
29
1
29
1
12
1
9
0
6
0
2
6
23
92
1
76
84
9
76
0
1
1
96
5
0
261
63
6
0
0
2
20
13
0
5
6
34
0
13
128
6
233
0
8
0
15
9
10
9
89
6
16
0
1
0
33
1
21
1
8
0
5
0
1
1
1
2
0
5
2
0
0
1
0
2
6
0
1
0
0
5
20
0
0
5
0
0
0
0
0
5
0
1
0
0
51
0
0
0
0
0
0
0
0
0
0
0
0
0
0
0
0
0
0
0
0
7
18
0
0
0
0
0
0
12
9
1
0
1
0
0
0
39
0
0
0
0
20
20
0
20
20
12
0
0
0
0
0
0
0
0
0
0
12
0
0
0
0
0
0
0
0
0
0
0
0
0
0
0
0
0
0
0
0
0
0
0
0
1
16
20
0
0
0
12
0
0
0
12
12
20
0
0
0
0
0
0
0
0
0
0
0
0
0
0
0
0
0
0
0
0
0
0
0
0
0
0
0
0
0
0
0
0
0
12
0
0
0
0
0
0
0
1
1
1
10
0
2
0
9
2
1
9
0
0
2
12
0
6
0
1
0
5
2
0
0
5
0
