0
0
149
38
0
0
0
0
168
0
1
0
0
20
20
20
13
2
0
0
0
17
25
1
54
74
47
56
0
20
1
0
25
1
0
0
34
26
45
0
0
0
23
0
13
10
3
29
0
4
4
0
4
3
29
0
4
17
10
0
0
13
0
0
0
0
0
0
0
0
0
39
0
0
0
0
20
0
5
1
0
0
6
0
0
0
0
0
10
16
23
12
15
0
0
0
2
2
0
27
0
0
35
0
0
0
0
2
4
0
0
0
0
0
0
0
0
0
0
7
1
4
0
27
0
0
0
33
25
38
0
3
0
0
0
0
22
15
0
0
0
0
0
0
0
34
39
39
3
41
0
0
0
0
0
0
0
0
0
0
3
39
2
0
0
0
0
0
0
0
1
98
48
0
3
39
39
39
10
0
0
20
20
3
0
1
0
0
0
0
33
0
0
9
9
10
0
0
1
2
6
20
1
0
20
29
2
13
0
0
38
10
0
9
39
0
9
0
9
5
12
39
11
39
52
39
0
2
10
34
30
0
0
0
0
0
1
0
0
0
0
0
0
1
26
20
111
7
35
46
0
9
6
0
0
0
9
0
5
0
0
22
0
0
17
17
18
36
20
0
0
0
0
73
0
0
39
39
0
9
9
9
19
10
10
9
0
1
7
9
0
9
0
0
4
27
0
21
0
0
0
9
1
0
0
0
20
2
1
39
35
9
1
0
0
1
1
0
7
0
0
0
0
0
202
6
1
0
1
26
64
18
0
47
0
10
19
1
7
2
14
27
6
20
0
10
9
0
17
5
6
6
19
0
1
18
18
0
2
5
7
0
0
139
1
10
15
6
0
25
53
7
15
7
13
114
6
387
0
13
28
6
26
32
22
5
18
151
1
17
50
1
105
1
14
318
5
9
125
49
8
187
0
9
1
6
142
0
1
12
155
0
6
47
1
1
28
0
8
118
1
13
112
6
7
182
33
8
6
0
0
25
24
1
0
393
0
3
20
15
0
12
0
0
12
0
12
0
25
0
12
1
5
25
22
9
22
1
1
2
74
2
0
1
42
3
60
0
0
0
0
1
21
16
21
51
23
39
60
0
0
4
0
0
0
0
0
0
0
10
0
0
0
0
0
0
0
5
0
0
4
3
30
1
0
20
0
0
26
