18
171
0
18
0
6
43
42
0
89
26
21
0
0
3
0
18
24
16
7
0
86
0
4
16
17
0
0
0
0
0
1
0
0
0
0
0
0
0
0
4
1
40
10
89
11
14
0
0
32
0
11
78
0
117
2
84
4
0
11
0
0
0
0
11
18
29
1
1
2
4
34
15
14
0
0
0
0
0
0
0
2
5
9
1
2
101
1
11
69
0
41
6
7
4
11
11
25
1
0
0
0
0
0
0
0
0
0
5
3
0
3
3
0
6
6
15
1
11
0
5
0
50
11
0
0
0
16
0
25
27
0
6
1
16
21
21
6
10
1
16
18
8
1
6
5
19
0
0
74
2
5
59
24
16
15
35
52
1
5
0
0
0
16
17
2
104
20
26
70
15
21
28
27
0
0
0
33
33
36
16
44
48
49
51
16
16
48
0
5
0
0
20
0
0
0
0
33
0
0
0
0
0
0
0
0
0
0
0
0
0
0
0
0
0
0
0
0
0
0
0
0
15
0
0
0
0
0
0
0
0
0
0
1
0
5
1
20
18
0
21
5
15
5
4
2
0
9
16
5
0
0
0
0
0
0
0
0
0
0
0
0
5
15
0
1
0
5
0
1
15
10
0
0
0
0
0
0
0
5
0
0
0
0
20
15
0
0
0
0
21
15
9
5
10
28
15
15
3
0
0
0
0
4
20
15
5
26
15
0
0
0
0
0
0
0
0
0
0
0
0
0
0
0
0
0
0
0
0
0
0
5
0
0
0
0
0
0
0
0
0
0
26
1
15
5
15
33
0
1
27
85
15
0
0
0
25
0
21
29
1
89
0
2
131
5
2
12
7
21
0
7
19
0
15
5
13
0
15
5
15
22
1
3
33
19
8
18
0
142
0
80
20
8
151
15
13
8
0
0
7
7
8
392
27
8
56
20
13
14
21
11
18
0
20
0
18
0
20
0
9
0
18
20
9
0
18
20
11
0
286
15
156
33
5
22
15
18
12
35
0
1
7
0
1
7
0
1
122
0
11
9
6
7
8
6
4
0
3
9
333
0
15
22
161
0
0
10
161
0
0
10
6
0
14
0
63
14
0
63
0
1
4
16
0
8
15
5
10
10
5
5
12
12
0
5
9
15
25
11
21
25
53
7
6
1
2
34
20
129
6
7
451
37
0
0
2
15
6
0
19
6
0
19
6
1
12
28
13
7
20
5
0
6
63
29
9
20
0
27
5
26
0
21
9
190
15
6
68
401
1
9
5
0
0
0
0
0
0
3
0
0
0
0
0
0
0
0
0
0
0
0
0
0
0
0
0
20
0
0
0
0
0
0
0
0
0
0
0
0
0
0
0
0
0
0
0
0
0
0
0
0
0
0
0
0
0
0
0
0
0
5
15
0
0
0
0
0
0
0
0
0
0
0
0
0
0
0
0
0
0
0
0
0
0
0
0
0
0
0
0
0
7
9
10
0
0
0
