0
78
0
5
1
0
6
1
446
0
1
6
11
0
0
12
35
0
0
0
2
1
8
12
18
0
0
0
0
0
2
2
4
0
0
0
0
0
0
0
0
0
0
0
1
1
20
1
1
387
0
1
2
0
3
5
0
2
14
0
0
0
0
0
0
3
0
24
35
10
26
32
0
0
3
0
1
2
8
10
28
0
31
10
30
10
0
59
0
10
0
0
0
0
0
0
3
1
0
0
0
0
0
0
0
10
30
110
0
1
0
0
17
0
0
0
0
1
1
0
0
0
0
1
1
2
1
1
6
3
3
0
417
387
9
6
7
1
0
1
0
0
0
0
21
1
0
0
0
0
0
6
1
0
0
0
12
0
0
2
0
0
0
0
0
2
0
0
0
8
3
0
0
11
0
5
2
20
0
0
0
0
10
0
59
386
25
445
388
385
1
5
461
392
0
385
385
1
81
0
10
0
0
0
11
28
0
0
1
386
1
3
1
1
0
0
0
0
0
0
0
0
0
0
0
0
1
1
49
385
38
0
0
0
480
25
18
0
4
0
0
0
0
3
0
5
2
1
2
20
456
20
0
0
388
1
390
0
0
7
3
0
397
0
0
0
425
0
0
0
406
0
25
0
0
0
0
386
5
0
18
1
5
5
1
5
0
0
20
0
0
0
0
1
0
0
0
0
1
20
0
0
0
145
6
1
9
1
19
21
5
2
0
4
95
64
19
1
144
388
99
0
140
386
15
6
0
0
3
3
0
0
0
0
37
0
2
6
0
23
7
0
0
9
108
0
426
12
0
0
125
16
96
0
0
68
1
8
4
93
0
20
15
90
1
22
8
7
0
10
0
112
6
223
25
9
0
90
24
79
20
16
1
5
0
6
390
2
0
9
207
0
70
10
0
10
0
0
0
0
1
0
0
0
0
0
0
0
0
0
0
0
0
0
1
0
0
0
3
1
0
10
0
0
1
0
0
0
0
0
0
0
0
10
