4
138
7
127
0
1
2
1
1
4
4
0
1
4
7
0
0
0
5
157
19
7
5
18
20
12
17
0
0
0
0
0
0
12
12
1
0
3
32
1
1
4
2
0
0
0
4
0
54
1
81
4
10
16
0
1
0
4
6
16
9
2
0
140
113
4
34
0
7
49
0
0
0
0
0
0
0
0
5
52
0
0
49
1
62
0
0
56
0
2
456
385
0
6
67
0
0
0
2
0
0
0
49
0
0
9
0
0
0
0
0
0
0
0
8
1
0
45
55
60
54
33
0
0
54
1
85
68
6
33
1
86
0
0
1
1
1
10
0
1
84
0
0
0
0
0
0
0
0
1
50
0
19
1
0
0
4
0
65
3
0
0
0
0
0
0
0
0
16
15
6
15
10
15
0
0
71
1
16
3
0
0
0
0
0
15
3
0
0
0
0
0
3
0
0
0
0
49
12
2
0
0
127
1
24
184
17
44
5
10
9
0
390
5
386
5
0
12
54
70
12
88
28
54
37
0
182
69
139
50
30
0
24
53
200
158
0
0
0
0
0
0
25
133
0
0
0
6
4
208
13
10
9
34
51
0
0
4
55
0
54
4
16
0
24
0
4
0
4
3
51
16
5
89
11
0
5
0
0
11
19
153
0
7
34
0
11
15
63
0
6
17
0
0
0
0
0
1
0
64
455
23
32
64
205
1
0
0
49
7
6
0
49
7
11
0
19
1
5
4
0
5
287
1
9
0
13
0
0
18
0
11
9
92
1
14
0
13
1
18
0
65
1
1
116
0
11
0
0
2
392
14
1
0
16
5
1
0
7
25
53
7
174
1
1
38
0
4
0
60
21
13
28
6
26
32
22
5
18
18
5
1
60
2
5
13
7
0
0
18
3
13
5
30
9
7
0
17
0
71
5
4
9
20
0
144
39
5
1
175
10
14
127
11
0
94
1
174
22
9
190
36
7
68
0
1
63
0
6
1
123
9
9
0
12
34
0
17
10
11
10
1
5
5
10
0
20
0
24
5
229
0
