9
190
0
13
12
2
0
2
12
1
3
13
15
10
9
0
126
1
2
144
564
37
196
35
118
8
36
11
39
2
0
3
15
34
1
8
21
63
164
579
165
1
0
1
71
23
0
1
23
4
6
1
91
446
95
2
0
1
117
1
10
15
10
14
40
0
0
0
64
1
1
6
18
469
10
34
2
13
5
0
4
5
0
0
0
0
0
0
0
0
0
0
0
0
0
0
0
0
0
0
0
0
0
0
0
0
0
0
0
7
91
0
0
0
0
0
0
0
8
24
18
1
3
0
0
7
2
2
8
4
16
1
0
0
0
0
0
0
0
7
6
4
0
0
0
0
0
0
0
0
0
2
1
1
0
3
1
445
2
1
1
207
0
0
0
15
0
0
0
0
0
0
427
0
0
0
0
0
0
1
49
24
1
0
0
118
0
0
91
0
53
0
0
0
0
572
0
1
1
1
1
165
141
600
447
429
425
4
0
0
0
0
0
0
0
0
0
425
28
2
1
1
2
0
1
1
56
0
1
425
0
1
0
0
0
0
0
469
439
435
426
123
1
429
425
0
23
29
0
0
0
0
0
0
0
0
0
0
0
117
0
0
0
0
0
0
0
0
0
0
0
0
0
1
64
1
1
21
425
426
0
8
426
0
0
0
123
1
6
555
10
65
623
64
1
13
11
1
1
0
24
23
1
6
0
64
0
5
0
10
20
4
4
7
0
0
0
0
2
1
2
15
0
9
8
7
20
0
0
20
0
0
0
0
0
0
12
9
0
13
11
11
0
0
26
1
5
82
1
192
8
107
26
34
3
137
1
70
455
13
6
8
6
7
6
0
0
227
1
15
26
3
21
1
5
4
10
2
22
1
17
0
1
113
8
29
0
40
45
2
1
8
1
13
7
8
22
19
2
140
2
24
6
36
0
11
0
84
13
120
425
81
10
24
0
26
6
27
10
77
1
0
20
64
356
8
0
0
10
1
21
26
122
0
36
14
0
0
11
6
3
7
27
20
121
35
125
40
145
0
3
180
0
187
0
11
12
50
91
40
4
6
0
99
4
60
8
82
1
338
1
214
2
2
15
2
0
1
261
2
1
0
2
37
5
0
23
1
26
5
4
24
1
23
0
0
2
1
0
0
0
0
1
23
0
0
0
0
1
0
3
23
0
0
0
0
0
0
0
0
0
0
0
0
0
0
0
0
0
0
1
2
1
2
4
0
0
0
6
10
9
0
0
0
0
0
0
0
0
0
0
0
0
1
6
0
1
1
0
0
0
3
0
0
0
0
0
0
0
0
0
0
1
0
0
0
0
0
0
0
0
0
0
38
0
30
0
1
0
2
0
1
8
2
2
6
6
1
1
1
0
34
0
425
0
0
0
0
0
0
0
1
0
427
425
0
1
0
0
0
0
0
0
0
0
1
425
0
1
0
0
0
0
10
1
2
6
426
21
11
2
2
1
3
0
