4
0
6
1
12
11
0
4
6
0
0
0
4
20
25
4
4
25
0
0
10
0
0
8
3
0
4
0
10
12
0
9
1
0
0
0
0
1
1
6
0
12
20
28
0
0
9
4
4
3
0
0
0
0
0
20
3
40
0
4
0
20
24
0
10
6
0
1
0
1
0
2
13
3
6
0
1
0
0
0
0
0
0
8
2
2
0
0
8
0
0
0
0
5
0
15
0
0
0
0
0
0
0
0
0
0
0
0
0
0
0
3
0
0
0
0
0
0
0
0
0
0
0
0
0
0
0
0
0
0
0
0
0
0
2
4
0
0
0
0
0
0
0
0
8
2
0
0
10
6
6
0
0
0
0
10
0
11
4
0
3
0
0
0
0
4
0
4
0
0
8
0
10
0
0
4
4
4
0
0
0
0
8
0
4
4
0
0
0
0
0
0
4
0
0
0
25
0
25
0
20
0
45
8
0
16
0
67
52
71
52
13
0
0
25
8
0
0
0
79
78
10
0
0
0
0
0
0
0
0
0
58
10
0
0
0
0
8
0
0
0
10
0
0
0
0
0
8
8
20
0
4
0
4
0
10
17
0
0
6
25
4
16
56
20
20
11
4
20
1
0
20
14
0
0
0
0
0
10
0
10
0
0
0
0
0
0
0
0
0
0
10
0
4
0
4
4
4
14
0
0
0
0
0
0
0
0
12
2
0
0
4
6
25
0
0
0
0
0
0
0
0
0
0
0
0
0
0
6
4
9
0
0
0
0
0
0
0
4
4
0
0
0
4
0
4
0
0
2
0
4
4
20
0
23
0
5
0
4
4
9
13
1
33
63
15
0
0
21
4
0
0
4
22
0
0
8
0
0
0
3
0
7
0
0
20
7
0
20
4
0
36
4
1
18
0
6
13
53
0
0
1
0
1
6
4
6
20
4
0
1
0
15
8
10
1
2
4
1
0
4
0
0
