17
4
1
0
1
39
0
0
17
0
0
5
54
0
10
5
0
15
23
0
0
0
0
0
0
24
19
0
87
3
1
1
17
0
0
0
0
0
0
0
11
0
0
0
5
2
0
0
0
0
0
7
0
0
8
4
0
0
3
1
0
9
134
3
0
8
0
0
20
1
3
9
0
0
0
1
3
2
0
0
0
0
0
0
0
0
0
0
0
0
0
0
0
0
0
0
0
9
0
0
3
0
3
0
0
15
15
16
3
0
2
3
247
9
10
2
0
0
0
0
1
0
6
6
14
0
0
0
0
0
0
0
0
0
0
0
0
0
0
386
0
0
0
0
0
0
0
0
0
0
0
0
0
0
0
0
0
1
0
0
0
0
2
1
0
52
1
0
0
2
6
6
0
6
0
0
0
41
0
0
0
2
2
7
6
0
0
0
0
6
0
21
0
15
30
4
3
4
447
416
20
1
1
0
0
33
0
0
0
107
2
11
80
63
385
0
2
385
20
132
1
1
0
0
0
0
0
0
5
0
0
0
2
5
0
0
16
5
6
0
0
3
2
0
0
0
0
0
0
39
0
0
0
0
0
0
0
0
0
0
0
0
0
0
0
0
0
0
0
0
0
0
0
0
0
0
0
0
0
0
0
0
0
0
0
0
1
0
3
0
0
0
0
0
3
0
1
19
2
0
5
0
3
0
42
0
2
0
0
39
0
2
0
4
0
0
0
0
0
42
10
0
0
0
1
0
3
3
2
0
3
5
1
0
0
0
0
0
2
0
3
2
20
3
0
0
0
5
18
3
0
0
20
0
0
0
0
0
0
0
19
0
0
0
0
0
0
0
0
0
0
0
0
0
0
0
0
0
0
0
0
0
0
0
3
4
0
0
16
0
0
0
16
0
0
0
16
0
2
0
0
0
11
0
6
5
0
0
0
18
23
19
19
1
1
1
20
10
49
22
12
16
15
18
2
0
3
44
39
0
0
1
0
118
0
0
1
1
3
20
12
0
0
12
5
0
2
0
3
11
42
25
3
3
2
0
0
8
2
2
0
0
0
3
1
0
0
5
49
0
1
54
16
0
0
19
2
3
24
0
516
2
0
210
5
1
0
7
0
16
3
6
6
0
2
0
64
473
2
0
13
0
0
8
3
0
0
0
0
3
0
0
42
23
5
72
22
0
0
283
10
14
15
0
57
63
5
34
0
0
0
11
92
1
132
0
184
42
1
10
16
2
0
11
9
1
0
0
0
1
0
0
0
0
0
7
5
15
1
42
7
29
22
0
1
0
40
1
12
67
0
0
1
0
0
0
0
1
50
0
1
0
0
386
0
2
6
0
0
0
4
0
15
43
34
2
47
2
0
0
0
0
0
0
0
0
0
0
16
0
1
0
0
0
0
0
0
1
6
0
1
0
0
0
0
0
0
16
0
0
0
16
0
0
385
391
385
3
0
19
2
0
3
20
0
0
0
2
0
0
0
1
16
0
0
16
0
0
16
0
0
0
0
0
0
0
0
0
0
0
0
0
0
0
0
0
0
0
0
0
0
0
0
0
0
0
0
0
0
0
