1
93
0
0
0
3
1
1
10
0
81
0
18
6
1
81
19
5
0
1
0
99
8
112
0
2
17
1
4
1
22
2
2
7
5
9
81
1
1
1
22
1
9
0
3
0
0
1
2
0
0
204
111
0
0
0
0
99
9
0
81
0
0
3
0
5
10
5
1
23
4
30
9
20
1
20
0
0
11
5
20
31
0
0
0
0
0
9
26
443
0
0
395
5
396
390
385
0
5
1
1
0
19
15
5
27
0
34
1
1
1
9
0
9
1
0
0
0
0
0
0
0
0
0
9
0
0
0
0
10
3
0
0
0
13
1
1
9
6
9
0
1
0
0
0
0
0
0
0
2
1
0
0
1
0
0
0
0
0
6
0
0
0
1
4
6
1
10
15
10
9
0
2
84
20
0
0
0
3
0
4
0
5
0
1
0
0
0
51
6
421
35
20
1
2
20
32
129
1
20
24
35
0
0
0
0
0
43
0
1
11
16
9
1
27
5
0
10
1
0
4
14
0
0
0
0
0
0
1
6
1
20
9
3
0
1
10
0
0
0
0
0
0
84
0
1
0
0
0
0
0
16
0
10
1
10
0
0
6
11
0
0
20
0
0
22
0
0
100
0
8
1
1
3
394
5
0
0
394
407
4
421
18
413
27
12
0
1
0
11
1
9
0
11
15
0
1
0
0
21
402
1
113
0
26
13
113
0
26
87
11
40
385
0
394
64
455
19
12
8
6
9
0
6
206
14
121
0
124
1
6
14
8
23
16
10
209
396
6
12
0
0
210
0
6
79
13
105
11
113
29
10
28
0
10
12
28
0
8
27
39
18
1
13
40
12
22
21
9
13
0
6
288
1
12
94
11
354
0
20
143
0
0
12
