1
430
0
5
0
2
0
0
0
1
0
0
57
2
0
0
1
0
0
0
0
2
8
64
0
60
76
1
0
0
18
0
0
0
76
10
0
37
27
32
9
83
5
16
6
0
17
39
13
19
0
25
4
5
6
6
5
24
28
10
0
0
0
1
25
2
9
385
9
9
9
2
0
388
1
0
0
0
12
1
33
10
0
10
25
22
8
25
0
0
0
10
1
6
1
4
0
0
6
0
0
0
1
20
0
0
1
41
3
0
0
1
1
1
5
1
0
0
0
2
1
1
430
65
7
0
0
0
0
448
30
13
0
0
0
0
2
0
0
0
0
0
0
1
0
0
0
0
0
0
0
0
0
0
0
0
0
0
0
0
0
0
0
0
0
0
0
0
0
1
0
15
1
0
0
1
0
0
2
5
0
0
5
12
1
2
1
1
4
0
0
0
3
0
0
0
0
1
1
4
1
0
0
5
0
0
0
0
4
3
0
0
0
0
1
1
2
0
0
0
0
4
0
0
3
2
0
1
5
5
0
1
0
0
0
0
0
0
1
0
0
0
0
0
0
0
0
0
0
0
0
0
0
1
1
1
3
3
2
5
0
1
3
0
7
4
2
0
5
6
3
8
2
0
26
0
0
0
1
61
1
0
0
0
0
0
0
0
0
0
0
0
0
0
0
0
0
0
0
6
3
0
64
0
1
1
6
2
0
0
1
0
21
2
5
61
6
1
5
2
3
1
2
0
1
11
0
2
0
7
1
4
1
0
0
1
7
425
11
0
0
2
0
2
0
0
2
7
0
0
0
0
0
0
11
8
17
15
8
10
26
5
5
18
6
46
0
29
7
23
4
34
9
154
6
22
0
11
6
8
10
46
0
7
5
8
1
2
12
6
0
135
93
3
5
5
23
1
11
8
20
0
21
0
124
426
6
0
9
11
6
7
11
63
7
12
22
5
14
13
12
1
0
5
14
0
51
61
12
440
7
0
13
2
386
0
26
3
23
0
50
23
16
0
22
8
0
30
16
7
6
5
18
0
0
17
0
0
28
7
22
6
13
0
5
6
7
447
1
412
6
439
0
7
419
0
5
0
435
5
18
412
1
10
1
18
0
1
5
55
10
10
0
0
0
0
0
0
0
1
0
3
0
0
0
0
31
0
17
17
6
0
2
6
0
0
51
2
8
0
10
0
0
0
3
9
0
9
0
0
3
0
3
3
3
4
0
1
0
446
0
11
17
5
5
26
2
25
18
3
0
0
0
0
0
1
0
20
0
0
0
7
1
2
0
0
0
0
0
3
5
16
0
0
0
0
0
0
0
0
0
0
0
0
0
0
15
0
0
0
6
1
0
0
0
1
0
0
0
0
0
0
0
0
0
0
0
0
0
0
0
0
0
0
6
3
