0
0
4
31
0
0
27
0
3
0
3
0
0
0
0
2
0
2
0
0
1
7
10
0
0
25
20
25
0
64
0
0
1
64
0
3
20
0
17
12
85
8
0
1
2
8
0
28
10
112
16
12
0
14
25
74
606
0
0
59
66
3
6
1
0
0
0
6
1
0
7
0
80
64
64
0
0
0
0
0
2
0
0
5
20
0
0
76
2
0
7
2
2
21
0
0
0
0
0
0
0
0
0
0
0
10
0
10
0
66
0
0
0
0
0
0
0
10
0
0
20
2
6
5
0
0
0
0
0
0
0
1
0
74
0
1
1
0
0
0
0
0
0
0
0
0
0
0
0
0
0
1
0
0
0
0
0
64
0
10
0
0
20
6
1
49
0
0
52
25
0
8
0
2
1
65
21
0
5
0
29
0
0
20
2
0
2
15
20
25
0
80
25
5
5
28
54
20
74
0
22
1
22
0
15
1
0
20
8
47
26
20
20
49
20
6
16
0
0
3
0
0
20
3
38
0
25
14
0
3
0
25
25
0
0
0
49
25
0
0
0
25
20
20
5
2
69
21
0
20
27
0
0
0
0
1
0
9
28
7
0
4
7
0
0
0
2
36
2
5
492
0
7
0
4
6
0
0
0
1
0
0
14
0
83
1
6
0
0
25
3
10
22
1
0
0
7
0
118
1
10
10
10
4
8
12
64
455
25
0
33
4
1
0
0
0
0
8
0
0
16
0
0
11
5
6
43
0
36
5
11
0
22
6
0
6
0
22
10
6
0
21
42
13
3
16
13
115
405
0
0
114
426
0
0
8
0
5
7
3
12
6
36
8
0
11
6
1
0
16
12
0
0
2
5
7
7
0
0
0
0
0
1
7
6
13
7
0
1
7
1
0
385
13
0
2
10
19
5
0
6
16
17
0
6
22
0
50
5
16
0
0
17
0
0
17
105
6
1
5
23
0
7
22
29
0
7
10
129
18
0
3
5
