15
9
0
25
25
35
25
21
15
15
34
28
106
1
15
12
10
10
0
19
29
10
17
34
25
4
0
10
25
20
15
0
37
0
15
20
21
0
1
1
0
38
0
12
0
0
7
4
6
6
15
15
0
5
40
81
0
31
12
5
0
15
26
0
0
0
2
0
15
2
12
15
21
77
0
1
81
5
81
2
0
22
20
15
0
15
5
0
1
8
0
3
1
26
16
36
1
36
0
11
1
1
11
0
0
0
0
0
9
0
15
25
0
0
27
1
20
35
0
20
20
15
17
1
7
105
0
16
4
2
21
1
52
0
37
0
0
0
33
20
0
0
33
0
0
9
1
17
1
10
10
1
16
0
0
21
0
21
0
37
1
0
3
21
2
3
3
0
0
33
0
33
20
0
0
0
0
0
0
0
0
0
0
0
0
0
0
1
20
3
0
34
9
29
33
1
23
0
20
3
0
21
36
53
11
55
1
2
33
33
0
0
0
0
0
0
0
0
0
20
45
0
20
15
3
10
0
21
20
13
0
0
0
0
0
0
0
0
0
0
20
0
0
48
20
20
36
7
3
9
0
0
33
0
0
0
0
0
0
5
26
0
0
33
0
26
23
0
15
45
4
41
11
10
13
1
36
16
0
25
69
15
27
0
15
15
0
0
0
20
0
21
0
0
15
16
0
1
0
0
15
0
0
1
27
0
0
10
20
47
15
20
0
26
15
15
0
15
25
26
65
2
2
69
0
32
24
0
6
1
5
41
20
15
37
20
22
6
16
11
14
23
20
202
0
17
6
1
317
1
22
16
14
6
15
20
7
18
21
8
5
2
88
27
28
15
22
5
6
16
1
18
0
399
6
23
17
17
28
13
216
17
28
7
0
11
35
9
5
1
0
20
28
18
12
17
15
5
22
28
18
1
17
21
0
0
0
20
19
11
21
6
6
0
22
0
6
0
22
2
34
20
6
0
33
0
36
1
82
15
3
3
3
0
0
1
15
16
0
20
0
33
6
0
0
3
35
15
20
0
0
1
0
0
20
2
23
20
12
0
0
0
15
23
0
0
15
17
0
21
0
0
0
0
0
0
0
0
0
0
0
0
0
0
0
0
0
46
11
10
16
25
2
0
0
9
1
6
1
0
0
0
33
20
0
0
33
0
6
10
0
0
0
0
0
0
0
0
48
1
0
33
0
0
0
0
0
0
0
0
0
0
2
1
0
0
1
35
3
0
0
0
0
1
29
0
5
0
4
0
0
0
0
33
20
0
0
0
33
9
0
0
33
24
4
0
33
0
5
15
15
0
9
1
1
35
35
1
0
10
15
5
0
0
15
30
29
11
11
10
8
0
