1
131
0
0
0
123
0
0
1
2
0
21
9
9
14
0
20
3
0
0
0
44
0
26
0
13
3
4
3
123
2
6
0
0
5
20
1
2
0
38
1
0
0
0
0
0
1
0
0
0
0
1
0
0
24
9
9
9
9
5
0
20
0
0
20
29
0
2
0
229
0
2
2
1
20
54
3
10
0
0
0
0
1
13
0
2
0
139
23
33
82
0
10
10
0
0
78
0
0
0
0
0
0
0
0
0
0
0
0
1
45
0
1
11
2
0
9
0
2
11
17
10
3
0
0
0
0
0
0
4
49
59
1
0
0
1
41
0
0
0
6
1
0
0
10
0
0
19
0
0
0
9
10
9
9
0
23
10
18
9
0
1
3
0
0
10
0
0
0
0
0
0
2
0
1
0
0
0
27
0
0
12
9
10
0
0
0
0
0
9
0
0
2
27
0
0
9
1
1
27
0
0
0
0
0
0
0
0
0
1
0
20
0
0
0
22
22
1
0
0
0
0
20
0
60
0
0
2
0
0
0
0
0
0
0
9
3
2
0
0
0
0
0
5
0
3
61
1
0
1
21
1
0
0
0
0
9
57
0
0
0
0
0
0
0
0
9
0
466
61
0
0
2
0
0
9
0
10
0
1
0
0
0
0
0
0
0
9
10
0
2
1
14
3
0
0
4
463
22
2
0
1
0
0
9
0
1
0
0
0
0
0
0
9
3
0
0
0
4
0
0
0
0
1
5
0
0
0
3
1
1
0
20
0
0
20
5
0
0
4
1
3
0
1
14
25
111
1
0
10
5
64
455
0
1
0
0
0
1
0
1
23
29
5
1
3
0
2
1
4
4
50
143
5
6
5
0
225
11
86
0
15
95
54
4
0
6
12
1
2
48
0
0
0
510
1
20
10
33
13
1
20
4
156
9
69
13
105
1
46
2
14
20
21
20
0
1
1
1
22
399
0
15
6
0
1
128
49
121
1
31
9
0
9
0
23
19
6
29
17
0
0
0
0
0
48
0
28
27
1
0
14
1
10
3
10
30
0
10
3
1
1
