59
0
0
0
4
0
0
0
0
20
33
0
0
5
0
20
27
33
8
99
33
9
32
6
3
101
1
2
32
3
0
0
0
2
0
0
1
20
1
0
20
0
1
45
0
39
33
1
9
5
10
0
0
0
26
6
0
20
25
6
1
20
0
16
8
0
0
2
0
0
0
0
0
0
0
7
1
0
0
0
0
0
0
0
1
23
30
2
0
0
0
0
30
9
0
0
0
0
0
16
8
0
1
0
0
0
0
0
27
1
0
27
5
0
32
2
0
0
0
0
0
0
0
0
1
1
9
1
1
0
0
0
0
0
0
6
20
0
0
0
0
0
1
9
20
27
0
0
0
0
0
0
0
0
0
0
0
0
0
0
0
0
0
0
0
0
28
0
1
0
0
3
1
0
34
0
15
0
12
0
1
0
0
0
0
0
0
22
1
0
6
0
0
0
488
0
0
0
0
0
0
0
0
0
71
0
38
0
9
21
99
5
0
0
34
87
23
681
425
20
25
0
0
0
0
0
0
32
1
107
51
6
0
425
7
0
6
0
0
6
0
0
0
0
0
2
1
32
62
2
44
21
20
10
0
1
0
0
2
1
2
0
0
0
0
10
0
0
0
2
2
117
33
8
0
52
110
33
9
0
76
61
24
1
0
0
0
1
0
20
0
0
32
0
6
5
1
9
0
0
77
3
13
43
4
14
8
12
43
10
5
5
9
5
7
0
0
0
10
25
9
27
6
16
9
20
4
0
5
13
0
7
33
2
12
21
15
1
6
5
12
0
3
13
129
6
7
71
0
1
223
6
14
6
0
1
12
10
9
24
241
21
4
232
15
7
33
1
11
51
30
15
0
0
64
11
12
1
58
63
6
32
5
11
90
0
6
247
1
13
96
0
0
0
0
0
5
5
1
0
1
0
3
5
5
2
8
