24
26
29
0
408
0
4
0
64
19
1
0
450
12
37
12
7
15
24
25
66
24
36
0
0
34
78
0
26
10
7
21
24
10
6
22
3
16
2
6
29
3
37
231
6
5
3
1
0
0
99
18
50
0
6
0
386
4
6
0
0
0
0
0
0
0
0
0
0
1
2
1
2
6
1
16
7
0
23
117
32
0
0
11
0
0
117
1
0
0
2
1
3
0
0
10
19
6
6
1
517
0
2
34
385
0
0
0
0
60
7
2
97
10
7
0
3
19
8
20
0
21
6
0
0
0
0
0
5
38
29
1
1
5
0
1
3
0
0
2
20
5
0
2
0
60
60
60
60
0
0
0
0
0
0
0
0
0
0
0
0
0
0
0
0
0
0
0
0
0
0
0
0
0
0
0
0
0
0
0
0
0
0
0
0
0
0
0
0
0
0
0
0
0
0
0
0
24
20
1
1
1
3
0
0
0
2
11
3
14
0
2
102
3
3
2
1
7
6
0
525
0
13
6
0
0
55
71
4
57
0
0
1
56
59
391
0
0
1
0
71
7
0
0
0
0
0
0
0
0
0
0
0
0
0
0
0
0
0
41
5
0
72
3
13
10
11
0
0
0
0
0
0
11
1
22
1
0
0
7
0
0
0
0
0
17
9
0
1
4
1
84
8
1
5
467
56
3
2
49
49
23
235
3
21
123
661
2
1
0
0
0
0
0
386
0
0
6
387
2
385
2
8
3
0
0
0
0
0
0
1
0
0
61
2
6
454
73
57
21
2
5
51
26
0
0
22
0
0
0
19
1
9
0
21
12
14
0
13
6
9
26
31
1
0
6
518
0
0
2
0
5
222
0
218
1
21
14
8
12
14
7
41
7
5
70
455
23
16
20
23
2
12
5
13
0
8
19
12
5
10
2
5
7
16
1
6
6
0
1
99
0
72
12
5
8
1
18
392
14
4
15
1
9
15
11
148
5
5
12
16
7
62
0
15
12
107
0
6
43
10
16
10
20
7
6
4
0
11
6
8
407
6
15
0
11
1
19
91
5
10
8
1
1
20
0
12
7
6
0
69
6
21
0
5
267
12
11
14
0
65
0
7
16
5
0
0
0
76
406
41
6
5
91
6
13
54
3
0
6
1
5
3
19
391
14
6
99
42
1
10
8
13
12
21
7
10
1
6
65
5
10
28
20
6
5
6
5
33
7
6
12
1
0
168
1
6
132
5
0
150
6
6
23
7
11
36
16
1
391
10
7
0
391
7
1
0
8
6
280
19
1
6
9
385
2
6
129
2
10
14
1
26
5
1
137
253
0
22
104
387
92
23
23
28
0
7
385
0
417
63
9
449
0
1
1
1
3
0
18
26
0
0
0
0
1
0
1
1
0
4
12
0
0
1
0
67
12
0
0
0
0
0
0
0
29
19
14
391
0
61
9
6
11
0
0
0
0
0
0
0
0
0
0
0
0
0
0
0
0
6
6
32
423
10
1
0
0
0
0
0
0
0
1
4
4
0
0
0
0
0
0
58
51
1
16
25
0
0
0
0
0
0
0
0
15
0
0
0
0
0
0
0
0
0
0
0
3
34
0
16
1
0
0
83
