19
37
0
9
5
0
14
2
26
8
62
0
15
10
0
9
0
6
16
0
35
0
17
76
13
26
0
23
436
0
25
0
0
0
5
0
0
0
6
0
0
0
0
28
9
0
243
129
0
0
0
0
0
170
0
16
27
0
0
0
129
14
0
0
0
0
0
20
0
1
134
129
0
0
0
0
0
5
0
17
0
0
0
0
0
0
0
0
0
0
0
0
0
26
14
140
0
0
0
26
129
0
0
166
62
68
0
0
3
0
0
0
0
0
0
0
0
5
0
0
0
0
0
0
0
0
0
9
0
0
0
1
0
0
10
8
0
0
0
0
0
0
0
0
11
0
0
0
0
0
0
49
0
0
0
0
0
0
25
54
0
0
0
0
0
0
0
0
0
0
0
0
0
0
0
0
0
0
0
0
0
0
0
0
0
0
0
0
0
0
0
0
0
0
6
15
13
76
24
0
3
0
0
0
27
0
0
0
20
0
1
0
1
0
0
0
0
0
0
0
0
0
6
0
0
0
0
0
0
0
0
0
0
0
0
0
0
9
32
0
6
117
6
0
0
0
11
34
0
30
2
10
176
0
0
0
0
0
0
54
0
0
0
0
28
0
0
68
103
89
0
11
0
31
21
32
0
0
64
12
0
0
6
0
0
0
13
12
9
64
0
60
73
0
0
484
9
10
0
37
28
18
0
0
29
468
0
0
0
0
18
13
0
0
0
0
0
0
0
0
0
0
0
1
1
0
0
0
0
0
433
0
466
1
471
50
456
267
15
9
0
13
0
0
6
6
5
9
0
34
6
5
23
2
6
0
6
0
6
0
0
21
407
4
16
7
105
6
13
7
98
0
98
0
1
96
5
12
6
13
6
28
6
77
6
21
209
87
6
17
2
17
1
25
15
5
9
5
10
9
15
5
0
57
6
11
41
7
0
41
9
10
20
37
122
0
2
223
0
5
5
120
0
425
42
105
5
5
67
0
24
97
0
66
0
103
0
32
0
23
7
78
18
6
37
9
0
6
10
1
129
32
16
17
6
1
170
2
5
43
32
0
94
20
6
54
22
171
8
14
217
11
6
0
