63
30
0
64
71
133
0
193
64
5
4
12
5
17
431
101
18
7
4
7
1
20
44
65
65
27
0
537
2
20
0
0
0
0
0
0
0
0
0
0
22
81
12
1
0
1
2
140
3
4
0
30
1
0
2
77
64
0
79
78
64
63
63
7
22
4
8
9
0
0
0
0
0
0
0
0
7
0
10
12
7
0
0
8
0
3
452
0
0
0
0
0
0
0
0
431
425
0
3
2
0
4
433
0
10
0
0
436
31
64
2
0
64
20
64
6
33
63
15
15
2
90
25
27
33
67
69
65
16
21
153
64
0
0
118
0
33
0
0
0
0
0
0
0
0
0
0
0
0
0
0
0
0
0
0
0
0
0
0
0
11
33
90
0
33
0
0
0
0
63
0
0
0
63
0
0
0
0
0
0
0
0
0
0
0
0
0
0
0
0
0
0
0
0
0
0
0
0
0
0
0
0
0
0
0
0
0
0
0
0
0
0
11
20
110
5
6
30
63
1
431
26
439
63
0
33
0
0
0
0
0
0
0
0
0
0
131
37
1
488
3
495
452
1
71
1
15
71
87
397
67
0
0
143
0
0
0
0
0
1
1
1
1
1
63
0
0
0
0
0
0
0
0
0
0
0
0
0
0
0
0
0
0
0
0
433
0
92
0
20
10
0
6
2
11
107
0
33
1
5
1
0
102
201
9
1
0
16
27
75
0
15
0
72
49
213
61
7
63
16
52
67
63
2
2
14
0
561
69
9
0
8
20
0
6
0
12
15
1
0
0
1
22
23
22
6
0
0
1
1
10
0
3
0
9
63
7
64
46
13
70
19
1
6
2
25
5
41
73
9
9
9
64
449
121
3
13
1
22
12
0
65
0
0
2
64
7
5
58
0
1
1
2
1
3
0
6
0
18
3
6
21
6
11
0
1
63
387
45
64
6
17
65
1
22
0
1
387
0
0
390
1
0
0
4
25
385
26
6
1
0
4
3
63
8
21
17
4
27
16
114
426
0
0
387
2
8
21
2
0
8
10
18
43
0
0
12
0
0
1
15
21
124
5
31
58
10
2
0
0
0
10
63
38
1
0
1
77
5
0
11
385
6
1
0
1
3
118
2
4
386
3
5
0
5
0
13
4
0
19
445
60
1
6
0
4
81
391
6
1
1
113
0
79
12
13
1
0
63
7
385
7
0
36
9
200
0
15
17
123
0
9
13
3
21
7
20
10
556
64
92
0
88
22
7
41
1
184
37
7
6
63
92
10
69
1
18
0
33
0
0
0
0
63
0
0
0
0
0
0
0
0
0
0
0
0
0
0
0
0
0
0
0
0
0
0
0
0
0
0
0
0
0
0
11
33
22
20
53
1
0
21
425
0
0
426
18
98
0
0
33
0
0
0
63
0
0
0
63
0
0
0
0
0
0
0
0
0
0
0
0
0
0
0
0
0
0
0
0
0
0
0
0
0
0
0
0
0
0
0
0
0
0
0
0
0
0
0
0
0
0
0
0
33
0
0
0
33
0
0
0
0
0
0
0
0
0
0
0
0
0
0
0
0
0
0
0
33
0
0
0
33
0
0
0
11
33
0
0
33
0
0
0
11
526
3
14
0
426
489
447
0
1
120
69
96
490
0
425
525
20
23
607
