0
0
0
38
1
10
0
0
0
4
1
9
0
7
53
0
0
2
0
39
0
391
0
129
0
25
21
431
1
13
13
0
0
44
0
2
0
0
0
0
0
0
0
0
3
31
0
5
1
17
39
0
2
5
0
20
5
2
0
0
40
0
430
430
2
2
12
425
60
15
132
129
21
5
50
0
0
0
0
457
0
10
14
0
2
35
0
0
437
0
11
5
5
425
0
426
8
20
425
129
0
2
0
71
85
0
63
0
545
72
0
59
0
0
490
2
31
16
5
0
426
16
50
0
11
0
0
0
0
46
65
79
69
10
2
74
5
0
488
0
0
20
0
20
0
8
0
38
129
66
451
64
1
0
421
0
9
10
17
21
24
17
153
83
0
0
49
88
130
49
435
0
390
390
5
425
83
17
0
0
451
1
0
33
18
0
577
0
0
12
30
49
0
425
5
0
12
1
5
4
445
451
33
18
0
529
0
0
425
425
387
0
0
0
0
0
5
0
0
5
6
68
63
0
196
0
63
18
0
2
0
2
0
0
0
0
2
9
0
0
6
1
0
3
21
7
0
7
39
0
43
2
1
0
0
32
58
50
55
6
0
0
45
0
0
52
54
0
0
425
10
1
0
0
0
0
0
0
4
1
0
43
1
37
0
19
65
41
68
64
455
5
0
5
6
5
2
0
4
2
8
0
1
3
0
10
9
150
31
6
0
7
15
3
0
39
11
66
2
115
426
5
0
33
13
2
0
4
20
87
3
5
39
15
29
9
56
0
0
6
2
44
6
56
10
8
22
42
2
0
0
7
5
0
1
0
0
0
0
0
0
0
1
57
0
0
0
6
10
0
0
0
