0
0
254
0
1
2
0
5
7
2
0
0
12
0
1
6
206
0
0
0
4
13
0
0
0
0
0
0
0
0
0
13
24
11
1
1
0
0
17
20
0
16
0
0
0
0
0
0
0
2
1
1
0
59
0
3
4
0
3
0
1
0
0
6
0
7
0
7
2
0
7
76
0
0
0
0
1
0
0
6
2
2
2
0
1
10
3
0
1
0
88
1
0
1
1
0
1
3
1
0
0
0
2
3
0
1
2
0
1
0
0
0
2
11
0
0
5
4
0
5
6
0
10
1
102
11
1
7
1
0
0
4
0
0
1
0
0
0
0
6
0
0
0
5
2
392
0
2
0
0
1
1
5
6
0
0
0
0
0
1
0
3
0
5
5
0
4
0
0
1
0
1
0
0
0
1
2
2
1
0
0
0
1
10
0
2
0
110
45
0
5
0
20
5
7
7
9
0
8
21
0
0
5
3
3
1
0
0
0
0
0
125
33
0
20
0
0
0
5
0
0
26
0
29
9
0
0
0
66
7
3
0
64
79
0
0
0
20
0
0
0
0
0
0
0
0
0
15
0
7
0
5
0
3
0
0
0
5
12
7
10
0
20
5
7
2
0
1
1
0
5
15
0
5
25
2
0
20
0
15
0
0
0
0
0
0
1
0
1
2
0
0
0
0
23
0
7
7
0
6
25
0
162
0
0
1
0
120
5
26
9
0
11
1
3
2
0
419
27
0
6
15
1
47
0
2
90
0
0
22
0
15
124
0
8
7
21
4
7
5
2
21
81
0
5
9
0
0
17
13
17
2
49
6
14
2
2
5
8
6
1
0
1
0
0
408
15
110
21
4
5
122
0
83
69
18
5
119
25
301
15
296
27
24
2
158
4
44
26
113
0
0
1
0
2
14
6
4
0
11
20
34
76
118
20
4
2
3
5
117
4
13
7
0
0
64
2
0
0
2
0
0
0
11
70
261
36
0
0
0
0
29
20
5
0
5
1
0
3
16
0
12
0
0
12
0
0
0
0
0
0
0
0
18
0
15
0
22
22
22
0
0
0
8
0
10
8
8
8
8
8
8
0
0
0
0
0
15
0
3
14
