14
19
0
0
0
7
15
1
0
35
5
10
0
15
296
8
48
1
16
16
3
7
0
20
15
1
11
18
37
54
0
1
1
15
0
1
37
0
0
0
21
15
36
1
31
0
0
0
11
0
13
31
16
1
1
0
0
0
10
0
0
0
0
0
1
14
14
11
0
40
6
1
1
24
542
0
0
0
430
0
0
0
24
416
6
0
0
10
0
0
1
35
0
1
2
1
7
25
1
1
1
0
0
1
24
1
0
0
0
2
17
0
0
0
0
0
0
0
1
0
18
0
23
15
0
0
0
0
0
0
0
0
0
0
18
18
19
0
0
139
4
0
0
0
0
0
22
0
27
0
16
0
1
3
20
22
1
2
0
553
0
34
0
555
2
0
546
20
15
0
20
1
14
544
3
27
401
20
550
629
686
0
390
520
0
402
0
14
0
0
5
36
26
30
20
0
0
21
0
20
20
4
2
0
9
0
34
14
7
22
2
17
14
0
20
15
1
18
12
6
2
0
128
238
4
58
0
158
14
15
1
15
1
35
0
1
21
0
1
30
0
7
4
8
14
0
4
6
0
22
63
114
26
60
5
8
0
20
0
29
8
143
8
125
8
18
0
5
33
42
29
9
9
1
18
2
8
17
19
0
6
20
0
1
24
0
6
36
0
18
0
8
90
22
105
15
105
11
12
13
56
0
19
5
31
8
17
8
31
16
20
9
32
85
12
6
23
0
8
34
21
45
0
5
28
19
32
4
33
0
4
24
7
7
37
0
108
7
3
15
39
0
122
0
0
123
0
0
15
7
146
8
106
4
42
0
72
8
173
8
126
6
180
14
128
0
0
0
90
37
358
0
20
0
