49
264
0
51
39
39
0
39
1
39
0
39
40
53
39
39
44
39
39
0
43
76
52
41
41
44
17
39
45
39
0
59
0
0
39
45
20
61
4
0
75
0
0
0
3
5
49
0
14
60
0
4
0
1
40
57
178
44
48
39
0
44
45
40
39
0
43
39
39
5
54
0
63
69
44
0
0
45
0
20
4
47
44
6
1
5
5
0
0
0
0
0
0
0
0
0
5
54
3
49
0
39
45
39
43
46
39
0
4
39
39
39
7
49
39
46
39
30
39
56
0
6
0
0
0
0
0
0
13
10
50
42
17
17
2
0
3
0
2
0
0
0
0
0
0
0
10
0
0
0
0
0
0
20
39
0
0
0
0
0
0
0
0
0
60
49
0
0
42
0
0
0
0
0
34
0
49
0
0
0
0
0
0
0
0
0
0
0
0
0
0
1
0
5
0
15
0
70
2
1
0
0
3
43
0
20
75
39
20
0
59
40
20
50
20
39
32
39
49
14
0
0
43
49
39
48
39
59
59
41
0
44
59
0
0
49
0
0
0
20
0
0
0
0
0
0
0
0
0
49
59
58
39
0
0
0
0
0
49
0
0
0
0
0
0
0
0
42
19
0
0
67
49
39
60
39
39
64
40
39
49
50
60
39
0
26
52
85
9
22
20
24
1
0
0
0
0
0
0
59
32
40
20
0
6
37
0
1
1
0
39
39
39
39
44
0
7
41
21
0
0
2
39
5
5
14
39
9
1
1
47
13
0
15
39
14
8
0
0
6
8
44
2
50
173
0
16
9
8
0
9
54
12
39
153
54
221
60
164
39
40
39
11
39
147
21
11
7
28
54
16
5
269
49
131
0
16
1
0
2
1
6
0
11
0
11
80
133
0
324
45
41
50
0
