1
8
0
0
5
21
22
0
0
1
17
28
0
0
0
1
6
4
5
11
2
0
1
17
0
22
0
25
0
225
0
22
0
6
3
0
39
19
29
0
0
0
0
3
0
198
0
26
20
45
0
0
0
1
0
0
0
0
0
28
0
0
0
0
0
5
0
0
0
0
0
1
3
0
0
0
0
0
0
0
0
0
2
0
0
4
0
1
0
0
8
2
0
66
0
5
2
463
16
6
1
1
40
0
1
9
7
1
0
0
0
3
1
0
0
0
0
3
0
6
0
0
0
0
0
0
0
0
0
0
0
0
21
2
17
1
0
0
5
0
0
2
0
0
0
0
0
0
0
0
0
0
0
0
0
0
0
0
0
0
0
0
4
20
0
0
20
9
0
0
0
0
0
29
9
20
13
0
0
0
0
0
0
39
59
0
15
0
116
136
253
133
136
117
27
28
0
6
0
0
0
0
0
20
9
0
10
0
20
0
3
0
6
15
15
12
39
0
0
0
0
0
0
2
2
0
0
0
0
0
0
0
2
2
67
0
69
0
1
39
63
0
27
47
0
4
21
32
1
22
2
54
1
25
12
24
48
26
17
7
0
0
0
116
138
146
29
182
0
0
20
20
0
126
0
0
39
0
0
0
0
3
116
20
126
0
6
126
0
1
0
11
35
11
126
0
0
0
0
126
0
24
24
24
0
0
0
0
0
0
0
0
0
0
0
0
0
0
0
0
0
0
0
0
0
20
0
11
0
0
0
20
0
0
0
0
0
0
0
126
0
137
0
0
0
5
1
0
0
0
0
4
12
0
0
0
7
0
0
1
2
21
0
22
0
1
1
1
26
18
0
13
39
14
1
6
0
40
1
14
1
16
5
206
1
6
2
30
13
0
392
1
2
6
8
0
13
116
12
0
40
116
39
5
20
5
33
1
20
0
8
6
4
20
14
5
0
0
21
5
18
0
21
1
15
1
11
390
14
48
9
0
158
6
142
0
15
107
0
0
25
9
5
