0
0
30
10
0
21
3
41
0
20
12
0
5
0
91
0
5
168
0
0
0
40
27
38
10
20
1
57
0
22
63
0
20
0
50
1
1
0
0
0
0
0
0
0
0
0
4
0
2
0
7
24
4
1
0
22
0
0
0
0
7
25
69
20
0
0
0
0
0
0
0
129
0
0
0
0
0
0
432
135
0
0
0
0
0
0
0
0
0
12
0
12
0
0
0
0
0
0
0
0
79
0
0
27
0
0
0
0
0
0
0
0
0
5
0
17
11
54
9
1
6
0
0
0
0
0
0
0
0
0
0
0
11
0
0
0
0
0
0
0
0
0
0
49
7
0
6
0
0
0
0
0
0
0
11
0
0
0
0
0
0
0
0
0
0
0
0
0
0
4
20
0
25
0
50
5
0
0
0
11
10
1
11
20
0
0
0
26
40
22
66
0
2
21
0
0
20
0
0
0
0
0
0
0
0
0
0
0
0
1
0
0
0
20
20
0
0
0
20
0
30
20
0
20
20
35
6
0
0
0
0
0
0
0
0
0
6
0
0
0
0
20
17
41
5
108
0
676
25
23
27
395
15
25
64
20
1
0
3
83
28
21
20
21
20
0
0
0
0
0
0
6
0
0
0
0
0
0
0
0
0
0
0
0
0
0
0
0
0
0
0
6
1
0
0
12
5
0
20
0
30
20
1
25
20
30
2
27
0
20
20
9
0
0
0
0
0
0
0
0
0
0
0
0
0
0
0
0
0
0
0
20
10
0
0
12
20
0
0
23
20
0
20
24
0
23
0
7
20
0
0
0
0
0
24
0
117
28
25
62
20
0
7
102
21
50
1
20
0
0
23
23
49
0
0
6
0
0
0
4
0
30
1
0
5
13
11
8
25
6
2
0
168
6
90
10
22
0
67
1
406
1
19
13
127
6
5
385
122
6
5
385
3
4
9
0
24
20
30
0
6
16
86
0
389
8
129
10
0
14
0
5
0
1
16
84
0
0
139
0
0
11
6
0
0
49
0
385
9
8
17
0
13
0
1
29
49
5
239
21
6
24
64
0
13
0
12
7
0
22
15
85
7
0
15
6
17
6
9
0
32
58
12
22
0
12
127
1
146
0
66
2
15
35
5
212
1
6
18
13
20
21
33
18
39
0
5
3
21
4
1
2
1
20
1
12
20
5
0
10
5
6
7
15
12
36
0
435
0
2
5
208
5
11
21
6
7
0
12
130
21
49
85
79
20
7
6
0
0
0
0
0
0
0
0
0
479
0
0
0
0
0
0
0
0
10
37
41
5
0
0
20
115
450
486
