0
90
0
7
0
27
0
0
0
2
0
0
450
12
6
0
0
0
0
0
0
0
0
0
3
0
1
0
0
0
0
0
0
105
5
7
0
0
5
411
21
25
28
0
7
16
2
0
9
0
1
7
180
39
164
64
0
63
11
117
23
13
10
0
0
20
0
9
81
9
10
0
449
0
420
0
0
10
6
10
77
10
0
0
0
0
1
0
1
26
0
1
10
8
1
10
0
0
0
1
0
0
0
0
0
0
0
0
1
0
0
32
0
0
0
0
0
0
0
0
10
10
481
0
20
0
0
0
0
0
0
0
0
0
0
36
1
0
0
0
1
0
1
0
0
0
0
0
0
0
5
9
0
0
8
9
3
5
0
0
0
5
0
0
0
0
0
0
11
20
0
0
0
0
0
0
6
0
6
5
1
0
0
0
0
0
3
0
1
26
48
1
25
5
16
65
3
17
23
468
389
386
0
385
14
0
1
1
9
0
0
0
0
0
0
0
0
0
0
0
423
0
0
0
0
0
0
385
12
1
0
61
68
90
10
0
0
0
0
0
0
0
0
0
0
0
0
0
0
0
0
0
0
0
0
0
9
0
0
0
0
0
0
3
0
0
1
1
2
4
0
21
0
0
0
10
1
1
6
14
1
13
0
0
0
0
1
1
1
0
0
0
9
0
6
92
5
6
65
0
0
0
0
42
5
0
0
1
4
2
64
6
8
27
0
2
0
6
0
1
1
24
90
0
3
6
72
449
1
0
119
4
7
54
0
0
4
0
1
0
1
12
22
6
6
152
0
0
59
5
6
5
28
15
9
4
10
2
4
0
2
0
5
146
7
7
9
5
1
6
0
388
64
8
119
1
89
14
6
24
1
1
17
1
8
5
1
0
4
5
19
7
105
0
0
106
0
0
16
0
6
20
12
6
23
2
5
1
216
20
0
29
1
11
86
10
137
35
7
17
0
0
13
14
0
0
0
0
0
9
0
7
0
0
0
0
0
0
121
0
