5
84
0
0
6
0
76
76
0
22
7
6
6
5
0
20
0
0
0
0
20
12
18
30
21
24
44
0
18
0
0
0
5
0
0
5
29
117
10
80
0
5
5
64
27
0
5
5
7
5
21
21
0
73
5
5
102
117
15
6
0
35
117
0
100
0
0
0
0
5
15
0
5
1
25
22
0
5
0
0
0
0
21
0
11
10
0
10
0
0
0
0
0
0
0
0
0
0
0
0
10
11
16
0
0
0
0
0
0
0
10
0
0
0
0
0
0
3
0
0
0
0
0
0
0
0
0
0
8
0
0
0
64
0
20
0
43
15
5
0
0
117
0
0
0
0
0
181
0
15
117
5
0
0
0
0
0
0
0
0
0
11
0
0
7
1
84
65
64
0
0
0
74
74
0
0
1
25
6
1
1
27
2
16
21
1
0
9
2
1
76
1
0
35
6
9
5
87
34
52
67
16
0
1
6
25
0
0
65
72
6
5
46
72
0
6
70
5
0
5
0
5
1
0
0
15
5
0
64
1
0
0
0
0
0
0
0
0
0
0
0
0
1
1
1
0
0
8
6
0
0
0
38
0
5
5
5
1
23
0
5
0
0
0
0
0
0
0
0
10
5
10
15
0
0
1
0
0
0
0
0
0
0
0
0
0
0
0
0
0
0
0
15
0
0
0
0
0
12
10
0
0
0
0
0
0
15
0
0
1
10
0
0
15
0
0
0
0
0
0
0
0
0
0
0
0
8
3
3
25
0
64
3
0
25
40
5
20
2
1
5
0
0
14
0
1
389
0
0
419
27
103
6
13
23
15
0
121
11
6
4
7
5
92
7
6
2
3
16
405
18
26
2
36
5
118
27
1
33
5
8
3
0
4
0
5
6
14
15
8
54
6
13
0
16
88
0
10
34
5
8
25
34
21
15
0
1
17
7
33
13
39
6
1
75
24
136
20
124
21
1
1
9
5
91
26
5
20
296
5
214
10
31
2
10
80
5
8
16
6
83
25
8
66
20
13
127
0
6
0
163
0
1
313
6
0
