1
6
0
12
4
5
1
1
1
0
6
87
24
5
0
2
0
2
0
11
0
4
0
6
0
71
20
0
18
1
10
66
3
5
0
5
0
1
4
0
0
0
5
55
12
74
6
49
64
49
0
1
0
0
69
0
0
12
0
82
1
65
49
0
0
0
0
0
0
0
64
0
1
64
55
0
0
0
0
0
0
64
20
0
1
0
0
0
0
0
0
0
0
0
0
0
0
1
1
65
77
0
0
0
0
0
0
0
0
0
0
0
1
0
0
1
0
0
0
0
0
0
0
0
0
0
0
0
0
0
0
0
0
0
0
0
11
0
0
0
0
0
1
0
2
0
0
0
0
0
0
20
0
0
0
5
0
0
1
0
0
0
0
0
0
0
0
0
1
0
0
0
0
51
0
0
0
0
0
0
0
0
0
0
0
5
0
0
0
0
4
0
23
2
0
11
4
6
0
23
10
1
69
0
70
5
14
3
20
61
0
11
10
3
0
64
64
32
10
0
12
12
0
0
0
64
0
0
0
64
0
0
0
0
0
0
3
15
0
64
0
64
0
0
20
0
0
0
64
0
0
0
5
23
0
14
21
49
0
0
20
0
0
0
0
0
0
0
0
0
0
0
0
0
0
0
0
0
0
0
0
0
20
0
0
0
20
0
0
0
0
58
2
0
0
0
0
0
2
73
9
6
387
29
0
0
125
2
49
24
0
160
0
23
0
0
0
0
117
0
0
20
85
11
0
0
1
1
0
0
0
1
0
0
0
10
21
7
0
0
0
0
0
0
1
0
1
0
0
0
0
0
409
21
1
22
20
0
0
61
46
1
6
6
0
0
1
0
3
0
3
0
0
5
4
1
10
0
1
0
13
0
0
0
18
1
117
0
0
0
15
0
21
0
1
6
21
0
9
1
13
0
16
8
1
14
4
0
3
2
0
2
2
0
93
83
75
20
1
151
0
7
19
0
0
0
20
15
0
33
13
1
13
0
15
0
0
6
0
2
0
5
0
0
2
0
0
1
12
0
103
76
7
35
9
5
0
0
6
10
1
0
0
211
0
0
280
0
136
6
0
157
64
0
52
16
0
6
