7
193
0
22
7
34
1
22
32
2
43
2
0
12
14
9
1
24
1
21
0
1
42
5
3
0
32
1
0
44
180
35
17
9
15
16
99
22
0
23
0
36
15
27
0
24
15
7
8
7
0
0
0
0
13
33
9
0
0
1
22
0
8
0
0
0
0
0
0
0
0
6
4
0
1
0
0
0
0
0
0
0
1
1
0
15
25
19
10
21
2
21
4
7
0
2
17
23
9
0
0
0
0
0
0
0
0
8
2
34
4
32
16
50
0
21
0
0
0
2
16
14
19
36
10
16
10
20
2
25
17
0
78
8
4
47
35
31
9
0
1
0
14
0
0
0
0
0
0
0
0
0
0
0
0
0
22
386
0
0
0
0
0
0
0
0
0
0
0
0
36
0
438
16
5
0
0
0
0
0
0
0
0
0
0
0
22
36
20
20
0
0
0
0
0
0
0
0
0
0
0
0
9
2
0
56
16
0
15
42
37
3
1
0
0
0
0
0
0
0
0
0
0
0
0
0
22
1
36
0
59
22
16
0
0
0
0
0
20
20
16
0
0
15
0
0
0
0
0
0
0
0
0
0
0
0
0
0
0
0
0
0
0
0
3
1
1
18
1
16
15
18
1
0
0
41
0
6
22
6
47
16
29
16
0
3
0
6
20
0
0
21
16
0
0
22
8
7
0
4
29
36
0
22
7
0
35
6
7
2
8
3
26
21
17
0
19
1
8
21
12
6
9
15
2
244
7
13
0
15
0
0
20
0
8
12
20
7
41
7
0
16
0
6
12
70
455
14
136
6
2
21
6
92
28
7
150
26
37
7
6
1
6
117
6
7
7
28
7
17
15
6
20
21
1
17
9
12
221
3
147
38
14
16
1
18
0
20
0
4
91
6
13
15
23
0
16
1
111
8
6
24
13
0
24
6
134
426
1
112
36
5
129
2
102
55
1
85
6
78
4
0
89
3
0
2
0
0
0
0
0
0
0
0
0
0
0
0
0
2
1
4
4
24
0
37
17
3
0
0
0
27
0
6
22
33
0
0
0
0
0
0
0
0
0
0
0
0
0
0
0
0
0
0
0
0
0
0
0
0
0
0
0
0
0
0
0
0
0
0
0
0
16
33
0
0
0
20
0
16
0
0
15
0
0
0
0
0
0
0
0
0
0
0
0
0
0
0
0
0
0
0
0
0
30
15
15
0
17
34
15
4
47
15
15
21
18
32
21
33
23
22
0
0
0
0
0
0
0
22
36
0
0
0
0
0
0
0
0
0
0
0
0
0
0
0
0
0
59
0
0
0
0
0
0
0
0
0
0
0
22
0
0
36
0
0
0
0
0
0
0
0
0
22
0
0
36
0
0
0
0
0
0
0
0
0
22
0
0
36
0
0
0
0
0
0
0
0
0
0
0
0
0
0
0
0
0
0
22
0
36
0
0
0
0
0
0
0
0
0
0
0
0
0
0
0
22
0
23
0
59
0
0
0
0
0
0
0
0
0
0
0
0
0
0
0
0
0
0
0
22
0
36
0
0
0
0
0
0
0
0
0
0
0
0
0
0
0
0
0
22
0
0
0
36
0
0
2
