2
141
0
21
20
38
0
33
1
12
0
22
25
20
0
56
7
11
8
16
37
17
0
0
0
39
15
0
0
5
0
0
0
0
0
0
12
4
1
2
0
0
0
1
0
38
1
4
111
20
52
497
2
39
0
1
64
54
17
15
22
2
2
11
0
12
37
10
10
2
37
10
13
0
0
0
1
31
0
0
0
1
0
10
0
0
0
1
0
0
0
7
0
0
0
0
0
0
0
0
0
0
10
0
20
36
11
445
1
0
0
0
33
0
0
0
8
0
0
0
0
386
0
0
1
0
75
5
1
2
33
0
0
0
2
0
0
1
1
1
0
0
0
0
0
0
10
0
0
0
0
0
0
0
2
2
34
19
1
7
33
33
0
46
0
0
22
14
23
14
0
33
0
27
33
1
1
3
1
0
42
0
0
0
0
33
0
0
0
0
0
33
0
2
39
1
41
1
34
10
6
0
0
0
0
0
0
0
0
0
0
0
40
12
0
0
5
5
5
5
1
0
0
1
1
0
1
1
7
15
22
15
0
0
7
15
15
7
0
0
2
2
10
0
0
0
0
0
0
0
0
0
0
0
0
0
0
0
0
0
0
0
0
0
0
0
0
0
3
0
9
0
0
0
0
0
0
0
0
12
0
1
3
6
0
3
0
0
0
0
0
0
0
0
0
35
0
3
34
0
3
9
0
0
7
9
3
0
1
0
0
0
0
0
0
35
0
1
1
2
0
1
0
38
0
10
9
2
7
8
0
3
0
11
95
112
6
53
73
71
455
23
24
6
18
6
8
7
16
0
30
20
8
0
7
129
0
95
1
17
6
42
42
45
48
37
29
12
38
106
5
17
1
21
5
6
5
26
3
0
203
396
12
7
0
6
115
1
0
203
22
110
5
7
15
0
0
38
0
11
12
11
23
8
2
2
2
0
0
0
0
0
0
411
411
0
0
2
10
2
10
0
0
0
0
0
0
2
70
0
0
0
0
0
0
0
0
0
0
0
0
0
0
0
0
0
0
0
0
0
0
0
0
0
0
0
0
0
0
0
0
0
0
0
0
53
0
53
53
0
0
0
0
0
53
7
7
7
0
0
0
0
0
0
0
0
0
35
0
1
0
0
0
0
0
0
0
0
0
0
0
0
0
6
5
5
0
6
0
0
0
0
0
6
7
6
7
1
1
1
0
0
0
0
0
0
0
1
0
0
0
0
0
0
0
0
0
