6
62
0
6
3
0
36
7
28
36
20
9
6
11
5
15
24
7
7
126
25
16
0
17
15
34
33
22
21
100
35
31
45
4
0
20
7
44
1
12
6
119
15
12
6
0
33
6
25
0
6
4
0
4
21
0
22
6
0
9
2
1
15
121
1
22
6
0
0
0
0
0
0
0
0
11
14
0
0
0
0
0
0
0
0
0
4
39
85
18
35
64
0
0
0
0
0
0
0
0
4
65
2
31
0
0
0
0
0
0
26
17
28
0
6
115
15
1
20
1
36
1
0
0
0
0
0
0
0
0
0
0
1
0
21
0
6
0
0
0
0
0
0
0
46
32
15
7
1
9
21
83
431
6
25
0
7
1
16
0
0
0
11
0
0
0
0
17
6
1
1
0
4
2
31
2
4
0
33
0
0
15
15
0
12
1
494
83
9
37
53
39
0
1
1
396
1
5
5
85
20
4
0
4
0
20
0
20
26
83
6
15
6
15
52
16
0
15
4
6
20
630
20
2
391
0
14
5
397
0
0
0
403
0
403
0
0
403
0
4
0
7
0
0
0
0
15
0
0
0
0
0
0
0
0
0
0
0
0
0
0
0
0
0
0
0
0
0
0
0
0
0
0
0
0
0
0
0
0
0
0
0
0
0
0
0
0
0
0
0
0
0
0
0
0
521
126
4
0
7
0
0
0
0
0
0
0
0
0
0
0
0
0
0
0
0
0
0
0
2
4
0
0
2
3
137
0
0
1
86
0
0
0
0
0
4
0
7
0
0
0
0
0
0
0
0
0
0
0
6
0
0
0
0
0
0
0
0
0
0
0
0
0
6
6
20
0
0
0
0
2
0
0
0
0
51
51
51
0
0
0
0
0
0
0
0
0
0
0
0
0
5
0
0
0
7
0
7
6
7
13
6
6
182
0
134
6
0
6
0
5
0
19
0
10
0
36
1
0
0
42
1
0
1
7
0
8
52
0
0
17
0
41
92
0
17
30
36
25
36
30
21
0
0
0
36
0
51
7
17
15
3
50
6
0
0
0
3
18
15
0
6
20
6
26
0
0
152
0
3
7
160
7
64
455
224
1
172
0
15
184
0
15
14
206
19
36
9
3
0
82
7
13
116
66
7
11
0
0
18
38
6
28
26
21
10
6
20
35
129
1
118
16
4
20
208
15
53
0
111
0
1
137
21
32
1
103
0
404
210
0
333
6
208
27
6
0
9
17
44
9
1
14
35
1
14
0
