63
149
0
2
0
0
1
112
60
1
0
10
1
7
0
0
385
15
0
45
0
0
2
0
576
0
401
11
0
452
143
0
461
135
1
1
1
0
0
0
0
0
0
39
49
0
0
0
6
0
34
1
49
6
73
53
432
0
112
16
49
460
497
426
54
473
465
435
0
0
49
20
133
55
49
61
0
0
0
0
0
0
0
0
0
0
0
0
0
0
0
0
79
66
49
81
0
0
0
0
0
0
0
0
0
0
0
36
0
0
0
0
0
0
0
0
0
0
0
0
5
0
0
49
0
0
0
0
0
0
0
0
0
0
0
0
0
0
0
0
0
0
0
0
49
90
49
73
63
9
444
17
0
15
0
1
0
0
50
2
4
1
1
21
1
0
7
0
6
2
7
64
569
405
458
7
0
54
5
0
0
0
385
425
385
425
0
425
5
15
388
0
386
0
75
449
49
0
0
425
443
425
427
0
0
0
0
0
0
0
0
0
0
0
0
0
0
0
0
0
0
0
0
0
0
0
0
0
0
0
0
0
0
0
0
0
0
0
0
50
385
20
0
425
385
0
154
59
385
6
66
49
0
0
0
0
0
405
0
6
2
0
0
0
0
0
0
3
386
476
5
0
0
2
402
2
397
1
1
0
8
22
0
0
0
0
0
52
180
2
5
64
1
50
105
0
32
1
103
0
5
97
1
8
2
68
449
22
6
8
16
1
12
5
2
0
26
32
63
23
0
11
8
0
385
42
9
0
6
0
0
2
0
29
0
8
3
6
2
115
426
391
0
434
1
57
1
396
0
4
0
20
0
27
20
52
6
209
25
115
16
6
6
106
5
1
