0
3
117
30
0
90
20
32
43
69
70
0
113
0
15
2
2
0
0
7
0
20
7
0
0
7
21
79
17
10
9
71
4
79
26
23
0
54
20
0
0
102
75
20
83
0
1
49
0
23
87
0
7
0
35
18
0
0
0
0
49
5
15
27
0
0
0
0
19
1
0
0
0
0
0
0
0
0
0
5
18
3
0
0
0
0
6
2
0
6
1
7
0
11
0
0
4
0
3
6
0
0
0
0
0
0
3
5
0
1
9
2
20
77
177
25
11
15
15
28
0
1
0
17
61
0
0
49
0
19
12
15
1
0
9
0
0
7
6
0
0
0
4
4
6
0
0
20
3
9
0
2
0
0
0
0
0
0
0
0
0
0
0
0
0
0
0
0
15
26
3
0
6
1
20
0
9
6
0
0
0
0
0
0
0
0
0
69
1
0
0
0
0
0
0
0
0
0
0
5
0
1
0
0
0
0
0
0
0
0
0
0
0
0
0
0
15
15
41
0
50
0
0
22
49
6
0
0
0
0
0
0
0
1
0
567
0
0
2
1
23
0
0
0
0
0
0
22
0
20
22
0
10
0
15
0
0
0
0
0
0
0
0
3
3
1
0
1
3
0
3
4
0
6
95
405
1
93
0
4
184
33
174
0
0
0
0
64
0
0
0
0
0
0
0
0
84
26
10
71
405
0
4
91
6
99
6
2
0
0
0
171
0
0
46
69
0
18
15
1
83
83
0
0
2
0
0
0
0
0
0
0
0
171
0
0
84
0
0
0
0
20
0
0
0
0
0
640
0
0
84
0
0
0
0
20
0
0
0
0
0
471
20
88
5
10
0
83
33
0
59
35
0
114
3
0
0
1
6
49
20
0
420
0
0
0
0
105
60
0
89
1
0
0
5
13
1
15
15
79
386
69
19
16
1
10
0
0
386
0
0
33
0
1
90
3
15
9
13
4
7
22
22
11
13
91
0
5
94
0
60
15
6
116
4
47
1
56
0
15
20
2
5
1
6
0
19
48
12
48
3
32
13
97
0
6
96
0
0
0
6
9
21
25
0
34
0
201
2
97
1
10
40
17
10
0
1
4
4
15
3
14
20
1
0
0
2
90
93
442
0
0
11
0
38
12
0
0
143
20
0
1
15
38
2
61
20
63
36
10
4
0
7
0
0
0
38
27
0
76
84
0
15
78
68
1
20
17
0
590
475
15
0
31
12
65
36
1
65
61
17
24
0
20
0
0
0
0
28
0
10
443
0
2
94
1
7
7
