0
3
5
0
0
0
0
0
0
0
0
1
0
1
0
20
21
1
0
0
0
0
0
0
0
0
0
0
0
0
0
0
0
0
0
0
0
0
0
8
20
0
0
1
0
0
5
1
0
1
1
0
31
2
1
0
0
23
0
0
1
0
1
2
0
0
0
21
24
0
0
0
0
0
1
0
2
1
1
1
0
1
0
0
0
0
0
0
0
0
51
0
0
0
1
1
0
13
5
5
0
5
0
0
0
0
0
0
0
20
0
0
0
0
0
2
0
0
0
0
0
0
8
0
0
2
0
0
8
17
0
2
2
0
0
0
0
0
0
0
0
4
0
8
0
0
8
0
3
0
8
0
0
0
0
0
11
0
0
0
0
0
0
0
0
0
0
0
0
0
0
17
0
11
0
0
0
0
1
0
20
1
21
20
0
0
20
0
20
0
0
0
0
0
0
8
0
31
0
25
20
13
0
20
0
2
0
0
20
0
0
0
0
0
0
10
0
20
0
1
0
0
13
13
0
22
0
20
20
20
0
1
21
0
1
14
0
0
0
0
0
0
0
0
0
0
0
0
2
11
0
0
0
0
0
13
0
0
0
0
8
0
0
0
0
0
0
0
0
0
2
0
0
0
0
0
0
6
0
0
0
0
0
0
0
0
0
0
0
11
1
12
0
20
0
1
0
12
0
0
0
14
0
0
0
0
0
20
0
0
0
0
1
0
0
0
0
0
8
8
0
4
0
0
20
0
0
0
0
20
0
2
0
0
0
0
1
0
1
20
1
1
5
0
0
1
2
0
0
2
0
0
0
1
4
0
4
1
17
0
0
0
0
0
0
0
1
0
8
0
0
2
0
8
0
1
0
1
0
0
5
0
1
4
0
0
0
3
0
16
12
0
0
0
0
0
46
0
0
1
2
0
0
1
0
1
9
0
0
0
