16
19
0
16
0
22
23
35
23
0
3
19
11
16
15
0
22
21
25
16
29
0
3
0
21
30
18
23
0
0
101
16
0
21
1
0
10
17
0
7
21
37
133
2
15
1
21
13
6
0
15
0
0
30
0
15
16
0
21
0
15
0
3
18
0
9
18
16
0
16
16
24
0
27
15
16
28
28
75
64
2
54
20
5
15
16
1
0
0
0
0
22
14
17
10
97
54
85
0
0
0
0
0
0
21
17
6
15
0
0
0
15
0
5
0
3
5
0
5
2
0
0
0
0
0
0
0
0
1
17
3
42
38
56
0
16
0
0
0
15
0
0
0
0
12
35
0
0
0
57
16
0
0
15
7
15
0
0
0
0
0
70
22
17
0
0
0
3
0
1
0
6
0
0
1
0
0
0
0
0
0
0
0
7
0
0
81
0
0
0
0
0
0
0
0
0
0
5
14
3
56
10
5
21
10
3
0
9
4
415
61
17
27
1
1
19
4
3
0
0
0
0
0
0
0
8
0
0
0
0
33
17
6
0
0
0
0
0
0
8
0
0
0
33
17
3
12
0
55
54
54
17
16
35
70
1
51
25
22
15
19
5
16
3
6
30
19
33
1
16
15
17
69
30
3
5
0
3
20
106
60
36
2
7
0
9
39
18
21
29
0
54
0
0
7
0
0
0
0
0
0
34
74
38
0
16
0
0
0
0
5
0
1
0
0
5
0
0
0
0
0
0
0
0
53
0
6
0
15
41
15
9
15
4
15
11
18
7
3
85
1
114
0
18
14
8
1
18
21
0
6
7
1
0
11
7
21
9
5
15
0
7
2
0
26
15
0
21
2
0
21
16
0
35
122
0
0
15
140
38
8
0
95
15
21
1
26
28
0
102
26
6
1
26
25
4
18
1
0
0
4
30
0
0
1
0
385
5
12
18
6
8
25
7
18
102
21
32
1
16
3
0
0
0
20
7
39
0
24
142
24
3
12
0
61
15
1
3
0
