0
223
0
0
0
20
1
0
0
1
6
0
0
2
44
5
0
19
0
0
124
54
15
0
1
7
17
0
3
40
0
0
5
5
5
2
5
0
0
1
2
0
22
12
0
7
0
0
22
71
0
12
3
0
10
20
20
0
16
12
139
16
139
10
3
12
0
0
0
7
0
0
20
0
0
0
0
0
0
0
3
0
1
17
21
7
0
0
0
0
0
0
0
0
0
0
6
0
0
0
0
0
1
1
10
17
0
0
0
0
1
0
0
0
0
0
0
0
0
0
0
0
0
0
0
0
0
0
0
0
17
0
0
7
0
0
0
0
0
0
0
0
0
0
0
27
0
0
0
0
0
0
22
6
20
0
27
0
0
0
0
0
5
0
0
0
2
0
0
0
0
0
0
0
0
0
0
0
0
0
0
0
0
0
0
0
0
0
0
0
0
0
0
0
0
0
0
0
0
0
0
0
0
0
0
0
0
5
0
0
0
0
0
0
0
0
0
0
0
0
0
0
0
0
0
0
0
0
0
0
3
0
5
0
25
7
0
0
0
0
0
1
0
59
6
0
5
2
5
0
0
0
53
435
405
0
50
0
69
0
55
0
25
5
12
11
117
0
0
6
21
117
0
0
0
0
0
0
0
0
0
0
2
25
0
2
138
0
117
0
0
0
0
19
30
0
0
0
0
0
0
0
0
0
0
0
0
0
0
0
0
7
6
0
20
10
0
5
19
0
0
0
0
0
0
0
0
0
0
6
6
21
7
0
21
0
0
5
25
0
10
10
11
1
3
0
0
1
6
13
0
0
0
115
21
149
20
1
0
0
0
0
0
0
0
0
0
0
0
0
0
0
0
0
0
0
0
0
0
0
0
0
0
0
19
5
0
1
7
0
0
2
0
1
0
0
0
0
0
1
0
0
0
0
38
36
3
117
20
0
68
20
15
19
0
21
0
0
0
0
4
5
0
1
20
74
2
2
0
5
0
2
0
0
0
0
0
5
15
0
16
0
0
0
7
15
0
9
7
0
6
6
9
20
5
64
455
23
20
0
5
6
9
5
7
0
5
6
50
5
1
0
0
1
6
1
24
64
95
0
20
5
17
11
5
17
21
6
13
7
3
386
0
1
5
8
52
0
63
12
22
0
0
12
0
0
7
2
1
0
129
0
0
2
0
5
29
0
12
122
4
0
25
75
12
6
16
5
7
0
1
12
5
0
39
13
6
199
0
5
7
126
0
0
1
7
0
12
30
0
10
34
15
17
7
0
4
0
15
0
0
94
53
10
6
37
0
5
8
6
8
223
0
9
1
6
0
2
85
20
19
1
118
152
390
3
0
0
0
10
2
13
5
20
433
5
2
19
30
0
0
0
0
0
0
0
0
0
0
0
0
0
0
5
0
0
0
0
0
0
0
0
0
0
51
0
0
0
0
0
0
0
0
0
0
0
0
0
0
0
0
0
0
0
0
0
0
0
0
0
0
0
0
0
0
0
0
1
0
24
5
22
0
0
0
0
0
1
0
0
0
0
0
0
8
38
0
0
0
0
5
4
0
0
0
0
