1
0
4
0
14
0
25
17
13
13
396
21
0
11
10
1
70
1
0
15
9
39
18
30
440
16
8
10
21
5
36
15
4
7
26
1
0
16
16
0
0
12
10
21
433
0
23
9
45
6
10
10
0
21
0
10
0
17
30
22
22
6
24
31
1
8
7
0
39
11
5
0
21
16
31
8
15
0
11
10
22
2
109
13
10
17
15
0
0
17
6
461
72
0
12
0
0
3
409
16
24
10
31
15
55
0
10
10
0
414
5
3
0
0
0
0
0
0
0
0
0
0
24
32
12
6
0
0
0
6
33
6
6
0
0
0
0
0
0
0
0
0
16
25
0
0
4
4
6
36
0
70
17
6
6
0
1
0
1
0
4
10
5
14
0
2
7
1
0
0
0
0
0
0
0
12
29
0
0
4
27
0
10
1
10
10
0
4
10
14
3
26
2
0
7
0
0
0
0
6
1
5
0
0
0
0
0
0
1
0
0
0
0
26
0
0
7
3
7
16
6
32
16
10
14
8
8
0
0
0
0
0
0
6
0
0
385
24
0
0
0
0
0
0
0
0
63
0
0
6
3
11
4
5
60
60
5
11
15
0
77
0
4
2
387
480
6
32
59
7
4
0
32
419
33
6
0
26
64
1
32
17
0
7
11
21
6
7
27
415
21
24
10
5
6
16
17
23
25
0
10
12
39
0
0
6
0
23
0
0
0
0
0
2
0
0
0
0
22
32
21
17
391
17
2
10
36
18
6
10
21
0
21
9
12
13
19
0
7
11
0
6
26
2
0
9
6
11
5
5
6
386
15
6
0
7
12
3
4
0
0
9
6
386
8
12
70
455
23
91
0
5
0
14
12
0
5
6
5
21
13
16
1
5
0
0
4
0
10
0
0
12
1
10
7
0
0
6
11
5
0
16
6
20
25
6
0
35
0
0
1
0
3
0
0
7
5
0
0
9
1
11
88
10
0
0
4
18
392
7
1
0
5
2
15
5
10
1
21
13
21
5
5
5
0
0
6
0
0
1
4
7
83
9
1
6
5
0
1
0
48
19
10
12
14
8
3
12
4
5
4
8
5
7
23
5
95
6
13
6
