0
84
19
9
0
3
1
51
43
7
519
0
0
0
5
0
0
96
11
0
4
4
0
0
4
10
2
4
10
2
2
37
0
1
18
0
2
0
0
0
5
44
0
2
16
51
45
0
0
174
156
6
618
2
1
0
33
0
0
0
0
0
0
0
0
0
12
0
0
0
1
0
5
0
5
14
0
0
0
0
0
0
2
157
10
0
1
0
0
0
1
11
1
5
0
0
1
2
2
2
0
52
26
9
144
3
21
1
0
3
9
0
0
135
17
1
15
22
5
0
385
463
0
105
0
2
101
17
20
35
16
37
62
22
10
31
5
36
0
116
128
620
476
411
6
412
403
3
0
14
118
397
0
1
46
0
0
20
3
31
2
4
1
0
0
38
0
1
0
0
0
385
0
385
409
20
13
13
0
0
0
0
0
0
0
0
0
0
0
0
0
0
0
0
0
0
0
0
0
0
20
0
0
0
0
0
0
0
0
0
0
0
0
0
0
0
0
0
0
0
0
0
0
0
0
0
0
0
0
0
0
0
0
1
20
1
0
0
0
0
20
0
0
0
157
24
69
36
16
20
21
20
126
1
21
524
147
147
0
0
1
20
20
0
148
23
147
1
1
1
0
127
3
30
11
0
0
1
2
12
0
21
10
2
0
13
120
2
1
1
3
0
1
3
1
1
0
0
0
0
1
0
0
0
0
2
1
0
156
147
83
6
1
0
1
2
3
6
0
0
0
1
0
6
117
638
5
0
0
1
146
21
0
1
0
0
126
1
0
1
21
15
0
156
0
0
1
0
6
0
31
20
25
6
43
101
0
5
0
13
39
117
1
0
21
1
6
53
10
13
1
1
91
1
17
2
0
0
0
64
455
23
6
0
398
0
0
5
0
115
5
1
1
0
0
8
0
95
23
57
0
0
2
19
0
1
1
79
13
116
0
66
0
63
78
0
7
115
426
31
9
8
0
145
5
21
15
6
0
51
0
56
8
0
7
0
0
6
445
85
4
6
6
15
0
8
0
0
59
15
5
108
404
113
2
214
0
5
0
1
26
0
1
38
0
0
0
0
0
10
220
0
13
134
0
0
0
0
0
1
0
49
105
2
31
85
0
6
21
1
3
549
2
0
1
0
4
0
88
0
63
13
0
0
1
0
0
0
385
0
0
0
385
409
20
13
13
0
0
0
0
0
0
0
0
0
0
0
0
0
0
0
0
0
0
0
0
0
0
0
0
0
0
0
0
0
0
0
0
0
0
0
0
0
0
0
0
0
0
0
0
0
0
20
0
0
0
0
0
0
0
0
0
0
0
0
0
1
0
0
0
1
0
0
0
3
3
3
0
3
3
0
49
0
2
0
1
0
0
0
0
1
0
0
0
11
