0
32
0
0
4
25
1
11
0
6
2
20
0
0
0
0
0
0
410
9
20
109
180
4
0
4
21
14
5
5
5
45
1
0
15
14
5
1
1
0
20
0
2
1
15
0
0
0
0
0
0
0
0
0
0
5
1
0
0
0
0
0
0
0
0
0
2
1
0
0
0
0
0
0
25
0
1
2
4
0
0
99
0
0
1
0
1
32
2
7
0
0
0
0
0
0
0
0
0
0
0
0
0
0
32
4
0
0
0
10
12
0
5
0
0
0
15
6
10
0
1
0
10
0
10
0
10
0
0
9
1
0
0
0
19
74
15
0
10
5
0
5
0
10
0
6
0
0
0
12
0
12
0
0
22
0
0
1
10
3
0
0
0
1
104
0
0
0
0
0
0
0
0
0
0
9
0
69
1
59
1
0
1
0
0
0
68
0
0
0
0
0
2
9
9
9
2
2
1
0
10
9
2
0
26
0
0
0
0
0
7
4
449
404
444
1
0
0
1
0
5
0
0
425
420
0
0
0
0
10
0
5
0
2
0
1
0
0
0
3
0
0
0
0
59
0
59
0
15
0
435
117
425
0
0
59
59
0
0
0
444
444
444
0
0
59
0
0
0
0
59
0
0
0
0
0
0
0
0
425
540
0
0
0
0
0
0
0
0
0
0
385
0
53
425
0
0
23
20
1
0
0
0
20
1
0
0
2
644
0
0
21
34
0
542
7
0
24
0
3
1
14
7
3
0
0
15
0
0
9
0
0
15
5
20
6
50
0
0
5
12
1
0
5
11
1
14
1
3
0
0
510
0
0
12
6
1
83
1
12
85
1
10
165
0
1
6
152
0
1
5
13
0
12
6
1
5
5
70
455
23
23
3
14
9
0
11
101
429
6
10
6
1
12
8
6
6
10
6
6
6
0
2
26
12
5
2
6
1
116
0
66
7
5
120
426
0
2
5
6
21
0
5
19
48
171
0
0
6
18
12
1
42
444
85
2
2
5
2
6
83
1
10
19
6
6
1
24
9
14
17
85
139
5
140
6
7
123
411
44
151
6
127
15
13
2
5
458
5
6
9
5
13
14
0
1
15
0
1
14
152
0
7
7
91
0
6
1
108
0
404
157
5
26
184
0
1
2
1
404
425
44
437
385
425
95
9
0
15
23
488
0
0
509
20
20
474
0
0
0
0
0
0
0
0
0
0
5
2
0
0
0
0
0
0
4
4
0
0
0
1
1
1
0
3
3
13
0
0
2
0
0
1
6
0
0
0
0
0
0
0
1
0
0
0
10
0
0
0
0
0
0
0
10
0
10
0
0
0
0
0
0
0
0
0
0
0
0
0
0
10
10
0
