26
11
118
0
0
78
28
0
16
16
1
18
16
5
15
25
33
130
24
0
129
28
34
26
63
5
0
0
10
6
6
1
18
34
7
0
1
40
15
74
20
0
15
16
11
6
0
0
0
0
0
6
6
83
17
42
0
0
0
0
0
37
1
0
0
1
4
13
44
1
1
63
10
5
13
11
5
1
1
1
1
0
26
0
0
0
0
0
0
0
0
0
0
1
11
18
52
10
1
25
26
15
10
0
10
1
34
6
1
0
0
7
1
4
1
57
13
11
18
1
0
10
0
0
0
46
29
48
28
1
0
18
6
0
11
5
5
11
10
20
1
6
0
0
37
0
1
0
1
18
19
1
0
0
0
0
0
1
5
1
0
0
0
32
0
0
0
33
0
83
0
0
0
0
1
5
0
0
0
0
0
0
2
0
0
0
0
0
0
0
0
0
5
84
27
0
33
2
0
0
0
0
0
2
35
89
21
0
3
74
0
9
83
0
0
87
15
1
0
0
0
0
0
33
0
0
0
0
0
0
0
0
0
0
0
0
0
0
27
0
1
0
22
38
7
1
1
6
0
0
5
0
63
49
15
0
0
0
0
0
0
0
1
5
111
33
10
35
1
5
1
0
35
129
43
0
33
33
0
33
0
0
0
0
0
0
0
0
1
0
61
12
0
5
33
42
25
15
53
1
1
34
20
0
2
0
0
0
0
0
0
6
0
5
16
4
33
33
0
1
0
64
25
5
71
0
105
10
3
0
0
0
0
0
0
0
0
0
0
0
0
0
0
0
0
0
0
0
0
0
0
0
0
0
0
0
0
0
0
71
10
0
0
0
0
0
0
0
0
0
0
0
12
0
0
0
0
1
0
0
0
0
0
33
0
0
0
0
0
0
0
0
0
0
0
0
66
59
33
2
13
1
0
0
63
83
0
10
11
12
0
32
0
40
0
11
13
4
30
16
10
19
2
1
0
16
127
1
5
12
0
5
1
0
15
15
110
3
0
0
0
4
16
18
5
15
4
17
64
449
235
0
16
235
0
22
235
24
7
1
34
16
12
12
20
4
36
133
1
3
16
13
5
218
10
17
18
142
63
175
16
100
16
156
18
126
15
161
20
6
66
7
0
0
11
9
2
18
5
7
6
19
1
2
22
15
23
20
19
18
1
2
17
0
18
19
48
9
36
49
20
90
0
11
28
253
15
31
9
218
15
200
19
146
25
47
20
0
0
0
