7
126
0
1
18
0
51
1
2
12
95
75
94
33
8
18
71
0
17
60
0
12
49
7
33
6
1
29
9
127
1
22
0
14
3
12
153
101
18
152
12
0
12
1
90
7
84
83
49
54
70
17
29
64
496
5
10
53
1
1
0
12
66
20
9
1
52
0
65
5
0
37
64
57
73
0
34
0
21
3
18
5
19
45
25
2
0
3
21
0
0
0
0
0
0
0
0
0
0
5
10
0
0
4
0
145
9
62
42
124
58
0
17
445
49
0
0
0
0
0
0
0
0
10
445
0
13
0
0
0
0
0
0
2
10
5
450
20
450
501
450
0
8
1
24
4
0
7
5
454
0
0
29
0
9
21
433
425
0
13
2
6
92
0
0
14
425
23
6
16
6
1
8
36
9
5
0
8
425
0
0
0
0
0
0
0
0
0
0
1
12
26
12
3
0
0
0
0
0
0
0
0
0
14
0
0
0
0
30
12
21
20
11
20
10
41
451
435
439
12
12
10
0
12
8
38
65
22
0
0
19
1
5
2
12
396
2
216
1
32
1
5
118
0
6
12
76
0
5
34
3
10
4
7
12
68
1
64
449
290
6
7
9
4
13
1
249
0
20
6
424
7
6
3
7
132
402
8
1
13
123
1
94
387
447
27
11
13
9
4
14
0
9
21
2
11
24
1
2
3
12
391
10
6
0
0
2
23
58
215
3
114
1
37
64
7
12
9
446
61
0
0
0
5
41
0
6
111
0
5
5
91
0
101
0
3
91
0
23
23
95
9
1
25
3
106
0
29
4
304
2
25
0
1
0
50
9
142
6
208
2
21
18
1
14
1
