12
75
0
3
3
0
1
0
1
22
108
13
2
0
8
32
40
0
0
28
6
6
2
20
1
14
3
88
70
7
134
0
12
7
1
6
30
0
0
0
22
10
14
86
1
69
26
74
1
10
0
21
219
0
7
21
34
539
0
0
0
26
506
5
2
0
12
0
0
0
14
3
79
18
24
26
9
0
0
0
0
0
0
0
0
0
0
12
0
552
430
148
498
2
36
2
0
0
0
0
0
90
51
0
0
63
0
0
2
432
0
71
29
0
0
0
0
14
9
16
41
33
0
0
0
0
1
28
18
0
0
0
0
3
0
0
0
1
9
0
2
0
0
0
4
15
0
0
0
396
0
0
437
13
0
1
2
0
0
0
81
21
1
0
0
0
1
2
21
0
9
3
1
0
23
20
0
12
0
0
484
0
64
10
0
11
63
0
435
1
0
0
1
0
0
1
1
0
502
485
21
1
0
24
21
0
403
403
405
2
0
0
2
574
2
0
2
0
21
0
1
0
2
574
2
0
1
3
0
0
0
22
21
0
574
0
0
0
4
0
0
11
12
10
5
23
0
0
0
57
7
10
20
0
2
81
3
3
5
23
0
0
5
71
6
11
1
0
26
11
22
105
0
129
391
25
0
21
38
385
394
3
16
11
0
0
62
1
7
21
70
455
23
10
0
18
0
81
0
8
7
7
2
29
3
246
5
5
6
23
0
4
2
12
7
20
18
7
116
0
2
0
119
426
0
1
0
4
3
0
5
31
9
0
20
17
0
10
1
19
0
0
7
11
7
30
1
123
404
63
16
7
5
0
15
0
11
4
11
24
48
36
1
22
399
0
34
11
8
1
89
385
0
1
1
