50
110
0
24
85
1
74
17
0
106
48
24
155
66
27
30
78
52
53
26
39
5
55
43
27
17
2
14
2
28
1
27
7
33
29
120
11
63
117
1
65
65
18
4
28
32
1
96
26
90
27
17
25
22
0
0
0
85
20
64
0
0
5
0
32
0
0
0
20
56
25
164
62
0
30
77
7
76
34
6
8
0
3
0
0
2
3
42
26
22
26
0
0
0
0
0
0
0
11
13
2
0
14
25
0
0
0
0
0
0
0
0
1
20
0
27
17
17
0
11
30
16
1
17
2
21
0
0
0
0
0
0
0
0
0
2
5
0
7
28
0
0
0
0
8
51
52
25
0
51
89
6
0
0
13
43
37
12
11
16
52
0
0
0
0
0
0
15
11
0
17
8
8
6
97
34
0
1
0
0
0
111
88
0
0
1
0
20
0
0
0
0
0
0
0
0
0
0
0
0
0
0
0
7
105
64
99
90
19
0
6
2
1
53
20
20
153
2
33
32
39
23
0
27
59
0
0
20
5
124
83
56
0
0
0
1
0
34
21
3
43
32
3
2
11
12
12
0
99
18
96
46
25
3
0
96
15
0
17
145
1
2
48
0
23
5
56
28
159
4
0
23
25
0
73
31
37
42
30
12
15
74
0
15
63
16
96
27
46
6
27
29
52
23
0
20
4
19
8
5
11
19
16
15
100
20
14
21
46
9
63
11
104
8
147
32
17
28
41
0
6
240
0
28
255
15
5
241
0
16
207
27
18
28
29
3
31
9
48
68
162
15
231
0
18
210
0
23
172
24
165
0
26
191
79
0
18
91
0
