25
62
0
15
20
0
85
0
3
49
20
20
44
0
12
0
15
0
18
17
15
15
15
59
0
29
0
0
15
0
0
11
50
15
25
1
20
70
46
50
0
0
155
0
10
93
39
14
61
1
26
0
0
50
26
11
25
23
79
7
10
0
10
25
31
4
1
10
0
0
0
0
0
0
19
0
0
0
0
0
0
15
15
15
16
25
10
0
25
20
38
23
31
15
10
0
21
7
15
0
15
1
15
6
25
39
10
63
0
0
0
0
11
54
11
11
0
10
26
27
0
121
29
59
5
56
71
52
34
20
11
18
38
11
16
0
0
0
11
3
0
1
1
0
40
30
16
20
0
0
0
0
0
0
0
16
1
12
0
16
16
0
0
0
1
12
0
0
7
10
1
7
0
20
20
16
0
35
20
0
1
26
46
11
43
12
0
0
12
6
35
0
0
15
0
0
0
0
7
0
0
0
0
0
83
15
0
0
7
142
30
20
0
89
42
20
20
16
1
26
79
22
16
15
64
1
6
1
6
20
9
15
59
15
50
36
25
84
90
2
0
0
17
28
25
15
25
0
26
10
0
0
30
10
33
10
25
1
26
35
23
45
15
74
59
1
25
17
0
0
20
0
0
6
397
15
22
24
393
17
102
15
22
38
76
449
19
16
22
10
6
16
161
16
7
18
20
5
88
27
305
15
23
124
79
16
155
20
12
5
14
15
21
22
37
14
15
104
1
57
18
403
18
6
23
12
18
12
28
221
17
18
63
28
3
0
0
21
37
9
312
16
157
21
94
17
11
15
117
23
1
