28
116
0
8
3
22
2
0
20
1
31
18
0
0
0
11
142
0
1
72
5
0
2
2
0
20
27
19
13
16
8
33
0
19
15
12
23
0
2
10
0
1
0
1
20
0
2
1
19
13
0
1
2
11
1
0
8
15
0
5
20
6
25
0
4
1
18
0
0
0
63
0
0
0
15
0
1
0
0
0
0
0
7
0
15
8
0
0
25
23
0
2
0
0
11
4
4
9
0
18
0
4
0
0
2
0
0
0
0
0
0
0
0
0
0
0
0
0
0
0
0
0
0
5
0
0
0
0
0
5
19
24
0
49
25
5
22
1
0
0
0
11
0
15
0
0
0
0
0
0
0
0
0
0
0
0
0
24
1
0
6
5
3
1
0
0
0
1
9
0
70
6
115
1
63
6
0
0
0
0
0
0
0
0
1
0
1
3
0
0
1
0
19
0
0
0
1
9
6
12
19
0
0
0
0
0
0
0
0
0
0
0
0
0
0
0
0
0
0
0
0
2
0
13
20
1
86
57
20
33
5
0
92
0
2
0
1
0
0
0
0
0
0
12
2
0
26
0
2
14
1
0
2
2
2
2
0
1
0
2
0
0
0
0
0
0
0
0
0
0
0
0
0
0
0
0
0
0
0
0
0
0
0
0
0
0
0
0
0
2
0
0
0
0
0
0
0
0
2
0
0
0
0
0
0
0
0
4
20
19
0
3
0
0
0
0
6
0
0
0
20
0
2
0
5
0
0
0
0
2
0
1
0
6
8
0
0
81
0
19
0
5
155
4
39
22
9
96
33
0
13
63
4
18
26
78
78
78
83
0
2
22
0
0
13
0
127
0
12
10
112
26
141
0
18
12
0
5
18
0
8
18
89
10
9
15
4
78
0
22
174
0
0
118
29
4
36
0
0
22
10
65
3
0
5
127
0
43
9
3
7
362
1
14
0
95
9
37
0
151
34
61
8
13
181
14
226
14
25
8
7
30
0
2
0
159
25
1
7
33
21
5
13
0
0
0
18
20
0
15
30
104
0
0
0
0
0
0
2
2
0
0
0
0
0
7
0
0
0
0
0
0
0
0
0
0
0
0
0
0
0
0
0
0
0
0
0
0
0
0
0
0
0
0
0
0
0
0
0
0
0
0
0
0
0
0
0
0
0
0
0
0
0
0
0
0
0
0
0
0
0
0
0
0
0
0
0
0
0
0
0
0
0
0
0
0
0
0
0
0
0
0
0
0
0
0
0
0
0
0
0
0
0
0
0
0
0
0
0
0
0
0
0
0
0
0
0
0
0
0
0
0
0
0
0
0
0
0
0
0
0
0
0
0
0
0
0
0
0
0
0
0
0
0
0
0
0
0
0
0
0
0
0
0
0
0
0
0
0
0
0
0
0
0
0
0
0
0
0
0
0
0
0
0
0
0
0
0
0
0
0
0
0
0
0
0
0
0
0
0
0
0
0
0
0
0
0
0
0
0
0
0
0
0
0
0
0
0
0
0
0
0
0
0
0
0
0
0
0
0
0
0
0
0
0
0
0
0
0
0
0
0
0
0
0
0
0
0
0
0
0
0
0
0
0
0
0
0
0
0
0
0
0
0
0
0
0
0
0
0
0
0
0
0
0
0
0
0
0
0
0
0
0
0
0
0
0
0
0
0
0
19
0
0
39
