10
0
1
0
21
2
15
27
10
422
7
20
11
21
9
21
26
14
22
0
23
31
6
38
469
19
25
14
403
3
13
14
0
12
22
17
10
0
10
0
15
47
15
12
12
0
4
22
0
0
33
10
17
37
21
10
5
64
10
23
10
13
12
4
10
19
10
22
0
21
0
0
0
0
0
0
0
46
14
11
0
21
28
6
3
17
16
11
10
10
0
6
0
8
0
0
15
11
13
1
0
0
3
26
21
14
419
9
76
10
0
42
18
1
414
390
404
10
7
1
11
420
15
0
0
2
0
3
0
27
408
0
20
1
9
18
0
10
10
413
15
410
447
11
10
16
17
10
409
386
0
4
12
398
406
0
409
0
403
11
387
0
8
3
0
24
21
386
0
0
0
76
12
43
0
1
0
6
410
1
11
0
403
7
0
1
6
1
2
0
0
6
7
10
9
1
11
16
8
8
27
0
0
75
14
0
8
0
6
7
0
0
23
1
3
0
0
64
455
2
21
2
10
0
2
36
2
0
28
3
0
18
0
0
0
5
6
0
15
13
16
2
21
0
9
2
43
10
20
10
10
0
2
0
0
17
0
10
388
10
0
8
0
390
7
13
21
1
10
5
10
6
1
7
15
77
0
33
18
29
10
1
22
1
13
2
16
1
6
6
1
4
0
16
10
0
0
6
0
7
385
15
41
6
6
1
0
