214
0
21
7
1
25
5
21
6
20
26
17
61
35
1
49
15
1
1
261
5
10
25
0
5
17
44
20
21
0
0
0
636
27
0
0
0
0
2
0
0
0
0
11
0
0
0
0
20
1
21
0
5
0
0
0
0
0
5
41
0
1
1
1
15
2
0
24
0
0
0
0
66
3
0
1
0
0
0
0
6
0
0
0
0
0
0
0
0
0
0
0
0
0
0
0
0
0
4
18
0
0
0
0
0
0
28
0
0
0
0
0
0
0
0
0
0
0
0
0
0
0
0
0
0
0
0
5
10
5
10
23
0
1
0
0
0
0
0
0
0
0
0
25
0
0
5
0
0
2
0
0
0
0
0
0
0
0
0
0
0
5
0
8
0
0
0
0
0
0
0
0
0
0
0
0
0
20
0
0
0
4
0
5
0
0
0
0
0
0
0
0
0
0
0
0
0
0
0
0
0
0
0
0
0
0
0
0
0
0
0
0
0
0
0
0
0
0
0
0
0
0
0
2
0
0
0
0
0
0
0
0
2
0
0
0
0
0
0
0
0
0
21
0
0
0
0
0
0
0
0
0
4
6
6
69
16
1
0
0
0
0
0
0
0
0
0
0
0
0
0
0
0
0
0
0
0
1
0
0
0
5
0
0
0
1
0
0
5
1
0
1
0
0
0
0
0
403
0
2
0
385
21
0
1
0
38
0
0
1
2
0
0
0
0
0
0
0
0
0
0
0
0
0
0
0
0
0
0
0
0
0
0
0
0
0
0
0
0
0
0
4
0
0
0
0
0
0
0
0
0
0
0
0
0
0
0
0
0
0
0
0
0
0
0
0
0
0
0
0
0
0
0
0
0
0
0
0
4
0
0
0
0
0
0
0
0
0
0
0
4
0
0
6
0
0
0
0
3
6
4
3
6
0
4
0
24
0
0
48
0
0
0
0
0
0
0
0
0
0
0
0
0
0
0
0
4
1
0
5
3
0
2
2
6
20
0
24
0
11
1
38
0
0
3
0
136
3
23
0
0
0
0
0
0
0
2
0
0
0
0
0
0
20
84
1
0
43
21
1
30
1
1
3
0
1
1
203
4
1
4
15
0
0
7
4
27
445
11
21
0
0
36
0
0
0
19
70
14
205
22
13
20
8
14
7
0
3
9
0
1
2
70
478
13
0
8
10
15
13
18
0
19
8
25
11
0
197
0
12
191
10
7
30
28
14
9
38
22
5
15
0
18
113
7
6
22
1
17
85
13
6
6
12
19
391
14
50
20
6
12
21
7
6
5
1
16
0
5
13
40
12
160
23
13
18
9
9
36
13
8
8
5
1
0
13
49
170
26
23
48
6
37
13
7
7
391
10
43
89
18
10
6
12
0
0
4
0
22
1
5
27
7
6
402
3
1
0
0
15
0
0
