38
18
8
0
75
1
59
56
1
116
39
6
1
18
74
51
1
60
45
40
5
39
1
27
54
59
1
95
12
33
53
0
0
33
32
21
26
7
0
0
0
36
1
33
0
0
0
0
0
2
1
22
21
0
0
0
34
33
0
0
17
423
0
0
3
3
1
1
0
52
8
0
0
27
15
17
50
50
436
2
16
20
7
0
23
0
35
20
15
385
0
1
0
24
20
406
0
31
0
0
401
391
0
0
385
401
385
0
5
387
0
416
405
0
15
16
8
33
15
15
0
0
0
0
20
101
100
1
0
32
0
3
33
0
0
0
0
0
20
9
0
0
0
0
0
0
0
0
0
0
0
0
0
0
0
0
0
20
0
0
0
0
0
0
0
0
0
0
436
422
0
385
0
0
35
386
386
405
0
2
443
386
25
53
1
20
73
414
391
20
21
0
1
0
0
1
1
16
68
47
10
2
20
20
20
22
20
1
33
1
0
33
0
0
0
0
0
0
0
0
0
1
0
20
9
0
0
0
0
17
400
3
1
0
0
0
36
1
20
22
0
0
0
0
0
0
0
43
53
20
414
386
385
0
430
0
392
423
400
0
33
394
388
386
391
54
33
0
0
33
33
26
0
33
33
21
20
385
29
2
385
0
92
0
0
405
0
0
0
0
0
0
10
10
0
0
0
0
0
0
386
0
20
20
44
20
15
20
26
0
3
5
28
20
59
10
0
0
0
0
41
5
45
41
39
55
0
16
0
0
3
0
65
5
9
0
1
1
35
6
43
26
0
0
11
19
0
12
19
0
1
405
59
68
11
22
0
64
386
4
25
2
0
5
15
10
5
0
13
5
10
44
5
10
19
171
391
3
2
0
93
15
93
15
10
8
0
1
77
8
29
5
6
17
0
24
0
11
0
28
0
13
15
0
154
23
0
31
9
30
16
43
22
0
60
404
0
15
18
0
14
30
21
1
18
0
13
16
28
7
19
6
0
7
1
0
2
34
24
0
4
4
1
0
14
1
0
99
1
