37
147
0
0
15
0
21
18
36
3
15
35
0
12
0
50
1
0
0
390
389
406
57
74
0
15
18
38
158
3
17
53
5
17
0
0
7
0
469
40
0
21
22
3
33
15
15
2
29
15
35
0
3
22
7
0
0
0
0
0
48
0
0
11
0
0
0
0
0
0
0
11
0
0
14
73
33
5
21
1
15
23
17
1
0
7
1
0
7
1
0
0
0
0
0
0
0
0
0
0
0
0
28
0
1
0
0
0
0
0
0
0
0
0
0
0
0
0
1
0
0
0
0
0
0
0
0
0
0
0
0
2
0
0
0
0
0
0
0
0
0
66
8
0
0
0
2
21
85
13
0
0
0
15
5
23
0
7
0
0
0
0
0
0
0
0
0
17
2
0
0
0
0
0
32
2
18
5
26
0
0
0
70
0
28
11
7
0
0
0
0
0
0
0
0
0
2
18
0
0
0
0
0
0
33
9
0
115
9
0
0
0
0
0
0
0
0
0
0
0
16
0
0
0
0
0
2
14
21
20
0
0
0
0
0
0
0
0
0
0
0
0
0
0
0
0
16
0
0
0
0
0
0
0
0
0
9
0
0
0
0
0
0
27
0
0
19
5
1
17
9
0
1
0
0
0
33
0
33
0
0
0
0
0
0
445
0
65
445
0
0
385
54
54
0
385
54
54
0
0
0
0
0
0
0
0
0
0
0
0
1
463
20
406
41
1
19
0
0
76
0
54
54
54
0
0
0
0
0
0
0
54
15
16
69
41
1
52
76
0
0
0
0
0
54
54
54
54
0
0
33
33
33
33
0
0
0
0
0
0
0
0
15
33
0
69
69
58
15
7
0
1
22
77
54
54
1
0
34
70
8
1
1
2
33
2
22
0
0
0
33
2
0
9
509
37
92
16
20
146
17
33
33
2
0
33
0
7
1
34
2
15
388
2
0
3
9
10
1
2
2
0
0
21
41
37
0
158
126
390
0
0
0
0
55
55
55
71
0
0
0
0
0
17
0
0
0
76
69
71
6
0
15
0
71
43
34
100
94
4
18
0
33
21
25
0
0
0
5
5
0
407
1
8
2
19
23
28
1
15
6
14
8
5
43
64
449
5
6
186
391
36
52
147
27
239
21
7
21
5
25
5
67
14
9
16
6
6
7
15
2
74
1
23
8
30
58
7
0
9
83
31
25
133
16
120
426
1
32
3
8
0
386
1
0
18
147
16
51
177
21
217
63
127
18
64
404
7
15
7
34
0
5
0
99
37
43
0
443
85
33
1
31
9
5
79
79
76
59
1
34
0
20
3
34
70
26
21
21
0
133
557
0
2
22
35
65
0
525
0
142
499
