223
0
3
6
12
6
1
27
183
6
0
6
9
26
12
2
6
38
26
1
11
6
7
2
26
13
0
0
0
0
1
0
27
7
0
0
0
5
21
0
25
0
4
20
0
0
16
11
12
10
16
14
0
0
7
6
1
1
15
20
6
135
0
0
0
135
20
6
5
50
5
5
10
0
0
0
12
0
0
0
0
0
0
0
0
0
0
0
0
0
0
0
0
0
0
0
0
0
0
0
0
0
0
0
0
0
1
0
0
0
0
0
11
10
17
15
10
30
0
10
1
6
28
4
0
4
1
2
0
4
0
15
5
6
7
0
0
0
0
0
0
9
10
0
0
0
0
0
0
0
0
0
0
0
0
0
0
10
15
1
11
22
117
1
0
0
1
30
4
0
16
22
117
0
0
0
0
0
0
0
0
0
0
0
0
0
0
0
0
0
0
0
0
0
0
0
0
0
0
0
0
0
0
0
0
0
0
15
11
1
10
13
1
11
0
0
3
172
18
0
20
0
0
0
0
0
0
0
0
0
0
0
0
0
0
0
0
0
0
1
1
0
0
0
0
0
0
0
0
0
0
0
0
0
0
0
0
0
9
14
0
0
0
0
0
0
0
0
0
0
0
0
0
1
0
0
0
0
0
0
0
0
0
0
0
0
0
0
53
10
0
28
0
0
0
0
0
0
1
0
17
21
3
10
0
0
20
10
10
7
23
1
82
23
118
1
0
0
7
40
0
3
25
48
1
7
117
0
1
0
6
0
6
0
10
1
18
0
20
82
4
5
1
0
109
0
87
1
0
0
0
0
15
6
18
2
9
21
90
0
2
12
82
12
1
76
0
6
24
1
54
9
22
6
43
6
92
4
158
3
6
2
1
24
0
1
145
1
18
12
3
7
7
0
6
5
19
21
21
1
16
21
5
16
9
1
19
0
98
27
12
6
1
8
11
18
1
8
0
7
5
14
6
2
15
0
0
38
445
37
0
0
33
1
24
1
6
12
8
12
12
0
116
18
130
6
13
1
52
20
132
0
4
6
6
0
21
6
118
3
36
21
101
0
0
89
1
141
1
198
2
5
28
1
32
18
9
8
1
32
7
1
159
1
6
6
0
0
1
0
0
0
0
0
0
1
2
2
0
0
0
0
0
0
0
0
0
0
0
0
0
0
1
0
117
0
11
