1
0
4
0
0
1
2
0
0
2
2
0
43
22
0
0
0
458
0
412
64
1
7
1
445
1
6
442
0
0
1
1
3
0
0
1
0
1
1
0
49
1
25
5
14
0
2
1
3
423
2
1
0
0
0
0
0
0
0
0
6
1
10
1
1
0
20
6
1
0
2
0
0
0
65
0
0
1
10
28
3
0
0
0
0
40
0
0
0
0
1
30
0
0
0
0
0
0
0
0
0
5
0
1
1
2
2
1
7
35
4
0
15
1
0
0
3
2
1
386
26
0
1
64
1
38
69
407
1
25
456
20
572
5
4
18
1
385
391
389
411
20
26
12
2
3
20
1
26
3
20
21
446
0
385
0
20
1
0
10
2
3
2
386
0
0
425
0
0
0
425
0
425
0
425
0
425
0
0
0
0
0
0
0
0
0
0
0
0
0
0
0
0
0
0
0
0
0
0
0
0
0
0
0
0
0
0
0
0
1
411
0
1
1
3
0
0
0
2
64
0
0
0
0
425
70
2
1
4
72
0
386
1
16
1
5
29
7
7
3
64
7
18
0
0
0
14
437
395
2
415
24
1
385
7
3
7
0
513
0
15
0
43
6
5
70
455
14
9
43
9
163
6
17
10
90
6
9
99
0
14
6
7
19
1
6
94
387
28
7
12
4
0
0
15
9
12
0
5
436
0
25
5
6
21
15
13
23
9
12
114
434
5
1
6
97
0
5
6
139
5
2
34
2
0
1
6
37
9
57
63
5
179
0
0
5
46
6
1
104
387
4
6
0
29
435
0
0
0
0
0
0
0
425
0
0
425
0
0
425
0
0
425
0
0
425
0
0
425
0
0
425
0
0
0
0
0
0
0
0
0
0
0
0
0
0
0
0
0
0
0
0
0
0
0
0
0
0
0
0
0
0
0
0
0
0
0
0
0
0
0
0
0
0
0
0
0
0
0
0
0
0
0
0
0
0
0
0
0
10
4
0
405
387
386
