3
164
0
0
3
31
21
47
2
0
7
21
0
15
47
28
0
0
5
0
0
8
12
0
32
2
473
10
34
1
5
6
82
30
26
0
25
28
52
0
56
13
0
159
8
12
0
17
0
10
26
11
2
3
10
3
6
0
1
0
7
15
16
15
0
0
0
0
0
59
2
2
23
6
12
30
2
5
0
22
0
0
0
0
7
0
0
0
10
0
0
0
0
0
0
0
0
22
0
0
1
6
26
0
10
0
25
16
0
1
0
30
0
0
0
0
0
0
0
0
0
25
0
29
2
0
0
0
0
0
0
0
0
0
2
0
0
2
1
23
0
0
2
0
15
23
1
5
0
0
0
0
0
0
1
20
16
20
21
18
0
105
10
8
0
0
0
0
7
1
6
0
0
0
0
0
0
0
0
0
0
0
0
0
0
0
2
0
0
0
0
0
0
0
0
0
0
0
0
0
0
0
0
0
0
0
0
0
0
0
0
0
0
0
0
0
0
0
0
0
0
0
0
0
0
0
0
0
0
0
0
0
0
0
0
0
0
0
0
0
0
0
0
0
0
0
0
0
0
0
20
0
0
0
0
0
0
0
0
0
0
0
0
0
0
0
0
0
0
1
0
0
1
0
0
431
437
449
430
45
425
1
52
21
23
8
21
40
30
11
20
3
20
0
5
0
10
36
24
28
1
13
41
25
16
5
0
8
0
0
0
0
0
5
13
8
32
21
7
1
21
1
25
124
6
10
7
22
13
10
9
5
9
39
6
3
24
42
11
1
105
69
13
85
57
10
0
29
8
12
1
0
5
65
455
5
23
8
5
0
0
2
94
6
0
4
1
0
6
10
11
21
39
12
14
10
11
6
5
18
6
1
66
0
1
14
23
8
37
0
6
3
20
12
59
4
26
0
0
0
5
11
9
418
9
18
12
20
25
6
4
42
394
11
0
390
6
0
20
0
17
0
4
16
16
87
10
6
1
0
4
18
24
2
12
0
5
1
0
0
1
1
5
9
11
0
0
20
6
0
0
5
0
41
5
6
0
0
30
16
0
6
13
213
21
0
6
112
6
13
0
0
2
0
0
0
0
1
0
0
9
0
1
29
16
28
0
1
1
0
1
0
0
0
16
0
0
0
0
0
52
27
63
0
0
0
0
0
0
0
0
0
0
64
0
0
0
0
0
0
0
0
0
0
64
0
0
0
0
0
0
0
0
0
6
0
0
0
0
0
0
0
0
0
0
0
33
0
7
20
2
2
96
22
62
21
35
6
0
0
81
80
1
477
24
21
11
11
15
