3
1
1
5
0
3
21
1
3
1
1
471
0
0
1
11
0
0
3
7
0
6
17
26
8
4
3
3
7
1
21
21
48
22
0
20
0
33
4
26
5
4
5
10
9
59
1
1
0
3
12
17
0
2
0
104
2
4
6
6
40
0
2
1
26
60
2
2
10
2
0
0
0
0
0
0
0
2
0
0
0
6
0
0
7
4
10
7
1
0
25
0
0
20
0
1
0
1
11
3
2
4
0
0
0
3
2
8
2
0
0
5
2
1
0
0
5
0
21
5
1
1
21
5
2
0
10
1
0
0
1
1
2
0
2
0
1
0
11
1
2
0
0
1
0
3
0
2
10
3
1
6
3
0
30
18
0
6
0
3
0
7
0
0
2
0
0
405
506
1
20
0
0
1
388
0
0
0
1
0
20
25
0
0
2
22
440
1
5
0
0
1
0
0
7
464
0
0
391
0
428
424
0
0
0
59
0
0
0
0
0
0
0
0
0
0
0
0
0
0
0
0
0
0
0
0
0
0
0
0
0
20
2
1
0
6
6
27
0
1
71
1
0
0
0
0
2
0
0
0
0
0
0
417
387
0
0
0
0
0
61
59
0
9
0
1
20
20
444
59
2
2
415
1
21
0
470
385
59
0
0
0
0
0
0
9
0
0
0
0
0
0
0
8
421
59
0
0
0
0
0
0
0
0
0
0
0
0
0
0
0
0
0
0
415
12
405
65
60
7
6
7
0
0
0
406
2
0
2
0
480
385
1
418
0
67
417
0
59
4
7
0
0
1
1
1
0
4
21
6
1
3
0
0
0
0
25
99
0
69
8
89
0
64
8
66
40
6
18
5
13
70
386
69
23
169
6
17
7
4
7
0
4
5
14
16
0
65
6
27
6
10
9
0
0
3
0
25
0
0
88
0
6
13
0
7
442
0
130
405
1
0
0
65
1
4
5
108
0
13
8
120
0
426
62
12
0
1
2
2
14
1
6
24
5
1
34
15
17
9
1
153
0
10
448
83
1
10
13
1
105
26
11
9
4
28
7
1
5
1
173
0
5
60
0
6
5
7
85
7
0
0
0
8
5
7
97
0
5
670
0
1
665
0
1
389
0
10
0
0
13
0
3
2
80
3
1
1
0
0
0
0
3
1
1
0
0
2
1
5
21
0
6
0
38
0
3
1
5
0
0
0
0
5
1
35
5
0
7
7
6
1
39
0
0
40
2
1
16
1
4
1
5
0
12
509
0
14
0
1
1
1
9
0
0
0
7
0
6
0
0
0
0
2
3
25
2
3
0
4
11
392
424
21
0
13
63
5
0
385
2
392
2
415
81
32
36
9
0
29
3
8
6
468
9
0
59
0
0
474
444
0
0
0
0
0
0
0
0
0
444
59
0
0
0
0
0
385
0
0
0
0
0
20
415
59
0
0
0
0
0
0
0
0
0
0
0
385
447
6
397
0
3
20
0
20
0
2
0
0
0
0
0
0
0
0
1
0
4
6
6
6
0
7
50
23
0
