1
450
0
0
1
2
1
3
2
0
1
70
0
0
83
0
4
9
6
167
109
2
4
5
1
0
5
17
0
0
9
7
1
454
0
391
0
0
67
27
20
1
17
0
0
32
1
1
1
0
5
0
0
1
5
21
20
33
31
30
6
3
1
0
1
0
0
8
0
0
17
0
0
30
24
1
0
0
2
5
35
1
1
1
0
6
1
55
2
3
0
1
5
3
0
1
17
0
0
0
11
1
0
0
0
0
3
2
1
39
14
0
0
2
16
1
0
2
15
0
4
0
0
0
1
7
16
2
0
0
11
0
1
7
0
2
0
1
2
6
0
1
59
0
0
0
0
0
0
0
0
0
0
0
0
0
0
0
0
0
0
3
0
0
6
0
0
0
0
0
0
0
0
0
0
0
0
0
0
0
0
0
0
0
0
0
0
0
0
0
0
0
0
0
0
0
0
0
0
0
0
0
0
0
0
0
0
0
0
0
0
0
0
0
0
0
0
0
0
0
0
0
0
0
0
0
1
0
0
0
0
0
0
0
0
0
0
0
0
0
0
0
0
0
0
0
0
0
0
0
0
0
0
0
0
0
0
0
0
0
0
0
0
0
0
0
0
7
0
0
0
0
0
0
0
0
0
0
6
8
6
0
1
0
0
0
0
0
0
0
0
0
0
0
0
20
0
0
0
0
0
0
0
0
0
1
0
1
0
59
0
519
410
13
25
0
13
5
1
0
25
4
0
410
398
4
0
5
4
0
0
0
13
0
0
1
26
0
60
0
82
1
0
0
5
0
0
0
0
0
60
0
0
10
6
5
2
59
0
0
0
0
0
0
61
0
0
12
0
2
2
1
0
15
0
0
0
0
0
60
0
11
1
0
30
6
0
0
6
9
0
1
0
5
0
4
7
1
91
15
5
1
0
5
5
21
2
1
3
1
0
5
22
1
4
5
1
8
56
0
4
7
0
7
0
5
7
2
8
3
5
18
6
0
2
1
0
78
19
1
10
73
8
0
0
4
407
40
388
0
0
0
2
5
0
0
0
19
1
1
3
26
2
4
1
0
17
2
5
17
0
10
9
1
18
15
13
10
44
9
2
5
4
0
40
0
5
65
455
23
30
7
5
29
3
5
1
391
32
0
35
10
5
92
199
6
7
20
0
5
7
6
8
10
11
5
7
27
0
5
4
5
1
4
1
5
1
108
2
1
8
18
5
6
0
18
1
17
0
11
483
0
8
0
10
18
0
5
2
20
3
27
22
0
22
1
6
1
0
20
0
9
11
6
7
11
7
448
0
17
0
11
92
5
10
69
7
12
9
13
5
0
14
13
20
8
5
20
0
171
2
20
57
61
12
10
3
9
9
3
4
8
13
32
8
9
31
9
7
19
5
0
10
22
15
5
20
3
11
38
5
1
418
6
434
0
1
10
445
7
7
16
1
0
157
6
34
0
6
0
55
10
10
28
0
50
5
29
16
0
21
8
28
65
15
5
436
0
1
41
0
1
6
18
0
28
7
22
91
0
4
60
0
6
6
4
0
8
0
1
1
2
1
0
1
0
0
0
0
0
0
0
0
3
0
6
7
0
2
20
9
44
0
3
94
0
36
5
15
8
0
90
0
13
0
15
18
0
2
30
0
7
18
6
0
29
24
16
4
0
16
0
1
22
0
0
15
38
0
1
1
0
3
25
0
31
31
3
0
40
0
16
0
19
1
44
0
0
13
5
5
4
18
0
0
9
25
13
0
3
25
0
422
0
0
433
0
0
426
394
420
25
13
0
5
0
73
515
424
53
13
0
0
3
9
54
21
38
20
1
67
