1
22
0
0
0
0
0
0
0
2
0
18
0
1
1
0
2
5
0
7
0
3
23
2
22
1
24
3
9
205
51
15
1
0
4
0
1
1
1
5
0
1
50
1
1
0
21
0
0
0
0
16
0
0
53
0
13
0
0
77
3
0
53
61
50
54
2
49
3
63
0
27
6
0
0
5
0
0
56
0
0
92
119
0
0
4
50
49
49
53
50
53
0
49
0
7
54
63
0
0
112
4
22
60
50
61
49
0
4
9
12
0
8
0
0
0
0
0
112
3
10
24
64
8
51
54
1
2
386
61
0
20
132
87
425
10
0
458
394
49
0
62
0
63
61
0
1
20
23
38
16
50
21
51
51
0
0
0
6
1
61
50
2
108
130
60
5
20
64
0
54
57
0
128
59
5
0
0
0
0
1
0
69
5
7
88
9
67
19
3
72
3
67
50
50
63
0
20
0
0
5
3
85
4
13
16
13
64
11
0
18
180
25
0
0
0
0
0
10
15
10
15
11
4
1
1
2
12
6
424
2
0
204
16
0
21
12
1
0
0
0
5
0
15
0
1
64
455
23
6
0
0
3
52
0
1
1
3
0
1
1
3
0
30
2
0
153
1
1
0
1
4
8
2
4
0
51
0
16
10
1
37
0
8
7
21
0
1
15
0
0
6
3
49
1
4
6
10
0
6
5
9
5
6
1
10
0
13
0
0
16
0
4
4
0
2
0
13
0
14
0
6
2
0
1
9
0
3
21
9
2
26
0
129
0
0
4
2
2
2
118
0
0
41
6
22
4
0
6
1
0
10
1
0
0
1
5
0
12
1
0
1
0
0
1
1
2
1
1
1
0
0
5
4
0
5
0
22
1
0
0
3
6
20
28
0
1
22
24
10
1
52
0
0
0
5
399
4
2
1
0
3
7
0
0
0
0
0
61
0
0
62
0
0
0
0
7
0
0
0
0
0
21
3
0
1
0
0
117
58
1
73
10
10
10
10
13
0
0
54
49
17
10
13
13
10
10
10
10
14
4
13
5
49
13
0
14
0
3
7
14
0
0
0
2
2
65
50
52
57
49
