2
0
7
1
0
0
2
83
23
0
62
2
12
2
2
24
86
0
1
0
0
7
0
24
99
23
0
66
4
15
8
23
26
0
40
0
2
0
13
0
10
1
0
1
4
0
0
0
0
0
0
0
0
0
0
0
0
0
0
0
0
60
0
0
176
0
0
5
5
63
0
8
0
0
2
0
0
0
0
0
0
0
1
0
4
5
0
0
0
3
0
0
1
1
0
0
0
0
0
2
0
0
0
0
2
0
0
0
0
0
0
0
3
0
0
24
2
0
0
0
0
0
0
0
0
0
0
0
0
14
0
7
0
0
0
0
0
0
0
0
0
0
0
0
0
0
0
0
0
0
0
0
0
1
0
2
1
6
0
0
0
12
0
16
3
5
0
0
0
2
0
0
0
4
0
0
1
1
0
0
3
6
0
1
0
0
3
0
0
0
0
0
0
9
0
0
0
0
0
0
0
0
0
0
0
0
0
0
0
220
0
1
443
2
9
20
11
3
0
2
75
0
0
0
5
0
0
0
0
29
10
20
0
385
0
0
0
0
0
0
0
0
0
0
0
0
0
0
0
0
0
0
0
0
0
0
0
0
0
0
0
0
0
12
9
0
1
0
2
3
0
0
1
0
0
0
0
0
0
0
2
1
0
25
0
0
0
0
0
9
0
0
0
0
0
0
0
0
1
3
0
0
0
0
0
1
0
0
0
3
0
0
10
0
0
9
0
394
10
0
9
0
29
16
6
15
15
0
15
0
4
0
24
0
0
1
0
20
22
25
0
80
81
4
2
0
0
20
59
60
1
0
12
0
0
0
0
0
0
0
0
18
1
0
0
0
0
1
5
1
0
13
122
0
3
0
82
20
9
6
11
0
390
1
3
10
0
2
2
150
30
0
0
2
0
1
6
0
0
0
5
0
9
1
27
2
0
3
6
0
2
65
2
77
95
169
4
64
449
8
2
0
8
0
0
6
0
4
413
388
61
385
0
1
12
120
1
137
6
11
12
0
93
3
3
4
0
0
0
1
16
2
5
4
33
13
5
19
125
12
35
11
155
4
1
26
0
15
7
30
2
128
9
141
0
6
163
2
2
0
117
0
17
88
21
0
8
0
0
0
0
0
0
0
0
0
0
0
0
0
0
0
2
0
0
0
0
0
0
0
0
0
12
0
1
3
5
478
5
0
64
1
1
1
0
43
75
0
448
411
0
0
0
21
1
1
1
10
0
0
0
0
0
0
2
0
0
0
0
0
0
0
0
0
0
0
0
0
0
0
385
0
0
0
0
0
0
0
0
0
0
0
0
0
0
0
0
0
0
0
0
0
0
0
0
0
0
0
0
0
0
0
0
0
0
0
0
0
0
0
0
0
0
0
0
0
0
0
0
0
0
0
0
0
0
0
0
0
0
0
0
0
0
0
0
0
0
0
0
0
0
0
0
0
0
0
0
0
0
0
0
0
0
0
0
0
0
0
0
0
0
0
0
0
0
0
0
0
0
0
10
0
0
0
0
0
0
0
0
0
0
0
0
0
0
0
0
0
0
0
0
0
0
0
0
385
0
0
0
0
0
0
0
0
0
0
0
0
0
0
0
0
0
0
0
0
0
0
0
0
0
0
0
0
0
0
0
0
0
0
0
0
0
0
0
0
0
0
0
0
0
0
0
0
0
0
0
0
0
0
0
0
0
0
0
0
0
0
0
0
0
0
0
0
0
0
0
0
0
0
0
0
0
0
0
0
0
0
0
0
0
0
0
0
0
0
0
0
0
0
0
0
0
0
0
0
0
0
0
0
0
0
0
0
10
0
2
0
0
0
0
0
15
0
0
59
0
