105
0
11
0
0
14
44
36
26
0
5
15
0
15
10
221
32
21
15
2
0
13
39
10
0
25
5
0
5
58
0
0
7
1
0
26
28
13
0
0
0
0
0
0
12
15
0
0
0
6
23
0
22
22
20
6
0
0
0
0
20
127
0
65
2
0
95
36
20
0
0
0
0
99
11
0
0
0
0
0
147
20
1
10
10
5
106
48
6
1
0
10
0
0
0
0
0
0
0
0
0
0
0
0
5
0
6
37
2
0
5
0
0
0
0
0
5
1
1
1
6
11
15
8
6
12
16
15
1
1
38
0
9
118
0
0
0
0
30
30
0
0
0
0
0
0
0
0
0
0
0
0
34
30
103
5
20
9
9
8
0
0
20
20
0
0
0
0
0
120
0
0
0
0
0
0
398
0
8
0
0
0
0
0
0
411
20
0
0
0
0
0
0
20
0
0
0
0
0
0
0
20
30
0
0
630
64
1
4
26
21
50
39
0
6
1
29
26
1
0
0
0
0
9
0
30
0
0
0
0
0
0
30
0
0
0
0
30
9
29
18
18
0
0
0
0
0
0
0
0
0
0
0
0
0
0
0
0
0
0
0
21
29
0
6
30
30
38
15
73
1
68
46
0
0
21
21
35
17
57
0
0
38
0
0
0
0
0
0
0
0
0
0
0
0
0
31
6
20
67
6
6
1
10
21
38
430
194
0
138
0
8
8
14
45
0
0
6
4
8
7
17
19
403
1
6
9
0
77
0
6
12
113
26
13
81
0
13
5
20
0
5
35
9
13
12
8
6
19
63
6
140
8
12
132
2
13
119
8
13
40
45
13
29
14
6
3
1
5
7
20
1
214
0
7
8
1
6
36
0
13
12
0
11
6
0
13
32
49
6
85
13
6
106
29
10
22
0
151
13
14
123
0
6
36
8
12
7
0
0
22
8
18
25
7
16
15
445
85
1
15
31
7
215
1
12
2
0
14
22
3
0
4
0
31
9
0
8
0
10
9
193
6
10
294
1
12
42
0
18
60
8
14
39
33
13
210
0
20
0
0
90
0
37
6
0
178
0
21
12
88
0
9
144
0
0
12
19
8
10
6
