173
0
1
6
1
8
3
1
16
56
0
0
122
0
0
0
0
0
0
2
0
0
0
0
0
0
0
0
0
0
0
1
4
0
0
11
0
17
39
0
10
0
1
0
0
0
0
4
3
4
1
7
12
5
26
6
1
1
0
0
0
0
0
1
51
2
1
1
6
0
1
0
0
4
3
1
12
4
1
11
3
1
0
7
1
0
0
0
0
0
0
0
1
16
0
0
0
0
0
0
2
3
2
0
0
1
0
3
0
24
0
0
0
1
42
30
2
7
11
1
5
0
8
16
1
6
3
1
0
0
0
0
0
0
0
11
0
7
1
1
1
6
5
0
0
1
0
0
0
0
0
0
0
2
0
0
0
1
0
0
4
0
0
0
2
1
0
1
0
117
51
4
19
6
1
4
6
2
0
1
6
38
10
0
1
0
0
4
1
1
0
159
0
522
0
0
0
0
0
0
0
0
0
0
0
0
0
0
0
54
29
4
1
1
0
84
1
1
20
0
75
0
182
562
4
385
14
1
0
0
0
385
0
0
0
0
0
0
0
0
0
0
0
0
0
0
0
0
385
0
0
0
0
0
0
0
0
1
453
1
0
0
11
0
386
6
2
0
1
0
2
2
6
0
2
0
2
43
63
129
411
400
0
0
2
1
0
1
0
5
2
63
0
578
0
385
0
529
2
1
12
1
0
0
0
4
14
0
0
60
1
21
0
117
0
0
30
3
0
402
1
70
455
14
8
5
68
42
14
94
429
0
84
44
22
1
9
0
0
0
24
87
0
6
16
9
444
14
5
84
6
53
5
65
1
142
24
1
9
12
0
6
216
49
15
1
5
11
21
23
14
17
0
15
26
5
0
18
129
2
6
1
6
55
152
0
44
6
65
0
0
13
144
6
12
113
0
6
182
33
37
9
105
6
6
209
5
3
124
65
55
45
131
49
16
24
5
79
44
5
8
0
0
0
20
0
16
6
0
0
2
2
2
1
582
70
1
1
2
0
0
0
0
0
0
0
0
0
0
0
65
8
0
