16
8
0
0
15
0
35
5
17
29
81
5
45
407
115
462
385
0
7
0
0
43
17
48
23
42
19
17
11
16
0
0
6
0
0
6
24
15
15
18
0
389
391
0
11
28
0
12
22
0
20
10
48
1
0
0
0
0
0
0
0
0
18
0
0
0
0
0
0
15
34
19
401
26
0
0
0
0
0
10
17
0
16
0
0
0
0
0
0
21
16
0
1
10
64
8
0
0
0
0
17
14
1
0
0
0
0
0
0
1
0
0
0
0
0
17
0
10
1
10
4
0
0
5
0
0
0
6
0
0
42
41
67
1
506
0
18
19
0
6
5
20
0
7
7
69
15
15
12
64
1
1
5
10
10
15
2
0
5
11
13
1
18
0
12
0
12
0
16
0
0
70
15
8
0
15
15
35
12
12
5
0
0
0
0
0
0
0
0
1
0
1
0
4
5
0
0
0
0
0
0
385
385
385
0
0
0
9
0
0
0
0
0
0
0
0
0
0
0
0
0
0
0
0
0
0
0
425
0
425
425
0
0
0
0
0
9
9
9
0
0
0
0
0
0
15
10
0
0
8
15
491
94
455
17
1
1
4
63
0
83
1
17
59
6
12
14
0
0
425
5
10
41
5
499
5
0
5
0
385
9
0
5
0
9
0
0
425
0
0
411
0
445
0
9
0
5
5
5
9
61
484
6
1
1
0
0
0
37
15
6
34
5
8
39
4
64
455
13
10
417
6
0
0
27
6
15
0
6
0
3
36
12
0
0
401
5
1
2
10
29
1
5
28
1
3
19
4
20
9
24
9
2
15
1
6
0
3
10
19
0
18
3
0
395
385
11
18
9
0
9
10
0
9
15
7
14
25
3
15
135
426
2
5
30
12
0
16
43
2
81
10
10
74
0
24
12
1
12
39
13
29
10
22
38
6
390
15
0
15
8
21
0
193
15
33
13
7
385
26
1
3
29
2
48
19
10
57
0
5
0
7
4
0
0
14
10
6
1
23
7
59
0
0
5
404
425
9
0
13
21
0
1
0
4
5
0
1
0
0
0
0
0
0
385
385
385
0
0
0
9
0
0
0
0
0
0
0
0
0
0
0
0
0
0
0
0
0
0
0
0
0
0
0
0
0
0
0
386
0
0
0
0
0
385
0
425
425
0
9
385
0
0
0
0
0
0
425
425
0
0
0
0
0
0
0
0
0
0
0
0
0
425
0
0
0
0
0
0
9
9
0
0
0
0
0
0
0
0
0
0
0
0
0
426
0
0
0
0
10
0
9
9
0
0
0
0
0
0
15
10
0
0
6
