1
0
4
0
0
4
4
0
11
15
61
4
10
10
4
0
0
0
9
10
10
30
1
0
3
0
1
4
10
11
20
49
0
49
21
4
0
1
27
0
17
0
0
24
5
6
0
0
0
10
0
0
0
0
3
4
31
14
0
0
4
0
0
1
0
10
0
20
2
4
0
33
0
38
0
21
0
20
31
0
9
1
99
81
450
0
385
0
398
2
5
20
4
1
7
0
13
0
32
6
14
22
0
20
0
0
0
1
14
0
1
0
0
10
10
0
3
16
19
0
0
0
11
10
0
0
10
10
15
0
0
0
0
63
15
0
10
11
0
1
0
0
0
0
21
1
0
0
2
10
11
0
1
0
0
5
20
1
389
486
20
411
6
4
19
1
399
10
0
0
0
385
0
0
0
0
396
1
28
10
386
13
5
6
0
390
13
5
39
479
74
10
20
20
0
0
5
52
4
20
10
15
0
0
1
26
0
386
101
27
0
0
1
0
0
0
0
5
0
31
4
9
14
20
9
0
14
8
3
0
0
6
0
20
0
0
0
0
0
0
0
0
0
0
0
0
0
0
0
0
0
20
0
0
0
0
10
0
0
20
0
0
0
0
0
0
0
21
0
20
0
10
10
0
0
0
6
2
3
0
0
0
3
0
12
0
0
11
0
0
19
1
0
0
0
10
10
0
0
10
0
2
10
19
8
10
0
13
9
10
0
10
10
0
10
63
0
0
20
6
0
0
0
3
69
10
10
0
0
2
0
3
20
19
2
13
64
0
0
3
60
0
0
0
0
20
0
2
10
10
4
1
1
10
11
0
13
11
0
0
0
12
5
0
18
0
3
21
12
6
26
14
63
1
2
1
14
19
0
1
10
1
1
1
1
0
1
10
0
22
13
11
20
0
6
0
10
18
0
6
0
106
19
1
116
27
406
19
20
20
0
10
2
64
455
28
11
15
6
3
6
1
22
8
400
20
6
6
5
5
1
395
0
5
4
37
15
20
20
19
0
5
0
6
26
0
22
5
6
83
25
24
19
7
144
424
13
6
16
412
2
5
16
0
387
0
20
27
5
8
0
385
20
12
5
0
39
0
1
0
3
22
0
6
6
6
4
0
16
5
21
1
0
0
9
0
5
95
17
5
13
1
6
6
6
9
0
6
10
24
15
1
12
9
1
1
0
20
5
0
0
11
0
6
1
15
0
26
1
0
5
0
4
0
5
0
0
0
0
0
1
7
0
26
386
0
0
0
0
0
0
0
0
0
0
0
0
0
0
0
0
0
0
0
0
0
0
0
0
0
0
0
0
0
0
0
3
0
0
386
0
0
0
385
0
0
0
0
0
0
391
0
0
0
0
0
0
0
0
0
0
0
0
0
0
0
0
0
0
0
0
0
0
1
0
