20
3
4
1
0
6
0
0
1
5
30
0
3
11
0
8
0
5
0
0
0
0
0
0
2
32
50
49
24
39
4
0
0
2
0
0
0
12
19
0
3
2
16
21
0
1
0
0
20
0
26
46
75
3
3
7
30
1
26
0
6
6
13
0
1
2
0
23
15
9
5
0
0
6
26
0
5
13
0
0
24
6
0
25
37
0
20
0
20
0
0
13
0
0
0
0
2
0
23
6
0
0
20
23
87
0
0
0
0
0
0
0
0
0
1
0
0
1
21
21
0
8
0
2
0
10
0
0
0
0
0
0
0
0
0
0
0
0
1
0
0
0
0
1
14
0
0
0
1
13
0
13
20
3
0
9
6
3
0
50
0
0
16
1
9
3
0
1
0
11
2
11
0
33
11
0
0
466
0
0
0
2
54
0
3
0
21
0
0
0
0
1
2
0
44
0
0
6
0
0
0
0
0
10
1
9
0
54
21
21
20
425
0
445
1
479
0
6
5
49
475
0
27
2
4
159
457
0
0
496
0
59
0
5
1
0
79
0
60
40
0
10
0
9
0
7
1
447
1
0
448
447
426
61
20
0
0
0
427
0
5
3
3
49
22
0
50
434
0
0
0
0
0
0
427
0
21
458
26
0
1
49
10
26
0
0
0
0
7
1
11
0
5
1
21
28
1
20
0
0
0
3
0
5
1
0
0
0
10
2
6
4
0
1
0
0
1
9
1
2
11
0
0
114
426
0
0
0
4
10
23
0
0
392
0
18
6
8
22
1
1
0
21
6
6
6
0
5
1
116
0
21
2
0
81
1
1
14
0
0
0
1
33
13
10
0
0
2
0
6
2
6
0
3
0
0
8
0
19
0
22
8
0
1
7
1
7
0
0
0
3
0
0
11
0
1
1
445
0
445
2
0
0
0
0
0
0
0
0
0
0
0
0
0
1
1
0
12
0
12
17
0
0
0
0
0
0
0
0
0
0
0
0
0
0
0
22
0
0
0
0
0
0
0
0
0
0
0
0
0
0
427
0
