12
148
0
25
7
74
11
37
106
0
0
409
0
12
0
0
34
0
49
81
1
27
11
19
108
10
11
63
15
3
16
30
33
12
26
1
27
109
38
0
72
0
22
13
16
0
0
16
64
16
54
16
31
0
0
0
0
0
0
0
0
0
27
0
16
0
9
9
0
0
27
0
9
28
0
0
0
1
15
38
0
0
0
0
0
15
0
19
16
123
6
97
95
16
10
10
395
21
0
0
0
6
9
33
38
49
17
69
10
23
106
0
0
0
0
1
493
26
0
0
0
0
0
0
0
0
79
0
0
0
15
6
23
5
5
4
27
11
0
17
0
10
21
1
11
0
36
0
6
5
0
15
48
16
1
4
1
32
21
16
24
0
0
0
0
0
0
0
0
0
0
0
0
407
0
0
0
0
0
0
0
17
0
0
0
0
0
0
0
0
0
1
11
4
0
0
0
23
6
31
0
23
0
7
10
7
22
11
0
0
21
64
1
0
0
0
33
0
0
0
33
25
0
26
0
0
60
0
0
0
0
0
0
0
0
15
56
0
0
2
17
99
84
68
88
95
57
0
15
0
15
116
68
50
37
16
0
64
0
33
6
42
0
0
33
0
0
0
0
0
0
87
0
0
0
54
54
0
0
0
0
37
15
25
114
0
1
0
66
0
36
6
0
16
1
58
55
0
11
97
55
6
7
69
0
1
6
26
77
6
428
71
387
7
17
436
63
0
86
90
65
46
20
54
22
6
2
27
7
0
18
16
17
113
61
8
21
12
9
26
15
0
0
14
0
79
2
0
154
0
7
250
0
7
15
15
20
8
40
7
65
455
130
6
14
7
110
9
11
15
14
7
23
75
9
22
12
179
30
1
20
0
63
26
0
25
114
426
4
9
91
6
7
34
63
22
9
22
32
9
3
7
184
8
134
2
78
401
3
1
11
6
3
75
7
2
69
1
9
49
48
23
6
1
0
1
445
0
0
0
0
0
0
0
0
0
0
9
0
0
0
0
0
0
0
0
0
0
0
0
0
0
0
0
0
0
0
0
0
0
0
0
0
9
0
1
0
0
52
0
0
1
0
0
0
0
0
0
0
0
0
0
0
0
0
0
21
15
0
0
0
0
0
0
0
0
0
0
0
0
0
0
0
0
0
0
0
0
0
0
0
0
0
0
0
0
0
59
0
0
0
0
0
0
0
0
0
0
0
0
21
0
15
0
0
0
0
0
0
0
0
0
0
0
0
0
80
15
0
0
0
0
0
0
0
0
0
0
0
0
0
0
0
0
0
0
0
0
0
0
0
0
21
15
21
15
0
0
0
0
0
0
0
0
0
0
0
0
0
0
0
0
0
0
0
0
0
0
0
0
0
0
0
0
0
0
0
0
0
0
0
0
0
0
0
0
0
0
0
0
0
0
0
0
0
0
0
0
0
0
0
0
0
0
0
0
0
0
0
0
0
0
0
0
0
0
0
0
0
0
0
0
80
15
21
15
21
15
0
0
0
0
0
0
0
0
0
0
0
0
0
0
0
0
0
0
0
0
0
0
0
0
0
0
0
0
0
0
0
0
0
0
0
0
0
0
0
0
0
0
0
0
0
0
0
0
0
0
0
0
0
0
0
0
0
0
0
0
0
0
0
0
0
0
0
0
0
0
0
0
0
0
0
0
0
0
0
0
0
0
0
0
0
0
0
0
0
0
0
0
0
0
0
0
0
0
0
0
0
0
0
0
0
0
0
0
0
0
0
0
0
0
0
0
0
0
0
0
0
0
0
0
0
0
0
0
0
0
0
0
0
0
0
0
0
0
0
0
0
0
0
0
0
0
0
0
0
0
0
0
21
15
0
0
0
0
0
0
0
0
0
0
0
0
0
0
0
0
0
0
0
0
0
0
0
0
0
0
0
0
0
0
0
0
0
0
0
0
0
0
0
0
0
0
0
0
0
0
0
0
0
0
0
0
0
0
0
0
0
0
0
0
0
0
0
0
0
0
0
0
0
0
0
0
0
0
0
0
0
0
0
0
0
0
0
0
0
0
0
0
0
0
0
0
0
0
0
0
0
0
0
0
0
0
0
0
0
0
0
0
0
0
0
0
0
0
0
0
0
0
0
0
0
0
0
0
0
0
0
0
0
0
0
0
0
0
0
0
0
59
21
15
0
21
15
0
21
15
0
0
0
