18
0
4
0
3
0
49
65
0
0
33
3
39
20
113
74
4
6
23
5
64
119
2
0
19
1
39
50
17
53
12
0
0
234
0
0
7
31
1
0
63
1
0
0
0
0
1
6
20
106
2
25
1
48
16
54
2
63
437
117
2
1
27
0
0
0
0
0
1
0
0
0
0
0
4
16
1
1
0
0
0
0
2
30
2
0
5
0
74
0
20
0
15
9
24
9
22
1
33
53
81
3
5
8
0
7
0
25
0
0
16
0
12
0
1
5
8
85
98
20
98
6
15
0
0
0
0
0
42
42
35
1
16
24
0
5
58
36
9
63
24
15
0
0
33
34
0
63
56
0
0
33
0
0
62
35
0
17
16
0
10
53
2
1
1
0
38
2
44
3
0
16
10
34
0
0
0
0
0
0
0
0
0
34
2
4
33
4
3
10
0
0
0
3
0
47
34
2
1
26
52
1
65
36
37
0
35
73
15
65
20
49
20
9
34
22
0
49
49
0
79
5
0
67
0
0
30
7
25
5
3
87
11
54
31
20
40
1
15
0
14
1
20
8
14
0
18
22
65
455
31
6
14
0
0
15
18
17
5
16
9
7
15
16
15
119
426
375
6
0
399
2
26
35
2
34
24
4
30
0
11
24
19
16
33
15
19
23
12
25
16
61
72
32
11
31
0
49
31
0
53
7
35
4
32
9
234
20
80
17
5
29
5
9
1
205
18
6
16
0
114
3
26
26
79
18
37
18
47
0
33
33
43
1
1
0
0
0
0
20
0
0
0
0
0
9
9
33
0
0
33
0
0
33
0
0
0
0
0
0
42
42
0
0
0
0
0
0
33
0
42
0
0
0
33
0
0
0
6
0
0
0
0
6
0
0
2
14
14
15
1
0
0
0
0
0
0
3
6
3
3
1
0
0
0
