2
281
0
57
10
49
3
6
9
4
13
30
7
154
121
419
8
0
3
11
50
0
3
7
155
1
41
123
18
2
0
4
36
1
0
2
3
106
33
0
0
27
2
2
434
85
20
2
6
1
24
416
12
5
35
0
7
17
527
20
98
10
0
8
0
0
0
0
0
37
0
4
8
146
2
0
0
11
15
1
10
4
1
63
0
0
0
118
12
0
0
0
0
0
3
0
3
0
0
0
0
0
0
0
4
0
0
0
0
0
0
7
2
4
1
3
6
0
0
3
0
0
0
0
2
0
4
0
0
0
0
0
0
0
0
12
0
0
0
0
17
41
6
0
0
3
15
0
0
0
0
0
0
0
0
0
0
0
0
0
0
0
0
0
0
0
23
5
10
0
15
7
0
0
0
64
0
104
13
25
3
522
36
8
20
22
30
0
1
76
128
0
104
9
447
12
0
0
0
0
0
0
0
0
0
0
5
2
117
126
12
8
0
7
33
0
0
0
104
9
437
0
0
0
0
0
0
0
0
3
31
0
54
417
527
407
32
139
5
20
12
0
0
0
0
0
0
10
436
0
417
0
0
0
0
2
458
134
413
405
118
52
114
99
12
5
3
0
417
32
266
2
419
7
31
35
35
391
32
0
0
8
128
417
0
0
0
385
32
533
0
17
3
513
16
148
32
502
126
16
0
123
111
427
220
423
0
0
0
0
2
3
0
32
0
126
5
4
0
7
2
2
2
35
3
7
5
0
13
21
8
97
0
3
91
0
6
3
0
12
1
174
3
1
11
142
2
0
20
30
0
8
89
1
118
11
59
46
65
449
145
0
0
2
4
25
0
1
116
0
66
1
2
81
0
48
7
38
2
8
1
21
2
9
3
48
25
39
6
18
66
31
0
49
7
443
37
0
0
17
9
1
6
0
33
0
5
0
31
9
4
4
172
5
189
2
12
0
15
1
82
0
90
2
225
5
111
0
1
131
0
449
265
0
189
0
2
189
0
5
123
1
6
2
0
