8
9
0
0
0
6
24
7
21
21
0
5
20
0
0
8
1
0
0
3
1
36
23
3
2
0
0
16
24
49
2
21
0
2
0
5
20
0
6
0
5
16
2
0
0
0
0
2
0
49
1
0
2
3
5
2
0
4
0
6
0
5
0
1
0
0
1
7
0
0
2
0
0
0
0
0
20
0
1
0
0
0
3
0
0
0
24
0
8
4
0
6
0
0
4
4
0
19
21
21
10
0
7
0
413
0
2
402
1
452
0
18
407
0
0
0
0
12
463
0
12
0
1
0
20
81
0
12
0
20
33
54
414
12
0
1
0
385
0
385
81
1
0
0
400
81
0
49
81
0
69
91
0
9
50
424
0
0
0
0
0
385
0
0
0
0
0
0
0
0
1
5
0
0
0
0
0
3
5
0
0
0
19
15
16
0
11
1
1
59
0
66
0
59
59
68
21
1
6
0
9
0
1
17
412
79
1
0
0
0
0
59
1
1
1
6
403
1
9
0
0
0
68
0
0
410
6
0
0
59
2
405
0
1
1
6
25
24
40
0
1
8
26
60
21
6
13
1
0
64
1
416
13
0
34
0
29
138
0
0
4
6
3
4
1
0
99
0
0
0
0
0
6
0
0
0
1
7
1
81
34
0
84
8
0
0
23
1
1
15
1
0
0
21
0
11
7
17
5
28
0
0
1
3
0
1
10
21
13
9
0
6
0
1
1
13
12
6
3
3
0
5
8
9
0
0
14
17
26
81
13
6
18
5
13
32
0
2
3
4
7
5
5
70
455
14
8
394
22
0
41
1
28
1
387
4
5
1
6
0
0
0
15
2
10
9
11
0
11
0
7
9
7
26
17
5
6
6
0
11
10
1
6
1
0
8
0
2
0
7
5
0
1
0
0
2
1
22
0
7
30
64
6
0
5
1
9
1
0
7
7
6
76
5
5
19
0
5
40
5
8
6
4
46
5
9
6
1
0
5
21
14
1
6
27
0
85
0
12
24
5
195
0
27
15
4
0
87
1
0
163
0
1
0
0
0
5
7
0
0
5
0
0
0
0
0
0
0
5
7
0
0
0
0
5
0
0
0
0
0
0
0
0
0
0
0
5
23
30
0
10
0
7
0
0
0
0
0
0
0
0
0
0
0
0
0
0
0
0
0
0
0
0
0
0
0
0
5
0
0
0
0
0
0
0
0
0
0
0
0
0
0
0
0
0
0
0
0
0
0
0
0
0
2
0
0
11
0
0
0
0
0
11
0
0
0
0
0
1
15
2
0
0
2
0
1
15
0
0
11
0
0
0
11
0
0
0
0
0
0
0
0
0
0
0
0
11
0
0
0
0
0
0
2
3
0
11
0
0
0
0
0
2
1
