2
16
0
3
2
3
16
2
4
0
10
4
0
5
0
15
2
14
1
5
0
513
393
0
17
23
467
3
3
30
7
0
2
1
4
3
4
81
387
5
99
0
0
1
0
0
2
32
4
9
2
0
1
0
8
23
0
0
39
8
3
1
33
0
20
0
6
3
6
14
0
3
1
0
20
0
75
1
5
2
74
443
0
34
387
0
5
0
0
0
20
0
0
12
10
20
0
0
0
0
0
0
0
0
385
0
0
0
1
405
6
1
20
41
0
6
1
0
1
5
5
2
2
5
385
385
0
423
387
511
1
12
0
454
1
408
0
0
400
0
0
0
0
0
0
0
0
423
0
0
423
0
0
423
0
0
0
0
0
0
0
0
0
385
425
0
0
0
0
0
0
0
0
0
0
0
0
0
0
0
0
0
0
0
0
0
0
0
0
0
0
0
0
0
0
0
0
0
0
0
0
0
0
0
0
0
0
0
0
0
0
0
0
0
0
0
0
0
0
0
0
0
0
0
0
0
0
4
445
427
3
427
448
3
444
0
0
1
19
386
461
426
425
0
0
385
0
0
0
0
0
385
425
0
423
423
0
423
423
0
423
423
0
0
0
0
0
0
0
0
0
0
0
0
0
0
0
0
0
0
0
0
0
0
0
0
0
0
0
0
0
0
0
0
0
0
0
0
0
0
0
0
0
0
0
0
0
0
0
0
0
0
0
0
0
41
0
393
410
3
0
2
425
2
0
442
3
464
1
6
1
0
385
424
6
18
385
1
0
0
0
0
0
0
0
0
0
0
0
0
0
0
0
0
0
0
0
0
423
0
0
0
0
0
0
0
0
0
0
0
0
0
0
0
0
0
0
0
0
0
0
0
0
0
0
0
0
0
0
0
0
0
0
0
0
0
0
0
0
0
0
0
0
423
0
0
0
0
0
0
0
0
0
0
0
0
0
0
0
0
0
0
0
0
0
0
0
0
0
0
0
0
0
425
1
0
0
0
0
0
0
0
0
0
0
0
0
0
0
0
0
0
0
0
0
0
0
0
0
0
0
0
0
423
0
0
0
0
0
0
0
0
0
0
0
0
0
0
0
0
0
0
0
0
0
0
0
0
0
0
0
0
0
0
0
0
0
0
0
0
0
423
0
0
0
0
0
0
0
0
0
0
0
0
0
0
0
0
0
0
0
0
0
0
0
0
0
0
0
0
0
0
0
0
0
0
0
1
0
0
0
0
0
0
0
0
0
0
0
0
0
0
0
0
0
0
0
0
0
0
0
423
0
0
0
0
0
0
0
0
0
0
0
0
0
0
0
0
0
0
0
0
0
0
0
0
0
0
0
0
0
0
0
0
0
0
0
0
0
0
423
0
0
0
0
0
0
0
0
0
0
0
0
0
0
0
0
0
0
0
0
0
0
0
0
0
0
0
0
0
0
0
0
2
5
7
0
0
0
408
400
385
0
0
408
400
385
0
0
0
27
10
0
423
409
0
424
386
0
0
430
10
0
24
388
391
0
1
0
1
0
0
3
3
7
0
1
8
0
5
48
0
0
4
1
5
13
18
5
440
8
25
13
84
5
6
45
3
23
6
5
70
455
23
30
7
5
169
6
17
10
0
6
6
5
11
96
6
9
30
5
15
37
63
11
23
0
7
7
12
88
0
6
5
8
4
1
10
5
0
5
0
12
18
1
5
0
0
0
533
0
454
0
66
0
5
31
0
14
10
5
138
6
4
114
426
11
3
69
7
12
8
10
13
22
25
4
31
0
91
0
5
17
2
6
14
0
18
15
5
179
0
0
5
171
0
1
19
0
5
16
1
128
5
4
6
5
6
6
5
13
98
1
6
3
3
0
6
17
8
0
9
13
2
1
0
35
0
53
2
41
1
0
0
0
0
0
0
0
0
385
0
0
0
0
0
0
0
0
0
0
0
0
0
0
0
0
0
0
0
425
0
0
0
0
0
0
0
0
0
0
0
0
0
0
0
0
0
0
0
0
0
0
0
0
0
0
0
0
0
0
0
0
0
0
0
0
0
0
0
0
0
0
0
4
6
425
0
0
385
0
0
0
0
0
385
0
0
0
0
0
0
0
0
0
0
0
0
0
0
0
0
0
0
425
0
0
0
0
0
0
0
0
0
0
0
0
0
0
0
0
0
0
0
0
0
0
0
0
0
0
0
0
0
0
0
0
0
0
0
0
0
0
41
0
5
0
0
0
0
0
0
0
0
0
0
0
0
0
0
0
0
0
0
0
0
0
385
1
0
0
0
0
0
0
0
0
0
0
0
0
0
0
0
0
0
0
0
0
0
0
0
0
0
0
0
0
0
0
0
0
0
0
0
0
0
0
0
0
0
0
0
0
0
0
0
0
0
0
0
0
0
0
0
0
0
0
0
0
0
0
0
0
0
0
0
0
0
0
0
0
425
1
0
0
0
0
0
0
0
0
0
0
0
0
0
0
0
0
0
0
0
0
0
0
0
0
0
0
0
0
0
0
0
0
0
0
0
0
0
0
0
0
0
0
0
0
0
0
0
0
0
0
0
0
0
0
0
0
0
0
0
0
0
0
0
0
0
0
0
0
0
0
0
0
0
0
0
0
0
0
0
0
0
0
0
0
0
0
0
0
0
0
0
0
0
0
0
0
0
0
0
0
0
0
0
0
0
0
0
0
0
0
0
0
1
0
0
0
0
0
0
0
0
0
0
0
0
0
0
0
0
0
0
0
0
0
0
0
0
0
0
0
0
0
0
0
0
0
0
0
0
0
0
0
0
0
0
0
0
0
0
0
0
0
0
0
0
0
0
0
0
0
0
0
0
0
0
0
0
0
0
0
0
0
0
0
0
0
0
0
0
0
0
0
0
0
0
0
0
0
0
0
0
2
5
0
0
21
0
5
420
6
3
0
0
0
7
13
6
0
6
0
12
0
7
14
8
400
1
0
2
0
17
2
6
10
0
0
0
0
3
1
0
0
10
6
1
5
1
5
5
0
0
0
6
0
0
1
1
0
0
0
1
20
1
6
0
0
6
1
12
6
4
5
7
20
0
12
61
0
0
8
416
4
0
0
0
0
0
0
6
14
8
0
0
0
0
0
