386
10
0
8
390
90
405
24
0
32
418
1
5
1
12
28
15
0
15
4
4
32
396
30
22
419
28
1
1
504
55
431
0
446
50
4
18
7
0
14
14
99
1
2
0
2
11
17
0
4
0
10
11
50
5
0
84
385
9
9
0
15
5
5
58
6
5
388
5
0
16
4
16
0
9
385
9
391
15
29
394
399
8
21
25
5
4
17
8
15
0
390
0
12
0
1
0
5
10
399
4
4
4
14
4
0
18
4
5
0
405
14
25
14
14
6
0
0
0
2
385
385
385
64
0
2
7
0
389
389
4
389
14
88
385
46
423
0
0
0
9
0
0
0
0
397
7
385
436
425
426
391
22
385
385
395
29
0
0
1
0
0
0
398
0
427
425
0
0
0
20
0
0
0
0
0
427
425
0
0
0
20
0
0
0
0
0
0
0
59
0
20
0
0
0
425
425
0
0
0
0
0
0
0
0
0
20
0
1
10
0
0
16
405
0
0
0
12
0
0
1
6
385
407
385
387
2
0
493
12
0
12
0
0
0
0
0
0
0
434
425
0
0
0
20
0
0
0
0
0
0
0
0
0
0
59
0
0
0
0
0
20
427
425
0
0
0
0
0
0
0
0
0
59
1
1
385
386
45
439
0
425
0
20
0
0
0
0
0
7
18
0
0
0
0
0
0
425
0
0
0
425
0
0
0
20
0
0
59
7
7
8
425
89
40
10
1
36
425
385
0
425
51
6
0
0
0
0
385
386
417
5
5
1
434
13
13
426
401
1
0
9
0
0
0
0
0
0
0
425
0
0
0
0
1
3
386
6
385
399
386
6
213
514
3
54
0
12
162
6
0
27
64
36
9
12
5
39
3
146
1
178
0
396
223
0
9
5
13
9
91
449
205
1
139
5
100
387
30
0
14
7
40
7
0
7
3
0
0
109
424
24
58
15
0
44
0
23
0
0
10
0
19
3
8
9
12
59
102
0
9
12
137
5
120
0
426
122
4
0
79
0
10
88
0
10
7
5
38
0
6
390
11
28
13
14
24
41
5
7
5
9
469
5
6
21
41
6
127
15
88
7
436
59
404
7
0
38
1
1
20
195
9
0
305
2
136
8
84
38
9
418
0
278
0
