0
1
4
4
0
0
7
70
2
2
413
14
9
1
0
45
72
9
0
2
12
98
42
21
39
11
134
24
1
25
0
39
411
34
60
10
1
83
0
3
38
1
0
2
7
20
22
0
0
6
0
0
114
59
0
0
0
26
3
15
128
0
0
6
0
0
81
39
53
0
39
13
0
40
3
0
1
39
35
0
60
1
1
0
3
29
31
0
11
1
3
472
20
454
15
21
0
411
84
0
0
0
0
0
0
0
0
0
20
23
0
417
4
21
1
79
2
21
0
123
0
6
26
23
144
14
20
0
155
20
20
28
0
0
14
0
0
1
0
0
0
0
1
0
0
0
0
0
1
47
4
5
0
411
39
0
0
0
0
0
2
411
39
0
0
0
68
0
0
2
61
2
9
0
6
0
0
0
116
0
0
59
451
65
451
69
4
20
0
62
59
57
22
20
39
5
0
0
0
0
0
0
59
0
1
73
1
14
23
59
1
2
6
0
20
39
9
0
0
0
0
6
0
59
9
0
19
36
9
14
79
64
15
14
48
7
0
1
0
59
8
103
0
20
30
3
10
63
9
4
0
12
124
40
39
4
1
0
83
0
1
10
5
14
10
0
23
4
0
123
7
11
84
71
1
12
0
65
455
23
8
0
6
29
5
0
12
18
5
9
45
0
2
10
24
0
0
10
13
1
1
1
7
7
22
6
22
5
4
20
21
1
6
7
31
58
12
6
98
44
0
36
6
0
1
12
6
6
6
0
1
5
0
5
12
8
0
1
5
23
6
0
30
5
1
24
0
2
11
17
0
0
13
17
1
54
2
0
7
6
1
13
1
8
6
72
1
392
0
0
12
0
0
140
26
6
38
442
64
0
0
12
5
1
8
65
12
13
0
0
14
396
5
1
6
0
7
11
3
0
0
121
5
5
127
6
127
0
5
0
0
0
25
4
0
0
7
0
65
15
5
37
6
28
2
13
32
0
18
54
0
6
5
61
1
0
39
39
0
39
0
0
0
0
6
39
0
39
0
0
0
27
0
0
0
0
2
39
39
41
412
444
385
5
0
0
65
0
60
23
125
12
10
1
444
6
0
14
39
0
0
0
0
0
0
0
0
0
0
0
0
0
0
0
0
0
0
0
0
0
0
0
0
0
5
73
0
0
0
34
14
35
59
0
73
59
0
6
1
0
4
0
0
0
0
62
60
0
60
0
0
59
64
0
53
0
