26
1
0
0
0
7
0
6
2
1
5
0
101
0
31
30
17
447
0
0
10
7
1
0
14
6
39
20
0
29
16
0
0
0
0
0
0
0
0
0
0
0
0
0
27
13
0
0
0
0
0
0
0
0
1
0
0
0
0
0
0
0
0
0
0
51
39
5
0
0
10
0
10
0
0
0
0
0
0
0
15
15
0
0
15
5
5
1
0
0
11
5
5
0
0
0
0
0
0
0
0
0
0
0
0
7
0
0
5
5
0
0
0
0
0
0
12
0
0
0
0
12
0
0
0
0
0
0
0
0
0
10
10
0
0
0
0
0
0
0
0
0
17
8
4
15
0
0
0
0
0
0
0
0
0
0
0
0
0
4
6
6
9
2
2
2
0
0
0
0
0
0
2
0
0
0
0
0
0
0
0
0
0
0
0
0
0
0
0
0
0
0
0
0
0
6
2
5
0
0
0
0
0
0
0
0
0
0
2
23
0
0
1
6
8
0
1
2
65
2
1
20
3
5
1
0
75
5
0
0
0
1
1
4
6
6
0
0
0
0
11
0
0
0
0
0
0
0
11
6
6
0
0
0
0
0
0
0
0
0
0
0
0
0
0
0
6
6
1
0
11
0
178
28
182
0
0
1
0
0
0
0
0
0
0
0
0
0
0
0
0
0
0
1
26
2
0
0
0
0
6
15
0
0
0
8
0
0
0
0
0
0
7
0
0
0
0
0
127
0
0
0
0
0
0
0
0
3
2
0
7
3
0
8
5
7
0
0
0
74
116
66
2
90
0
5
0
0
68
12
8
1
0
0
0
63
21
15
11
7
0
6
85
11
11
0
5
0
0
5
20
0
0
12
0
11
17
17
1
0
5
10
0
0
0
127
0
0
0
0
0
0
0
15
7
0
0
0
28
29
27
44
10
0
2
5
0
0
0
2
8
6
11
3
12
28
0
2
0
1
8
11
6
6
0
15
0
21
0
12
0
12
392
1
6
10
0
2
2
20
7
13
10
70
455
11
8
6
0
10
1
13
6
5
23
6
11
0
9
6
7
5
0
19
6
6
25
2
0
18
1
6
0
6
0
17
0
26
5
6
417
18
6
7
7
6
75
26
64
2
0
2
0
5
27
20
14
3
12
10
4
0
5
42
0
0
1
2
3
5
5
14
3
0
11
28
7
6
1
3
8
5
7
6
36
0
6
8
0
12
52
9
1
2
0
0
0
0
