21
124
0
16
18
1
36
15
35
20
0
31
15
68
35
0
1
127
5
0
0
0
18
0
0
0
0
0
0
0
20
15
35
17
5
0
22
5
2
2
16
0
72
1
1
1
81
0
1
15
5
0
2
3
1
0
20
0
0
0
0
0
0
4
0
0
0
0
0
2
20
2
0
2
1
0
83
0
7
16
9
21
50
10
2
0
0
0
0
0
0
0
29
0
16
2
0
0
0
0
2
32
4
64
5
2
1
0
0
0
0
0
0
0
0
0
1
0
0
0
0
0
0
0
0
0
0
0
0
0
0
1
1
150
84
66
105
1
15
9
8
0
15
20
0
0
25
15
1
2
0
0
2
0
117
10
0
0
0
0
0
0
1
5
33
34
33
0
33
41
4
33
0
0
0
0
15
0
0
0
0
2
0
10
36
0
55
0
0
22
22
10
12
25
0
0
2
2
36
3
53
20
2
0
35
0
0
26
20
2
0
0
0
33
9
0
0
0
0
20
4
0
0
0
0
0
33
0
0
30
20
20
0
0
22
21
21
57
8
2
0
0
0
48
0
37
35
0
48
4
54
22
25
29
33
0
2
114
0
78
6
2
29
24
32
20
16
1
0
0
0
0
0
0
4
0
10
6
33
1
15
10
0
0
15
15
0
35
20
0
15
10
16
3
15
1
15
1
33
7
0
81
0
4
19
0
21
4
0
21
11
8
2
15
11
16
7
0
0
10
9
4
15
1
1
151
22
9
0
10
318
0
15
0
0
0
0
8
6
0
19
16
6
0
0
0
63
91
0
20
41
0
25
117
2
13
41
4
16
2
34
20
6
4
5
2
2
0
15
76
1
123
0
1
1
120
0
6
283
0
16
83
18
121
21
0
