11
10
0
6
8
0
411
1
20
46
0
25
0
12
8
87
6
8
0
1
0
8
0
17
1
26
16
10
20
26
48
1
12
0
6
0
12
0
1
21
6
76
5
26
20
6
5
8
15
0
1
22
4
4
12
26
1
412
1
0
11
0
0
25
0
0
12
0
5
10
399
0
0
0
0
0
0
0
0
0
12
0
0
0
0
0
0
0
0
0
2
15
423
391
20
11
17
1
2
12
395
0
0
0
0
0
0
0
1
35
0
20
0
0
20
26
20
30
4
2
5
0
0
2
1
35
24
29
0
1
50
104
26
7
498
20
0
0
0
0
0
0
2
446
12
76
105
0
4
4
59
0
6
55
20
0
0
0
0
0
0
0
0
0
0
0
0
0
0
2
24
0
0
11
0
71
2
90
7
4
436
424
408
38
25
7
18
38
0
24
32
99
81
44
0
108
1
2
1
23
0
6
0
0
0
0
0
99
81
81
0
0
0
0
0
0
0
0
0
0
0
0
15
0
0
0
0
0
0
9
1
24
1
6
4
1
0
24
29
25
84
0
103
0
0
25
20
0
0
1
21
1
41
21
0
20
70
36
0
0
0
0
24
0
0
0
0
0
0
0
0
0
0
59
0
85
0
0
0
0
0
0
1
10
23
0
21
60
129
0
3
0
0
5
0
6
0
0
0
0
140
0
11
0
12
9
1
410
38
11
5
9
0
31
4
8
17
12
7
20
7
25
100
20
0
0
25
1
31
19
0
0
6
0
76
0
117
0
85
6
7
0
407
1
105
5
4
63
70
455
99
5
0
4
2
21
0
16
1
0
12
7
6
9
0
5
0
27
5
5
1
26
11
15
0
15
9
3
16
20
94
5
4
5
10
0
120
425
10
5
8
1
5
27
0
18
6
9
1
22
0
45
18
29
15
13
6
35
0
5
12
0
5
13
0
23
0
4
1
22
1
6
6
5
5
13
15
3
0
61
63
284
17
162
3
20
5
16
5
101
0
5
0
11
15
6
24
20
90
9
0
0
0
0
385
0
0
385
0
0
0
0
0
0
0
6
0
70
0
32
0
1
81
24
24
0
9
7
0
34
65
0
3
0
0
9
6
6
