2
19
10
0
0
0
1
0
2
1
4
40
25
40
22
0
0
0
0
0
0
0
18
0
5
7
6
1
1
1
2
20
0
1
2
1
1
1
2
2
0
3
83
0
1
9
0
12
139
19
72
20
1
49
6
1
0
0
0
64
0
0
1
6
0
0
6
0
49
49
0
39
8
45
44
3
39
0
64
0
0
0
1
9
0
0
11
26
2
15
10
3
1
0
12
0
0
20
11
11
4
0
0
0
5
0
0
0
0
0
0
0
1
0
0
0
9
1
4
5
60
15
0
11
50
46
41
1
1
8
0
6
2
1
0
0
1
39
0
5
49
40
0
0
39
44
47
1
39
0
13
1
13
10
0
10
0
11
8
39
0
9
8
8
0
6
20
8
1
12
39
39
43
2
35
69
6
409
0
52
9
21
411
0
0
0
0
39
0
0
0
0
0
0
0
0
0
0
0
0
0
0
0
0
0
0
0
0
0
0
0
1
0
1
0
0
21
53
482
0
0
39
4
12
0
4
6
58
0
3
13
0
5
60
49
65
49
49
55
49
0
0
49
0
0
5
5
1
0
0
49
39
0
0
0
0
0
40
45
0
19
0
1
0
0
0
2
2
0
2
1
2
0
12
0
0
0
0
6
9
11
6
8
0
4
0
64
455
23
19
391
1
6
0
0
0
0
8
11
5
78
1
0
0
1
1
5
13
1
0
2
1
4
0
26
6
0
1
11
5
1
1
5
0
1
1
12
0
6
0
21
2
1
9
0
0
0
31
9
0
1
0
10
10
1
11
84
6
0
10
10
0
0
0
0
0
12
1
0
0
0
0
1
0
0
0
0
1
10
15
0
0
3
0
0
0
0
0
0
0
0
0
0
0
0
0
0
0
0
0
0
1
0
0
0
0
0
0
0
0
25
