3
0
1
1
0
8
2
0
3
5
18
0
0
0
5
3
0
3
4
14
0
0
0
8
18
18
47
18
8
17
8
3
16
0
25
9
3
19
9
3
19
10
10
24
17
0
0
0
0
0
0
0
0
10
10
0
21
4
25
23
10
24
0
0
10
0
4
52
3
20
91
0
3
0
1
6
0
1
0
26
6
51
3
8
11
12
3
5
3
6
8
8
28
6
0
3
0
9
1
0
0
0
18
0
19
5
14
4
9
0
54
16
12
39
0
13
11
0
3
10
3
3
10
12
20
20
21
423
13
25
5
46
8
3
4
1
5
0
47
6
0
0
5
64
2
49
18
1
1
13
18
13
15
3
3
15
3
10
11
0
0
0
15
15
10
0
15
20
5
6
4
6
29
21
3
13
0
3
5
3
0
0
8
0
0
45
1
0
13
3
5
11
6
17
33
18
33
18
0
5
22
14
0
21
15
21
6
33
87
40
49
24
37
42
8
22
14
0
48
5
21
23
10
12
4
39
6
12
0
18
18
5
22
18
3
0
0
6
27
8
8
0
4
0
4
2
386
11
10
1
3
12
2
10
33
0
18
0
7
4
0
3
0
35
8
12
70
455
23
27
4
17
15
3
12
0
15
6
34
8
22
1
394
41
2
19
0
0
10
11
2
6
20
8
2
10
0
1
1
12
0
10
17
3
3
13
30
4
0
13
31
4
1
35
29
148
18
28
154
0
3
182
0
16
170
4
4
13
15
0
128
5
1
63
81
10
32
17
22
0
25
3
0
13
10
35
3
10
22
19
0
7
3
2
0
0
0
2
0
0
0
18
3
10
0
3
0
0
0
5
0
10
0
0
0
0
3
0
4
6
1
18
25
8
0
0
0
0
0
15
385
6
6
65
75
11
1
4
10
11
11
3
1
43
18
9
55
3
3
3
3
0
5
12
