21
26
0
2
3
3
24
1
1
3
15
5
0
17
5
4
1
438
7
0
0
18
0
0
7
1
0
0
0
0
0
1
0
0
9
0
0
1
0
1
1
0
1
0
0
0
13
0
2
22
26
1
8
8
3
5
3
14
24
22
0
91
41
35
58
9
125
8
304
272
15
39
26
1
0
0
20
21
47
49
113
1
10
1
0
8
0
0
2
46
26
13
0
6
0
55
0
20
5
24
11
29
3
3
0
0
1
1
0
0
0
0
0
0
2
33
2
0
5
0
104
4
85
20
21
0
0
0
0
0
0
0
0
0
0
144
20
21
1
0
21
0
0
0
0
20
1
20
1
1
21
0
0
0
0
0
26
0
0
0
0
0
0
26
0
0
0
6
3
24
1
6
0
0
0
21
0
0
1
53
0
0
0
0
0
0
0
0
0
0
0
0
0
0
0
0
0
0
55
3
7
4
21
0
5
0
0
93
3
81
5
2
24
21
0
49
4
105
39
29
69
65
126
85
5
11
184
81
116
95
1
20
20
0
55
1
88
82
34
23
1
253
0
12
5
0
0
0
0
0
0
0
0
0
84
0
0
0
0
0
0
0
0
0
0
0
0
0
0
0
0
0
0
0
0
0
0
0
0
0
0
0
0
0
0
0
0
0
0
0
0
0
0
0
0
0
0
0
0
0
0
0
0
0
0
0
0
0
0
0
0
0
0
0
0
0
0
0
0
0
0
0
0
0
0
0
21
171
0
0
20
252
0
5
0
0
0
0
0
0
0
0
0
0
0
0
0
0
0
0
0
0
0
0
0
0
0
0
0
1
78
20
0
0
0
20
81
81
0
110
20
93
0
0
1
0
21
20
25
22
0
0
0
0
0
0
0
1
20
0
0
0
0
0
0
0
0
0
0
0
0
0
0
0
89
0
0
0
0
0
0
0
0
0
0
0
0
0
0
0
0
0
0
0
0
0
0
0
0
0
0
0
0
0
0
0
2
89
1
0
3
22
0
0
2
0
0
0
1
13
24
11
3
20
5
94
0
4
4
1
0
0
0
0
21
0
94
11
11
22
402
1
85
0
85
0
64
1
39
386
0
4
0
0
8
21
2
4
5
22
81
3
91
3
12
1
14
0
130
1
20
0
10
20
10
9
0
16
5
1
19
3
7
36
0
17
0
35
1
21
0
124
54
1
116
0
92
0
2
89
0
7
207
40
19
0
6
104
0
9
24
0
0
1
0
39
0
0
20
1
88
0
19
48
9
39
0
1
391
1
29
9
17
0
97
0
10
132
6
149
1
2
37
273
19
7
18
9
30
0
173
14
8
20
97
18
209
0
0
110
0
0
141
19
0
