23
253
0
18
17
18
20
2
0
3
34
20
93
0
1
0
33
0
0
1
1
0
35
19
0
15
15
11
10
4
20
2
68
9
7
51
7
2
119
48
2
15
17
0
1
0
1
0
15
2
4
2
1
32
125
5
5
0
0
0
0
0
0
0
0
0
0
0
0
0
0
0
0
0
0
0
0
0
0
0
0
0
0
0
0
0
0
0
0
0
0
0
0
0
0
0
0
0
2
22
24
4
0
42
2
101
0
15
17
78
5
14
51
2
80
9
0
2
33
23
2
22
37
3
20
0
0
27
0
2
49
2
0
20
27
0
1
5
22
2
0
17
66
2
0
0
5
32
21
0
0
0
0
0
0
5
2
0
0
0
0
2
0
0
0
2
36
15
15
0
15
0
15
0
22
22
1
2
0
8
0
0
0
0
0
0
0
17
2
0
2
3
7
0
5
7
0
0
8
8
15
1
4
2
0
0
0
0
0
0
0
15
5
5
5
0
0
0
0
0
0
0
0
0
0
0
0
15
0
0
14
1
0
0
0
15
0
0
0
0
0
0
0
0
0
0
0
10
0
0
0
0
0
15
0
0
1
0
16
0
1
27
21
15
2
0
67
18
0
38
10
54
3
3
20
1
0
73
40
0
33
0
16
24
20
12
33
0
0
0
0
1
0
1
0
0
0
0
0
0
1
0
1
0
0
0
0
0
0
34
34
0
20
32
0
56
80
33
7
33
33
0
76
0
0
0
21
54
2
2
54
33
33
0
20
0
2
60
33
0
0
1
1
0
1
0
0
0
0
0
0
0
0
35
3
0
0
34
53
0
2
4
1
47
22
4
0
0
0
35
0
0
0
0
0
0
0
0
0
8
1
4
1
5
18
0
3
0
7
20
23
0
0
0
7
0
0
0
36
22
16
18
4
9
15
5
19
16
19
9
15
0
4
17
192
20
13
24
13
10
21
19
15
36
13
6
310
67
1
13
6
3
15
12
9
0
90
0
16
422
17
12
255
64
317
15
0
164
15
387
35
0
0
21
0
192
2
0
35
10
24
19
13
16
1
2
35
20
83
31
9
28
13
14
24
15
0
0
15
16
0
11
16
0
32
0
284
0
16
1
1
0
283
0
16
12
86
0
0
8
9
0
0
84
18
3
159
22
5
383
403
1
0
