8
32
0
46
1
39
11
3
21
32
0
20
1
23
433
0
23
1
22
8
400
67
17
393
486
2
7
165
0
42
17
15
391
0
6
2
8
11
28
0
33
4
29
0
0
12
43
6
0
1
0
4
1
1
43
0
1
1
1
22
1
0
1
8
1
1
1
0
0
4
1
0
1
2
6
0
0
0
0
0
0
0
0
0
0
0
1
3
0
0
1
69
10
0
0
0
0
0
1
0
9
3
6
0
0
0
0
0
0
0
0
0
0
0
0
0
0
0
0
0
0
0
0
11
0
0
0
1
0
1
7
405
14
0
10
0
2
27
20
0
1
0
26
1
0
29
20
6
20
10
20
0
0
0
0
0
0
0
0
0
6
0
0
0
0
0
0
0
6
0
22
17
11
2
0
0
1
5
0
0
0
0
0
0
0
0
68
0
0
0
0
0
20
385
0
0
0
0
0
0
0
0
385
0
0
0
0
0
2
1
52
4
2
0
21
1
9
0
15
1
0
0
0
0
0
0
0
0
0
0
0
0
0
1
0
0
0
1
1
397
0
66
0
21
0
0
0
0
0
0
0
15
0
0
0
0
0
0
21
0
0
0
0
0
0
0
0
0
0
0
0
0
0
0
0
0
0
0
0
0
0
0
0
0
0
0
0
0
0
0
0
0
21
59
9
5
0
4
21
0
29
0
41
21
4
10
21
3
1
21
2
0
0
1
0
0
0
0
0
0
0
0
15
0
0
0
0
0
0
0
21
0
0
0
0
0
0
0
0
0
0
0
0
0
0
0
0
0
0
0
0
0
0
0
0
0
0
0
0
0
0
0
0
0
21
133
0
1
0
1
21
3
2
24
0
0
0
0
0
0
0
0
0
0
0
1
0
0
0
0
0
0
0
0
0
0
0
0
0
0
0
0
0
0
0
0
0
0
0
0
0
0
0
0
0
0
0
0
0
0
0
0
1
1
0
0
0
0
0
0
0
0
0
0
2
1
1
21
0
0
20
6
0
0
4
0
0
1
20
7
424
0
411
4
436
0
0
416
0
32
0
28
12
0
0
1
5
41
8
3
7
9
20
414
6
2
21
6
6
391
20
1
12
0
6
14
8
12
41
6
64
455
23
71
2
6
19
1
54
16
28
20
7
118
391
2
14
8
17
16
20
7
4
0
20
45
13
7
105
7
23
27
0
4
31
14
391
10
47
385
123
8
10
116
26
90
0
43
2
24
426
0
6
6
97
6
13
9
6
2
19
391
14
42
7
0
45
8
13
0
40
2
1
4
1
11
29
8
60
385
0
0
0
7
1
21
1
21
0
0
0
0
0
0
0
0
0
0
0
0
0
20
0
0
6
0
3
3
6
16
7
1
20
6
6
0
0
0
1
1
7
8
0
10
0
1
0
22
0
0
0
0
9
6
6
1
5
5
0
11
8
8
8
2
67
20
0
50
76
0
63
0
70
11
0
0
51
10
0
55
0
0
0
1
7
0
0
0
0
0
0
0
0
0
0
0
0
0
0
0
0
0
0
0
0
0
0
0
0
0
0
0
0
0
0
0
0
0
0
0
0
0
0
0
0
0
0
0
0
0
0
0
0
0
0
0
0
10
27
0
75
0
3
8
3
3
17
17
0
0
0
0
0
7
7
6
23
0
5
0
1
0
0
1
0
0
0
1
0
0
0
0
1
0
0
0
3
0
0
1
0
0
29
31
0
0
0
0
0
7
2
6
99
385
4
0
1
0
12
13
33
0
6
113
5
