19
67
0
17
1
5
20
1
20
52
15
18
177
27
0
117
11
22
2
91
3
1
24
1
2
3
1
2
32
0
0
15
51
140
17
14
17
79
19
21
1
84
49
7
17
2
1
2
0
2
0
0
0
18
24
15
34
15
0
0
0
0
0
0
49
46
0
0
3
3
20
2
0
0
21
0
15
0
18
0
0
0
0
1
0
3
1
1
0
15
55
0
0
0
0
0
0
1
0
6
0
0
7
1
20
1
0
0
0
0
0
0
0
0
0
0
0
1
3
0
0
0
0
0
0
0
0
10
0
33
1
1
0
0
0
0
0
0
0
15
15
20
19
20
5
20
15
19
0
0
0
0
0
0
0
0
0
0
0
0
0
0
0
0
20
0
0
26
0
0
0
0
0
0
0
0
0
0
0
0
4
0
0
0
0
0
0
0
0
0
0
0
0
0
0
0
0
0
0
0
0
0
0
0
0
3
0
0
0
0
0
15
0
0
0
0
5
0
0
19
0
0
0
0
15
0
0
0
0
0
0
0
0
0
15
16
1
36
3
0
0
0
15
30
20
0
6
0
1
1
0
21
6
0
0
36
12
5
0
0
22
1
5
0
7
0
0
7
5
15
0
34
21
15
16
32
43
15
4
4
1
4
0
1
0
27
15
1
0
0
34
8
0
0
0
0
0
0
0
0
0
0
0
0
0
0
0
0
0
0
0
0
0
0
0
0
0
0
0
0
0
0
0
0
0
0
0
0
0
0
0
0
0
0
0
0
0
0
0
0
0
0
0
0
0
5
0
21
34
0
0
0
0
0
0
0
0
0
0
0
0
0
0
0
0
0
0
0
0
0
0
0
0
0
0
0
0
0
0
36
5
1
0
65
7
34
20
7
6
0
4
22
0
1
34
0
54
5
0
0
1
22
34
0
0
0
0
0
0
0
0
0
0
0
0
0
0
0
0
0
0
0
0
0
0
0
0
0
0
0
0
0
0
0
0
0
0
0
0
0
0
0
0
0
0
0
0
0
0
0
0
0
0
0
0
0
0
0
0
0
0
0
0
0
0
0
0
0
0
0
0
0
0
0
0
0
0
0
0
0
0
0
0
0
0
0
0
0
0
0
20
0
1
0
0
0
33
0
0
0
0
0
0
0
5
0
1
0
20
29
0
0
33
25
14
0
0
0
0
0
0
0
0
10
33
0
63
22
0
0
0
0
0
0
0
0
0
34
14
15
0
10
1
47
63
0
33
1
19
55
0
39
16
0
5
5
28
0
0
0
25
15
0
2
1
5
20
4
0
46
2
26
1
7
0
5
10
11
245
0
0
20
43
5
0
6
42
12
6
15
70
455
14
43
27
20
0
0
16
1
5
16
9
8
5
11
15
6
0
17
19
35
63
0
1
90
11
19
26
15
9
15
0
0
0
16
1
22
33
10
18
15
19
0
11
28
7
95
19
14
32
21
16
89
68
7
29
9
125
28
1
209
1
34
2
30
24
33
39
7
40
11
21
20
0
20
0
6
10
0
64
5
16
4
21
0
24
0
0
0
0
0
0
0
0
0
0
0
0
0
0
0
0
0
0
0
0
0
0
0
0
0
0
0
0
0
0
0
0
0
0
0
0
0
0
0
0
0
