0
108
0
11
0
20
20
18
0
196
2
6
12
0
0
0
5
1
0
17
3
51
0
0
26
51
3
1
22
0
40
0
5
0
0
12
0
5
1
0
3
15
9
9
4
0
0
5
111
7
8
1
9
5
2
0
4
0
0
0
5
3
0
0
0
0
0
0
0
0
0
0
0
0
3
0
0
0
0
0
0
0
0
0
0
0
0
0
76
0
0
0
0
0
0
0
0
33
1
0
1
6
0
0
0
0
5
27
0
0
0
0
0
0
1
0
0
0
1
1
8
2
1
0
0
0
0
0
5
1
0
0
0
0
0
0
0
10
1
0
0
51
0
0
0
0
49
1
0
55
0
0
0
0
0
0
0
0
22
0
10
14
0
0
0
0
0
0
0
0
2
2
0
0
0
0
0
0
0
0
30
416
0
435
0
0
0
9
1
0
422
385
425
32
405
9
9
0
0
0
22
0
0
2
99
20
0
0
2
0
22
20
405
38
20
49
26
20
406
23
461
9
0
54
1
23
0
455
385
401
20
5
30
51
49
0
49
0
0
0
4
2
0
30
21
1
0
20
49
0
6
0
5
0
5
0
405
0
147
20
0
521
21
385
385
0
6
0
3
0
0
1
2
0
11
5
0
25
20
7
0
5
116
19
28
0
22
0
6
20
35
1
0
267
12
1
2
21
0
0
17
0
5
0
15
16
0
0
3
14
11
11
7
15
21
5
11
4
8
11
11
16
0
2
0
0
12
8
0
64
0
3
22
14
11
21
0
30
13
7
12
1
5
7
6
11
5
18
0
1
3
0
9
100
387
21
0
7
16
9
20
4
1
31
16
0
6
29
5
0
21
0
21
29
16
6
237
0
8
16
6
7
116
0
23
1
18
15
6
0
23
0
8
11
44
14
16
5
6
13
11
39
24
6
10
19
0
6
15
11
0
1
1
220
0
16
238
5
1
7
391
26
7
6
7
7
10
39
0
135
63
121
15
14
135
4
11
102
64
13
134
6
6
6
