16
6
0
16
19
16
1
16
1
12
11
15
15
4
1
0
19
16
20
16
13
32
1
16
15
64
15
0
18
15
43
0
0
0
10
29
10
0
15
31
22
0
0
0
12
0
1
0
25
0
0
0
0
5
3
0
0
1
1
0
0
0
15
0
0
15
0
20
0
0
3
0
0
19
11
20
1
1
0
0
0
0
18
1
3
1
0
4
0
20
4
0
1
24
1
1
1
1
12
0
1
2
12
0
1
4
1
2
0
0
9
0
0
1
0
3
0
0
1
0
0
2
0
0
1
7
2
1
3
0
0
0
2
1
1
2
4
0
40
0
1
1
0
0
0
20
21
0
11
10
12
0
22
0
32
1
0
3
0
0
2
0
0
1
1
0
20
15
0
24
22
0
0
0
0
0
0
0
20
1
0
3
0
0
1
0
0
0
4
0
0
6
1
1
1
0
2
8
15
3
4
6
35
0
0
2
22
1
21
19
16
0
0
16
1
4
0
1
15
18
11
2
5
59
27
5
4
5
0
0
397
15
11
15
1
15
21
10
2
2
22
12
16
12
0
16
12
13
0
21
7
18
0
41
16
25
21
1
1
22
16
1
15
0
15
15
0
9
0
0
2
15
18
0
0
2
6
20
19
10
1
20
20
20
1
16
15
16
0
15
0
23
15
1
15
15
9
3
8
16
10
18
0
0
1
16
8
0
6
17
15
20
20
46
0
7
0
6
1
6
16
16
0
