15
229
0
1
412
401
385
385
1
0
6
417
0
1
392
413
606
395
22
5
409
385
487
397
39
15
0
385
1
390
3
22
400
16
2
1
0
15
0
2
2
4
0
176
86
495
1
5
388
149
1
410
0
12
1
89
2
35
0
0
6
81
1
6
1
491
17
17
389
2
0
2
4
0
15
387
3
0
76
0
394
408
429
544
5
2
0
0
0
0
0
3
11
0
0
2
78
1
20
2
49
75
9
1
6
68
0
0
0
0
0
0
0
0
0
0
0
0
0
0
3
35
0
1
0
1
1
0
1
17
2
111
4
1
0
8
30
2
425
571
415
10
5
385
0
0
0
0
423
0
415
0
0
20
0
0
0
0
0
0
0
0
0
1
0
413
411
393
61
0
3
25
17
0
6
1
0
387
22
63
409
400
408
415
387
3
413
29
0
420
385
415
0
0
0
415
0
0
0
0
0
0
0
0
0
0
1
0
441
398
15
390
22
394
0
9
0
0
0
404
1
20
0
422
53
2
416
53
73
0
1
49
450
0
1
0
0
1
385
1
1
0
21
1
0
1
27
0
0
59
16
2
0
0
3
15
89
0
0
6
0
2
422
385
390
3
31
3
13
0
0
0
0
0
0
10
0
0
393
0
82
1
16
0
0
20
24
5
17
12
13
7
0
0
9
1
9
0
1
34
1
6
2
3
7
71
2
87
0
1
81
0
79
2
14
0
24
1
69
455
27
25
135
1
122
0
13
1
5
2
0
7
110
7
154
0
210
3
29
7
136
1
41
1
96
5
11
6
39
52
17
1
9
0
7
2
28
1
201
5
6
120
426
386
7
390
6
