16
4
0
2
23
1
34
0
2
6
6
7
0
0
29
2
6
23
7
47
7
53
0
23
23
7
28
26
55
0
13
6
0
0
15
2
3
23
0
0
0
73
0
23
0
2
0
21
3
4
51
28
17
21
0
74
0
0
25
104
7
24
1
0
0
0
5
6
7
17
37
19
20
0
4
6
20
1
1
0
0
1
56
10
6
0
20
26
17
1
1
20
12
26
22
11
3
13
1
26
5
23
0
0
0
3
3
3
0
0
20
2
1
8
7
0
0
8
0
0
0
1
0
0
11
1
6
1
1
2
2
0
18
0
10
127
1
2
0
8
0
6
22
17
0
0
24
3
2
25
3
45
0
36
0
0
488
39
12
0
0
0
0
1
33
0
0
0
0
33
1
2
1
1
0
46
0
2
3
39
1
0
37
33
0
6
0
64
1
81
0
2
2
0
4
1
1
1
0
0
0
0
0
0
0
0
0
0
0
0
0
0
0
0
8
6
12
10
0
0
0
0
0
0
1
0
0
0
0
13
0
0
0
0
1
0
0
6
0
0
0
0
24
6
11
1
11
1
0
2
396
386
11
60
20
0
0
0
11
411
400
385
0
0
3
1
0
0
1
0
429
0
6
392
6
6
412
10
17
412
403
487
2
411
386
0
0
0
0
403
411
0
0
59
33
0
0
0
0
0
0
0
0
0
0
0
0
0
0
0
403
0
0
0
0
67
53
405
0
0
4
67
0
25
12
10
1
22
0
0
0
5
0
3
0
11
4
33
45
37
0
22
2
1
0
0
1
50
55
8
0
0
1
0
0
0
27
4
0
14
25
64
455
2
21
11
6
0
0
13
387
2
0
3
5
2
0
7
10
21
19
18
423
6
11
2
34
2
6
8
16
7
6
0
12
12
1
14
0
21
17
0
40
0
45
6
12
13
0
0
7
6
7
0
6
0
6
7
1
26
25
26
64
91
10
19
48
12
19
391
14
6
0
0
27
6
1
39
0
6
5
20
17
24
81
11
6
5
0
29
9
9
0
119
0
0
20
40
20
20
36
29
0
201
2
122
21
12
102
404
218
0
0
1
0
18
0
0
19
27
15
1
1
0
7
3
0
16
17
5
0
1
5
3
0
0
7
31
8
49
0
5
1
0
0
1
0
7
0
1
0
0
0
0
86
31
4
20
0
1
21
0
25
0
23
5
5
72
0
84
16
12
0
0
0
0
0
0
3
0
0
0
0
0
0
17
0
1
10
0
6
8
20
15
16
12
17
12
3
38
0
0
0
0
0
0
0
0
0
0
33
2
0
26
8
0
0
0
0
0
6
0
15
0
2
1
0
0
0
0
0
0
1
1
0
0
0
0
403
0
411
59
0
33
0
0
0
0
0
0
0
