6
32
84
1
0
0
2
23
0
0
25
46
1
0
12
0
0
33
0
2
0
20
38
20
21
24
0
3
21
5
9
11
20
59
1
6
1
4
2
5
6
12
21
0
1
4
1
1
0
1
1
0
0
1
0
0
0
0
2
0
21
20
15
0
0
0
0
0
0
0
8
5
0
21
0
22
5
0
0
0
0
0
20
47
18
4
0
23
5
0
0
0
0
0
0
0
0
0
0
15
0
12
0
0
0
0
0
0
0
0
0
0
0
0
0
16
0
0
0
11
36
0
6
0
1
0
0
0
0
0
0
0
0
0
0
0
0
0
0
0
0
0
0
0
0
41
0
0
8
6
6
0
0
0
0
0
0
0
0
0
0
0
0
0
0
28
0
0
16
0
1
1
0
0
0
0
0
0
0
1
0
0
3
99
6
64
0
1
1
0
11
0
0
0
0
0
0
0
0
0
0
0
0
0
0
0
0
0
0
0
0
0
0
0
0
0
0
3
6
1
6
4
0
0
0
34
87
20
85
0
0
0
10
2
7
9
6
3
0
12
2
0
3
4
3
34
11
10
7
3
1
30
20
0
0
0
0
1
0
0
1
1
34
0
0
0
6
1
0
20
1
0
20
0
1
0
0
3
0
0
0
0
0
0
0
0
0
0
0
0
0
0
0
0
0
0
13
4
1
6
0
0
0
6
0
0
0
0
0
0
0
0
0
0
9
6
0
0
0
65
0
10
3
7
0
0
83
0
59
59
14
1
5
0
6
3
20
4
0
3
3
3
6
4
0
0
0
462
3
0
0
10
0
5
7
1
3
0
0
5
1
7
0
0
3
84
4
31
3
2
12
1
7
0
0
11
44
6
1
10
88
11
23
5
394
10
114
0
14
6
3
1
4
0
8
12
5
0
99
0
12
0
2
27
48
22
47
0
14
21
11
0
23
5
20
0
11
0
1
40
20
164
4
3
1
26
6
6
0
5
1
2
9
0
0
3
0
42
20
1
17
64
22
4
0
12
68
0
9
3
0
6
3
3
34
16
0
0
0
5
11
10
3
17
5
0
0
0
0
84
4
26
0
0
0
10
1
0
6
0
1
0
