386
78
118
234
11
203
0
385
2
0
1
386
468
386
386
397
456
0
64
16
385
3
4
0
0
387
1
3
5
1
0
0
0
427
390
0
480
388
387
143
401
12
117
385
2
23
85
6
21
0
2
4
16
39
1
0
9
1
81
1
90
0
12
466
403
76
397
473
387
386
386
390
0
14
1
6
0
5
0
1
1
22
1
0
3
394
412
0
387
389
466
27
5
0
0
9
0
0
5
19
0
9
0
456
0
0
0
385
0
0
419
386
1
11
385
406
9
0
0
2
425
9
0
9
10
2
0
1
1
392
407
1
17
1
3
1
1
1
0
386
10
1
566
0
2
1
3
1
0
3
14
415
0
0
0
0
0
415
0
0
385
0
1
1
385
395
9
1
0
3
14
415
385
0
0
0
0
0
0
0
0
0
0
0
0
406
0
1
416
478
435
406
386
9
503
1
612
118
0
28
2
64
488
22
389
12
0
387
0
0
0
0
0
0
0
0
0
1
0
0
0
0
0
1
0
0
17
500
416
388
385
405
1
1
417
105
26
414
20
411
3
391
5
435
2
443
1
386
0
21
0
3
0
14
415
385
0
0
0
0
0
0
0
0
0
0
0
0
0
0
0
406
386
385
386
0
17
463
1
387
0
386
64
386
0
0
0
0
0
0
0
0
0
0
0
0
0
0
410
76
445
1
386
4
433
0
0
0
468
0
76
466
76
386
386
406
386
421
417
407
2
2
1
432
0
386
331
1
84
243
0
1
327
0
385
64
449
11
0
2
64
7
5
216
2
5
424
91
3
203
396
27
16
135
7
16
0
2
0
412
10
0
0
15
0
6
386
443
37
91
0
392
0
10
6
3
21
399
19
407
0
0
1
1
4
89
385
15
2
1
387
41
1
208
0
0
81
0
385
31
9
20
158
6
120
1
201
4
30
64
10
386
41
6
325
0
1
51
0
389
385
20
400
389
0
14
385
0
409
0
14
385
0
0
386
399
6
81
396
0
0
0
0
3
0
14
385
0
395
385
406
445
1
386
1
62
0
386
0
0
0
418
403
395
386
1
386
