406
92
0
406
435
391
389
400
22
1
62
68
0
0
385
455
453
135
178
214
2
475
0
17
539
440
434
566
15
24
499
422
0
49
71
20
24
116
397
99
130
10
33
64
23
9
7
33
527
444
5
463
0
0
500
4
79
446
387
388
397
0
453
385
2
388
385
385
0
18
35
117
1
385
386
436
385
448
514
54
0
497
34
16
14
14
14
0
20
16
19
14
63
435
502
0
14
467
10
0
15
30
0
0
0
3
404
10
0
0
63
81
62
14
10
27
0
0
0
1
10
0
4
0
0
0
0
0
0
0
0
389
385
0
468
65
0
0
0
0
76
15
0
0
0
1
6
0
0
0
0
0
0
0
0
0
0
4
0
0
2
4
0
0
0
0
6
0
0
0
450
69
0
6
6
0
0
0
0
0
0
0
0
0
0
0
401
386
1
36
2
135
12
0
116
10
10
0
1
32
0
0
5
0
0
0
7
1
471
21
0
15
464
0
419
6
20
0
0
76
238
5
0
4
396
7
0
385
417
490
386
0
451
0
0
0
658
401
15
509
0
33
0
7
392
396
415
435
400
423
3
10
62
147
0
10
7
30
444
418
0
19
0
99
7
392
7
392
396
0
0
1
385
385
0
0
0
29
422
447
472
385
408
411
0
6
0
0
395
385
434
420
425
0
20
6
395
0
6
445
5
411
5
4
11
396
401
0
0
8
0
0
0
0
0
0
0
0
385
466
395
395
389
395
396
444
0
457
71
0
0
400
10
0
400
0
0
0
0
0
0
10
400
0
0
0
0
0
448
436
388
386
394
392
394
504
434
385
21
0
51
84
1
18
10
128
32
0
27
64
85
478
215
3
6
104
0
14
12
10
89
27
17
385
0
142
0
20
6
123
5
5
229
0
27
5
53
16
18
10
17
34
22
9
37
7
0
11
204
386
6
10
0
11
0
18
6
10
46
68
1
14
103
6
11
111
40
6
85
5
158
5
7
15
85
13
128
4
0
1
0
39
5
17
6
5
7
5
0
13
12
12
19
86
73
12
14
24
6
93
16
12
114
16
21
6
0
13
309
0
2
136
0
8
32
0
8
90
25
116
69
8
70
19
120
14
22
232
0
19
11
23
0
23
11
226
0
10
12
218
412
6
11
0
32
395
0
119
22
7
119
11
13
129
79
23
6
