7
1
0
85
40
129
0
0
13
7
20
19
21
21
33
12
12
0
5
129
15
7
22
0
6
6
28
17
7
1
21
6
15
348
0
32
33
17
1
20
19
7
79
6
18
45
11
0
0
7
6
0
6
0
2
37
6
7
10
0
1
0
102
81
35
20
31
18
0
71
5
7
4
6
0
1
15
7
17
0
15
20
35
18
16
12
1
7
1
1
0
7
2
9
1
21
1
16
3
1
1
2
1
11
1
60
1
1
2
6
16
3
3
41
1
16
1
83
1
0
0
0
0
0
0
0
2
14
0
0
0
0
0
0
0
0
0
18
0
0
0
0
0
0
0
0
0
0
0
0
0
0
1
17
17
1
17
1
5
2
1
15
5
0
99
1
2
15
12
20
2
0
15
0
12
102
0
63
1
0
1
16
6
0
0
58
23
21
21
1
6
0
27
0
6
0
0
0
0
0
0
0
0
0
0
0
0
0
33
1
2
38
60
1
1
1
12
0
0
0
0
22
43
0
0
33
0
400
0
9
1
15
0
22
0
21
0
16
0
0
21
0
15
0
0
49
17
1
16
54
16
22
1
1
16
1
0
0
0
0
16
0
16
0
0
7
20
1
0
0
0
0
1
102
0
6
5
75
9
11
16
6
3
387
1
391
43
8
1
0
3
0
0
0
2
0
68
1
0
50
9
5
0
114
0
18
5
0
1
19
5
0
1
17
15
9
5
3
5
11
12
6
7
21
22
26
26
31
6
7
17
1
5
35
21
18
17
3
19
7
28
2
33
0
24
0
5
50
22
48
158
5
118
5
3
17
1
0
15
2
131
4
90
12
130
64
105
0
15
105
0
22
112
0
45
63
60
0
138
69
18
1
11
28
33
16
6
16
231
0
220
1
222
5
385
26
30
14
118
35
120
0
40
125
0
35
35
11
39
15
68
69
84
8
3
0
1
10
67
64
8
19
0
15
12
20
0
