0
46
0
1
1
59
6
20
65
0
3
0
20
3
0
1
149
52
24
84
17
536
65
65
0
6
448
0
25
4
6
0
1
23
11
8
0
34
132
30
48
6
93
4
6
0
7
11
32
19
0
1
0
2
15
0
1
2
444
0
0
0
10
117
2
3
0
117
0
1
0
0
0
0
0
0
0
0
0
0
0
25
0
0
0
0
28
0
0
0
0
0
0
0
0
30
5
0
0
0
0
0
0
2
0
0
0
0
0
0
0
0
1
0
0
0
27
0
0
26
0
0
0
0
0
0
2
0
0
0
0
0
0
0
0
0
0
0
1
0
0
0
0
0
0
0
0
0
5
1
0
1
0
0
0
0
5
0
5
1
1
0
0
2
5
10
0
0
0
0
0
39
6
0
0
0
5
0
0
0
0
0
0
0
0
0
0
10
0
0
0
0
0
1
139
6
23
46
480
0
0
66
414
23
0
37
428
10
414
385
3
9
17
2
0
1
1
0
1
0
0
38
0
0
0
0
39
33
2
0
11
0
40
26
20
9
416
2
2
2
0
0
0
0
385
385
0
0
38
0
0
0
0
38
0
9
0
0
0
0
0
0
0
0
0
0
0
0
0
0
0
0
0
0
0
0
0
0
38
406
389
387
386
33
0
408
425
389
425
1
2
0
0
0
385
0
0
0
38
0
0
0
0
38
0
9
0
0
0
0
0
0
0
0
0
0
0
0
0
0
0
0
0
0
1
0
0
0
0
0
0
5
0
386
1
0
10
0
0
67
1
6
5
395
0
38
385
385
5
386
3
395
36
0
1
9
6
20
22
0
5
520
0
14
1
116
1
113
6
20
7
4
1
0
64
461
1
20
7
21
20
1
7
17
189
0
10
1
44
6
109
8
8
1
37
6
1
3
2
37
15
0
415
3
29
10
23
9
0
44
0
10
65
1
