22
1
0
21
6
10
8
26
6
22
9
28
115
1
0
8
6
9
25
26
19
57
15
37
13
2
26
20
15
5
1
12
6
7
22
1
0
38
6
7
21
117
2
0
0
75
64
6
32
12
7
18
6
1
0
0
0
0
0
16
1
6
10
0
0
0
15
1
0
0
0
0
8
11
6
29
0
0
3
0
0
0
1
17
1
1
0
0
0
11
6
0
1
0
0
0
0
0
0
0
0
0
0
0
0
0
0
0
0
0
21
18
1
28
117
2
0
0
39
0
0
1
0
65
10
3
29
20
0
0
10
2
12
25
0
0
0
0
0
0
0
0
0
0
0
0
18
0
0
0
0
0
117
0
0
0
0
0
0
1
6
0
0
0
0
0
0
0
0
0
0
6
48
37
48
0
10
20
20
0
9
26
7
3
0
0
32
12
20
0
26
6
0
0
0
0
0
0
0
4
14
34
0
1
0
117
39
4
0
0
0
0
0
0
0
0
0
0
0
0
0
0
0
0
0
0
0
0
0
0
0
0
0
0
39
79
0
0
0
0
0
59
1
65
0
0
1
0
0
1
0
0
1
0
0
0
9
15
12
0
20
0
70
97
35
14
0
0
1
1
0
0
0
0
0
0
0
0
0
0
0
0
0
0
0
1
1
20
1
23
23
3
40
25
35
27
38
11
43
17
26
26
9
11
0
0
0
0
0
10
0
0
0
0
10
0
0
0
0
0
0
0
0
0
0
0
0
0
2
0
4
0
49
0
0
9
26
26
0
0
0
0
0
0
0
0
0
0
0
0
0
0
0
0
0
0
0
0
0
0
117
0
0
0
0
0
0
0
0
0
0
0
0
0
0
10
0
26
4
1
9
14
7
1
7
0
25
16
4
18
0
0
6
15
5
11
0
20
0
0
1
22
7
7
22
13
7
21
14
14
21
5
7
8
10
35
0
25
41
0
7
0
10
22
5
399
41
14
0
31
7
13
16
6
21
12
391
5
0
14
32
0
3
11
10
22
40
0
195
6
11
10
16
16
94
10
0
6
11
7
28
5
0
21
6
29
12
7
21
14
13
38
13
6
13
6
13
16
8
10
6
241
7
23
7
11
118
36
5
238
21
130
14
8
164
21
28
6
