8
159
0
1
5
13
7
4
4
5
1
472
4
0
0
123
0
0
4
2
4
0
0
0
0
2
421
558
5
3
4
13
8
32
407
11
6
11
2
9
22
5
0
432
10
12
0
3
13
14
22
22
470
2
447
1
4
0
0
13
0
0
0
0
0
411
0
0
0
0
0
445
0
0
0
0
0
74
0
0
3
0
0
0
388
12
0
17
385
0
385
434
0
388
7
4
4
0
1
5
6
0
1
28
16
0
11
1
1
13
0
1
2
63
12
0
0
6
424
7
6
0
6
0
0
0
0
0
0
0
0
0
0
4
59
0
0
0
389
0
5
432
5
5
0
0
0
0
0
0
0
0
0
1
4
7
0
0
3
0
2
0
445
12
27
10
4
451
0
241
18
385
1
12
0
0
13
0
0
0
0
0
0
0
425
0
0
0
0
0
0
0
0
0
0
0
0
0
0
0
0
0
0
0
0
0
0
0
59
1
0
13
0
385
425
0
0
0
0
0
0
0
0
0
0
0
0
0
0
0
486
5
0
37
18
16
427
5
10
495
5
4
436
6
85
16
12
426
0
0
0
0
0
0
0
0
0
0
0
0
0
0
0
0
0
0
0
0
0
0
0
0
0
425
425
59
1
0
10
425
0
0
0
0
0
85
21
403
462
2
13
4
1
0
1
13
16
497
404
501
435
404
6
425
389
1
386
0
53
447
37
1
10
5
2
3
36
0
15
0
20
7
4
0
5
2
89
4
20
0
0
1
4
2
0
15
2
9
2
4
0
13
0
0
0
14
12
24
0
7
6
0
19
15
5
32
6
1
96
0
19
89
1
6
28
0
6
72
455
14
273
1
89
6
290
1
6
10
418
1
11
2
0
2
6
13
2
22
123
6
7
66
385
20
1
94
387
15
0
0
5
8
4
1
15
1
55
388
1
50
7
55
0
2
2
12
142
0
1
6
120
426
1
1
5
118
1
27
11
13
15
0
10
14
9
36
0
0
1
3
6
1
3
218
12
12
108
404
110
8
89
9
9
6
0
15
0
20
0
7
7
0
1
28
9
12
390
10
174
1
0
5
7
12
14
0
208
2
149
1
0
