14
103
0
20
0
7
13
49
4
5
4
30
6
0
29
1
29
8
17
26
279
14
14
51
18
586
0
4
19
0
53
27
14
23
9
10
0
21
14
0
1
0
36
29
0
24
0
0
0
4
0
37
2
65
0
6
21
20
1
16
514
583
2
49
530
448
0
385
0
0
451
17
385
0
0
393
0
0
385
0
5
519
131
0
0
0
0
0
0
2
0
0
0
0
3
119
3
14
15
0
10
0
0
0
0
0
0
0
0
0
0
0
0
0
1
1
7
17
4
2
1
0
1
1
6
0
9
1
59
1
543
1
1
20
22
152
0
553
0
0
0
0
0
0
0
0
0
1
3
1
17
0
1
14
3
71
52
0
0
0
0
19
0
385
1
9
25
21
0
1
1
0
0
0
8
0
1
1
0
7
2
36
0
0
7
9
3
0
0
0
11
20
3
22
22
2
10
0
0
1
0
0
0
7
8
6
0
2
7
0
0
0
0
0
0
0
0
0
0
0
21
1
0
0
0
0
23
7
2
0
0
0
1
256
5
134
166
37
0
2
760
0
553
514
14
16
5
20
14
6
1
0
0
5
53
1
42
7
0
0
1
1
18
13
5
1
0
200
18
15
13
0
1
0
398
6
64
455
5
0
0
8
2
37
0
13
16
5
0
0
8
17
8
37
41
1
14
0
5
0
34
1
53
5
10
0
0
172
0
165
0
77
93
15
5
0
11
1
0
6
9
0
6
1
0
0
6
206
1
26
2
4
13
10
1
27
1
46
0
18
15
6
13
19
0
7
0
0
7
0
7
0
0
32
1
0
0
1
1
11
21
0
6
29
19
0
1
113
0
14
0
12
0
1
10
6
4
1
6
0
131
22
161
1
64
15
7
1
344
1
6
19
1
15
114
1
0
1
107
14
5
63
458
63
1
68
0
63
0
0
0
1
0
0
385
0
0
406
0
0
0
0
0
0
0
0
0
12
427
471
0
5
129
399
9
0
0
0
0
0
0
0
0
0
0
389
389
389
389
389
389
389
389
1
0
28
413
22
12
418
406
0
451
386
448
