1
0
5
0
0
6
6
25
59
0
29
402
21
21
5
15
10
31
35
16
16
5
6
25
0
0
17
25
71
0
16
0
494
0
22
16
411
2
3
6
48
0
5
3
5
1
58
0
44
2
96
135
449
49
23
403
89
7
0
20
10
37
417
0
2
21
20
11
9
2
1
0
0
0
7
6
15
5
0
0
0
0
0
0
0
19
15
7
0
0
0
37
2
5
6
0
0
0
0
0
0
5
11
0
0
0
0
0
0
0
0
0
0
0
14
18
24
15
1
15
8
20
562
16
7
0
0
0
5
0
0
58
5
0
0
0
17
15
0
5
0
0
0
0
0
0
0
0
16
5
0
0
0
0
0
5
0
0
0
0
1
17
0
0
5
11
0
6
405
0
3
0
0
0
0
0
0
0
0
0
1
0
1
0
0
428
25
74
0
34
20
0
0
5
28
56
25
21
22
5
86
8
11
15
426
0
5
1
0
448
448
10
0
0
0
15
12
448
0
0
19
0
425
5
487
58
451
5
448
0
0
0
0
0
0
425
58
0
6
35
478
468
10
21
18
12
0
436
0
0
0
11
460
435
477
0
450
1
518
2
0
11
0
114
0
5
163
390
391
0
0
5
0
2
64
455
23
6
5
1
7
0
7
1
17
12
4
25
6
0
440
446
5
1
5
40
5
2
0
1
7
0
463
42
0
25
8
6
5
0
4
5
14
10
0
15
0
0
0
55
2
7
0
0
0
6
7
0
0
0
6
1
58
6
0
3
0
12
12
6
8
6
4
15
6
5
6
14
4
6
20
26
0
5
11
15
207
7
9
189
0
391
114
0
426
0
420
0
0
5
89
0
0
7
0
0
1
29
17
1
13
6
0
10
485
20
1
3
2
0
5
0
0
1
391
1
17
1
3
1
0
0
1
7
7
18
16
21
0
14
20
212
5
5
6
3
179
1
6
6
12
10
1
0
1
171
5
11
10
15
0
236
6
6
67
215
7
