19
0
4
15
0
0
0
0
2
15
0
25
1
1
5
16
6
3
0
39
48
12
16
1
6
142
18
13
1
0
2
34
21
9
3
6
1
20
10
72
65
0
0
0
3
0
0
0
0
0
0
0
0
0
0
0
0
0
0
0
10
0
0
2
0
0
0
0
0
0
6
0
0
0
0
0
0
5
0
3
7
0
0
0
0
0
0
0
0
0
4
0
0
0
0
0
0
0
4
0
0
0
0
0
0
0
0
0
0
0
0
0
0
0
0
0
0
0
0
1
0
0
0
0
0
0
0
0
0
12
14
80
0
0
0
0
0
3
0
0
0
0
0
0
0
0
0
0
0
0
0
0
0
0
0
0
0
0
0
0
2
99
0
0
0
1
0
0
11
3
24
26
0
0
20
22
2
23
0
1
1
0
1
1
1
0
103
0
0
0
2
1
0
0
0
0
0
2
0
1
1
2
4
4
0
0
6
0
1
5
2
1
0
0
0
3
0
1
0
0
0
0
24
2
5
1
2
18
2
0
0
2
3
11
24
10
15
59
0
0
1
0
0
25
0
0
2
6
4
0
4
125
1
11
1
1
11
0
21
0
0
0
0
0
0
0
49
12
0
14
1
4
0
0
0
6
0
0
3
0
0
0
1
3
0
1
3
0
17
0
3
0
121
17
32
0
3
3
0
26
0
0
0
7
0
13
2
1
5
5
2
0
1
0
0
0
3
0
10
0
0
0
0
0
0
0
8
6
0
1
3
4
3
5
0
6
5
3
63
6
6
8
32
59
2
2
79
0
9
0
7
1
21
7
1
9
2
0
15
0
0
4
1
1
5
4
63
9
0
4
5
1
0
20
20
20
0
6
4
5
486
0
16
23
16
15
13
9
0
15
22
404
2
0
16
20
6
24
20
7
4
6
14
19
13
22
0
2
51
20
13
18
6
17
13
5
10
8
3
4
32
1
156
0
33
5
170
0
16
9
6
16
5
2
18
15
17
168
63
12
7
413
0
5
13
0
18
9
0
90
4
10
15
23
20
10
22
15
6
17
28
13
160
23
13
7
0
6
6
15
23
17
16
24
0
17
40
15
82
15
52
9
19
20
8
26
21
9
128
20
6
142
20
11
52
20
1
0
15
8
20
17
21
0
0
0
0
0
101
31
21
0
17
17
22
0
0
10
5
0
1
13
17
21
12
16
0
8
33
50
2
122
0
0
0
0
0
0
0
0
9
0
1
3
0
2
4
4
0
5
0
4
1
0
0
1
1
0
0
0
1
4
0
0
2
4
5
4
0
0
1
5
0
4
0
0
3
0
1
