0
21
0
5
8
9
26
20
2
1
2
138
19
17
2
0
6
1
0
109
6
0
1
20
0
17
0
11
25
32
1
10
3
5
1
121
5
21
6
0
0
0
0
0
0
0
0
0
0
0
0
6
6
7
6
6
11
6
0
0
0
0
2
0
2
0
0
1
9
0
20
0
0
0
0
0
0
0
0
0
0
0
0
0
0
0
6
0
0
0
0
0
0
0
0
25
0
0
0
25
0
0
0
0
0
25
0
0
0
0
0
0
0
0
0
0
0
0
0
0
0
0
0
0
0
0
0
0
0
0
0
0
0
0
0
0
0
0
0
0
0
0
0
0
0
0
0
0
0
0
0
0
0
0
0
0
0
0
0
0
0
0
0
0
0
0
11
0
6
59
128
0
0
0
0
5
24
0
34
4
0
0
25
0
51
0
17
23
0
0
0
0
14
117
0
387
15
40
0
387
425
393
38
402
15
0
0
0
0
28
15
15
0
0
0
0
0
0
0
0
0
15
20
0
22
0
0
21
0
0
0
0
0
0
0
0
0
0
0
0
0
0
0
0
15
0
0
0
0
5
5
0
0
0
10
28
20
0
0
0
0
0
0
0
0
0
0
0
0
0
0
0
0
0
0
0
0
0
0
0
0
0
0
0
0
0
0
0
20
25
0
0
0
0
0
3
0
0
0
0
0
0
37
0
0
27
0
0
0
0
0
0
0
0
27
0
11
1
26
0
0
0
0
0
0
0
0
0
0
0
0
0
0
0
0
0
0
0
0
0
0
40
0
5
0
33
18
1
0
1
20
40
0
0
562
0
4
0
387
0
0
0
35
25
0
0
25
0
0
0
0
28
390
20
407
0
25
0
0
0
25
0
0
0
0
0
22
23
2
0
1
5
1
17
16
0
0
0
25
0
0
0
0
0
0
0
0
0
0
0
4
117
117
0
0
0
6
0
1
7
10
20
26
0
8
0
0
0
2
138
21
65
474
6
30
1
18
9
15
27
175
0
47
68
290
22
25
75
13
32
12
20
13
6
146
0
153
4
194
0
5
324
0
0
138
0
261
2
5
5
100
33
49
4
43
33
98
0
122
64
195
25
132
0
7
