26
149
0
23
0
11
22
22
39
12
0
161
8
0
0
0
164
15
15
18
99
32
16
16
37
0
6
0
15
15
1
1
21
15
15
0
6
20
8
12
0
0
0
0
15
0
0
0
0
0
0
0
0
0
0
0
17
11
16
6
0
25
7
0
0
0
0
0
0
0
1
0
0
0
0
0
0
0
0
0
0
0
0
0
0
0
0
0
24
387
16
13
5
1
5
0
0
5
0
1
1
2
0
11
18
8
0
2
1
0
15
0
0
5
0
0
15
16
34
0
7
21
0
13
2
1
23
29
0
19
27
45
0
0
0
0
0
0
0
0
0
0
0
0
0
0
0
0
0
20
0
0
0
0
0
0
0
21
0
89
20
1
0
0
0
0
0
0
0
0
0
0
0
0
0
0
0
58
1
26
3
6
0
0
0
3
15
42
22
51
64
6
5
1
199
4
14
13
5
0
0
0
0
0
0
0
0
0
0
0
0
0
0
0
0
0
0
0
0
0
0
0
20
0
0
0
0
0
0
0
0
0
0
0
0
0
0
0
0
0
0
0
0
0
0
0
0
0
0
1
0
6
1
1
0
0
4
0
0
0
0
0
0
0
20
0
0
0
0
0
1
0
25
20
5
20
20
89
1
2
1
1
3
6
20
7
6
3
17
6
0
0
0
0
0
0
0
0
0
0
0
0
0
0
0
0
0
0
0
0
0
0
0
0
0
21
0
0
0
0
0
0
0
0
0
0
0
0
0
0
0
0
0
0
1
33
0
0
27
1
0
20
137
0
20
24
29
1
8
0
6
1
1
22
16
13
5
89
0
19
24
20
0
0
0
0
0
32
26
20
28
117
0
20
107
0
1
1
2
0
1
21
4
0
6
6
0
0
1
5
0
0
0
0
0
0
15
21
0
0
0
20
7
0
44
12
18
0
0
2
0
15
39
0
6
6
5
3
26
69
20
1
21
23
6
0
2
5
4
21
396
20
397
12
21
13
6
4
7
13
17
402
7
1
15
18
0
428
21
0
92
18
0
7
0
1
0
428
0
0
0
10
3
18
0
11
15
5
25
14
17
8
7
19
11
79
20
0
14
16
405
0
0
0
123
0
6
131
0
21
121
15
416
1
9
11
0
176
0
15
190
0
21
397
6
0
3
69
4
16
0
6
50
393
1
0
0
15
0
4
15
0
83
15
398
1
0
15
5
0
0
0
31
9
0
