21
0
0
0
0
0
4
1
6
6
0
7
2
4
4
2
3
12
0
119
26
0
0
0
0
13
0
2
0
20
0
1
1
18
2
12
1
2
24
3
0
0
0
1
4
8
117
2
2
1
43
3
50
0
0
1
21
25
0
1
0
0
0
2
1
105
1
0
0
0
0
0
0
0
0
0
0
0
0
0
0
0
0
0
0
0
0
0
0
0
0
0
0
0
0
0
9
0
0
0
0
0
0
0
4
0
8
0
18
0
12
5
2
0
0
0
0
0
0
0
0
0
0
0
0
0
12
0
4
0
1
2
0
1
0
6
2
7
13
5
0
6
0
6
2
25
8
0
9
0
0
0
3
12
2
3
0
0
0
0
0
0
0
0
0
0
0
0
0
0
0
0
0
0
0
0
0
0
0
6
1
9
0
0
0
0
1
0
1
5
0
0
0
12
28
3
21
7
15
12
70
32
1
2
0
1
7
6
0
2
15
1
1
0
7
0
14
6
1
2
0
3
1
0
0
5
0
0
0
1
25
1
0
4
8
0
22
0
0
25
6
18
22
0
3
9
20
0
26
3
7
3
2
2
2
10
2
13
2
0
28
0
0
0
0
0
0
0
0
0
0
0
0
0
0
0
0
0
0
2
9
1
12
3
18
2
2
0
12
11
0
2
8
3
0
2
42
1
64
2
6
0
3
414
29
85
1
64
455
23
6
5
6
6
6
0
63
2
16
25
9
13
4
48
0
141
12
18
6
1
6
10
21
26
4
0
20
6
0
5
22
392
1
0
1
1
6
414
138
21
15
0
3
0
20
9
1
5
1
6
5
27
1
24
1
6
10
1
6
22
6
8
1
0
0
201
1
15
0
78
5
5
0
45
2
9
0
84
0
1
0
3
3
32
1
0
28
0
1
0
10
29
6
0
9
1
0
6
0
