4
241
0
30
3
0
1
0
27
57
17
0
5
27
60
70
3
6
3
3
20
0
33
70
5
21
0
12
7
12
4
28
21
99
31
5
5
18
0
0
1
27
29
1
30
0
10
28
36
9
3
3
25
11
3
3
0
4
4
8
1
7
2
6
0
0
0
0
0
0
0
25
0
0
0
0
0
0
0
0
38
0
1
0
0
0
0
0
0
0
0
6
3
0
2
0
1
0
0
0
0
6
5
0
0
0
0
0
3
3
0
3
4
4
3
1
0
5
1
68
0
59
106
101
26
33
18
31
64
26
3
3
3
1
0
23
2
11
26
1
10
48
5
0
0
32
493
40
0
0
99
0
0
0
0
6
3
0
38
5
0
0
10
10
0
0
0
0
0
0
0
0
0
0
0
9
9
0
38
0
0
31
49
0
8
23
3
20
18
20
0
0
0
13
0
4
0
30
26
3
109
18
1
0
0
0
0
0
0
0
0
0
2
0
0
0
0
0
0
0
9
0
0
0
0
0
0
0
0
0
0
7
23
20
1
0
3
0
0
0
13
3
90
8
0
3
0
1
0
4
3
3
0
0
0
6
0
2
6
0
7
24
1
17
1
0
3
20
2
31
3
1
1
0
5
1
5
19
1
0
21
14
45
23
0
19
1
11
0
2
22
0
5
1
20
10
88
10
8
7
8
0
0
19
28
55
2
16
1
17
4
31
9
181
0
93
32
24
133
0
0
97
0
3
7
106
6
7
163
411
175
3
158
1
0
0
