14
32
0
63
72
5
0
17
151
0
168
11
63
37
5
13
20
62
0
20
10
0
28
21
0
17
25
125
3
90
10
20
0
20
39
27
0
15
0
0
15
1
0
0
0
43
0
0
0
0
0
0
0
27
0
0
14
5
9
1
20
2
0
0
0
0
0
0
0
0
5
77
1
0
0
0
14
0
0
0
0
0
0
0
0
0
0
0
17
3
17
43
34
0
0
0
0
0
0
19
0
14
0
0
6
0
14
0
0
0
15
10
0
12
3
0
0
0
0
0
0
0
0
0
18
0
0
28
0
0
0
0
0
0
43
15
64
0
0
0
0
0
10
0
0
0
10
17
0
0
0
0
0
0
0
0
0
0
0
63
9
27
0
0
0
0
0
0
0
27
0
0
9
9
0
0
0
68
0
0
0
0
0
0
0
0
5
5
0
70
21
72
16
0
1
0
7
8
2
12
13
4
102
17
13
22
34
0
0
0
0
6
3
92
94
75
9
66
0
66
0
0
0
0
3
63
0
0
33
33
0
0
30
87
1
0
71
21
21
0
0
9
3
0
0
0
0
9
0
66
3
54
26
3
0
18
10
119
48
4
26
9
75
0
0
96
159
3
3
101
0
85
65
16
5
50
23
64
5
5
20
9
135
0
33
43
107
4
58
16
90
11
1
1
0
9
30
65
4
0
33
4
0
0
6
0
16
0
3
15
0
17
1
1
0
9
0
26
0
67
13
12
86
63
0
3
3
75
73
3
0
0
0
0
28
0
4
287
9
6
14
6
12
19
0
67
5
1
11
39
4
2
30
23
35
6
0
20
84
455
23
9
18
73
12
6
17
212
9
91
8
32
385
394
2
74
8
0
41
73
9
19
63
23
9
9
9
15
0
5
159
9
5
14
63
14
0
10
0
0
9
0
10
23
25
11
21
19
21
20
54
2
0
2
2
26
5
6
25
0
0
1
1
17
28
13
7
2
0
12
4
12
16
24
0
6
1
37
9
29
1
20
21
9
9
1
15
0
0
79
394
12
20
0
185
0
17
28
47
0
6
0
6
24
11
6
7
0
54
1
36
9
14
15
101
51
50
0
15
15
7
21
64
20
102
63
3
75
115
3
75
52
