9
129
0
40
0
10
9
0
44
51
9
8
48
161
11
9
62
117
49
52
48
0
19
0
53
49
0
65
49
578
0
1
10
0
53
59
67
2
6
0
0
0
39
10
0
62
48
416
73
39
2
39
72
8
140
200
527
2
20
9
494
446
3
6
428
417
33
0
49
11
0
48
1
0
6
0
0
0
0
93
144
40
0
56
2
58
9
134
181
7
5
0
0
0
12
0
1
11
6
9
4
0
399
50
64
15
25
0
0
0
1
10
21
1
9
9
9
0
26
0
23
21
0
12
11
0
18
14
5
5
1
1
2
58
11
0
0
2
3
65
9
0
0
9
5
2
0
9
11
9
1
0
0
0
0
0
0
0
3
0
11
13
570
44
0
0
10
42
0
0
0
0
0
0
0
0
0
0
0
0
175
2
5
9
0
0
0
0
9
8
0
18
20
1
0
0
0
0
0
36
18
0
0
0
0
2
2
33
0
0
0
0
0
0
403
0
0
51
0
51
0
433
0
433
0
0
0
0
0
1
5
2
3
42
4
512
453
458
3
0
442
33
506
54
0
0
0
32
1
10
0
0
0
0
0
37
10
7
4
0
1
12
1
6
0
6
0
0
0
4
0
0
0
56
77
27
5
9
49
54
414
49
45
39
0
0
0
10
0
1
1
0
0
1
408
10
5
6
0
0
0
6
408
0
4
0
0
1
0
84
0
0
2
13
44
16
50
7
40
21
9
46
28
44
1
125
44
78
0
1
0
0
0
9
20
0
0
0
0
64
6
116
0
12
49
5
7
41
0
0
64
27
54
8
9
0
0
388
20
0
0
0
0
0
0
0
6
37
20
10
15
6
3
49
18
13
48
7
34
98
41
385
19
53
7
39
13
17
9
54
4
6
10
20
24
55
14
48
396
39
5
34
11
15
45
54
19
1
6
0
20
130
45
142
6
0
60
5
127
0
46
0
124
0
2
12
19
71
6
123
26
1
103
404
38
40
0
65
16
11
0
9
0
5
0
3
0
57
166
0
0
0
0
54
15
13
0
0
403
33
10
10
2
2
0
0
0
0
0
12
0
0
0
0
0
0
11
2
2
2
33
33
403
403
0
0
0
0
0
0
0
0
0
0
0
0
0
0
0
403
0
0
10
0
0
10
10
0
0
0
0
10
0
0
10
10
0
0
0
0
51
0
51
0
433
0
433
0
0
0
0
0
0
0
0
0
5
1
0
0
9
39
0
8
10
11
0
20
0
0
3
0
3
0
0
4
4
0
0
12
0
10
5
14
0
12
92
0
