1
3
0
1
0
2
1
5
0
22
37
5
17
0
81
23
4
0
1
6
0
1
7
17
1
5
0
5
7
2
35
1
33
0
0
18
0
0
3
3
21
0
0
6
7
0
7
1
0
0
2
9
16
1
0
16
0
0
1
0
0
28
1
4
9
0
0
1
0
17
0
35
1
9
1
8
1
3
18
1
1
0
0
8
0
1
0
0
25
0
0
0
14
0
0
0
0
6
1
20
29
15
0
4
15
16
3
0
1
1
0
0
1
6
16
9
1
503
0
5
4
1
0
1
1
16
0
10
1
1
11
3
1
10
1
0
0
7
0
0
3
4
5
16
0
0
0
0
0
0
3
0
14
6
1
5
3
21
19
0
1
14
19
3
1
5
2
1
2
9
14
1
0
1
1
10
1
4
1
8
0
1
1
2
1
9
1
9
0
0
39
21
0
12
24
64
50
0
12
3
1
1
0
2
0
15
1
50
14
14
15
6
21
0
17
20
1
0
1
0
0
2
393
35
392
15
39
0
11
8
30
7
6
0
1
12
0
6
1
40
390
0
7
0
86
6
19
0
13
0
2
1
12
0
9
0
0
0
0
14
0
165
1
10
44
0
4
0
25
9
7
6
11
8
20
7
0
0
0
0
0
523
0
0
16
21
3
12
7
1
15
4
12
8
5
429
6
439
7
7
436
1
14
0
15
126
3
13
0
1
27
0
55
21
1
11
8
0
0
11
10
10
11
10
1
0
0
1
0
0
6
1
4
0
14
20
2
0
1
1
0
1
0
0
0
0
0
0
0
0
22
0
0
0
1
0
0
0
1
1
1
15
3
0
1
14
15
15
0
0
0
0
0
0
0
0
0
0
0
0
0
0
0
0
0
0
0
0
0
0
0
0
0
0
1
0
8
0
0
0
0
0
2
0
1
4
0
3
0
1
0
0
1
1
2
