385
1
0
411
402
405
385
403
85
462
2
48
0
609
26
493
438
385
32
458
1
407
10
71
385
0
0
0
0
5
434
51
5
57
0
407
386
505
385
492
535
411
6
0
17
436
0
0
0
60
17
0
392
15
0
1
8
5
386
449
0
55
54
7
411
5
2
0
0
0
0
0
0
0
24
389
12
24
420
60
0
9
1
0
0
0
15
0
0
0
0
0
0
0
0
0
0
0
0
0
0
0
0
0
0
0
0
0
0
0
394
9
385
22
0
0
0
1
471
407
15
473
434
27
483
1
15
0
0
0
0
0
385
81
36
0
15
433
391
386
11
62
8
386
391
467
0
0
0
385
385
0
385
0
0
0
0
0
457
15
0
0
385
392
0
0
386
0
0
386
12
46
0
11
3
0
3
0
0
0
0
0
0
5
0
0
5
0
0
0
0
2
8
6
0
24
0
0
400
24
385
0
0
0
0
0
0
0
0
0
0
0
0
385
385
385
0
55
0
21
385
468
385
0
387
15
55
58
58
386
0
385
0
0
0
394
23
401
385
428
0
385
385
1
389
3
391
410
0
401
0
411
390
0
0
23
20
0
23
0
385
0
0
0
3
0
388
0
385
0
385
0
0
0
0
15
17
400
405
0
34
401
385
385
419
386
386
20
7
83
7
506
485
409
15
430
389
395
60
39
1
386
10
0
385
5
0
27
69
407
412
390
1
386
425
391
0
0
0
0
0
94
11
40
20
22
21
20
20
0
3
15
6
7
23
22
21
15
20
100
59
41
6
35
385
0
1
405
19
13
43
18
70
455
23
136
21
13
211
1
129
391
12
6
17
5
4
6
5
16
31
12
392
8
0
0
2
0
3
15
26
0
0
8
10
4
46
20
392
0
408
24
8
0
2
101
26
51
0
7
10
0
1
1
230
32
0
9
14
1
15
30
0
19
11
21
25
53
7
34
15
17
450
85
25
1
1
12
1
33
6
8
38
1
6
48
398
1
15
91
385
18
18
10
6
5
0
0
0
0
31
9
1
25
59
15
5
383
400
47
6
24
0
1
154
1
68
401
3
15
18
6
411
5
385
0
22
386
0
0
1
0
0
5
0
0
0
5
0
5
0
0
2
0
0
0
2
0
2
0
0
2
7
7
1
2
0
19
0
387
5
466
76
461
0
15
17
