1
7
0
1
1
35
2
126
0
1
0
8
2
0
46
15
38
1
23
6
0
0
24
28
6
2
5
29
1
116
88
7
0
1
32
0
0
12
0
0
0
0
0
0
0
0
0
6
0
0
0
0
0
0
0
0
0
0
0
0
0
0
6
134
10
137
0
85
10
1
10
0
0
17
15
9
16
15
19
0
21
0
5
9
9
1
0
7
1
1
0
0
15
6
0
0
0
0
0
0
0
0
9
0
0
1
16
2
2
0
1
2
1
0
1
0
3
0
16
453
1
0
13
0
0
0
1
0
1
137
0
0
119
26
34
5
17
89
90
15
0
0
82
64
467
65
449
20
1
9
39
20
20
9
0
229
1
578
578
139
20
20
569
1
5
2
4
0
141
26
0
11
0
0
44
1
1
8
2
0
0
0
9
0
0
0
0
0
0
0
0
0
0
0
0
0
0
0
0
0
64
64
84
0
0
0
0
0
0
0
0
0
0
0
0
0
0
0
0
0
116
0
0
0
0
0
0
3
0
0
0
0
0
0
0
0
0
0
0
0
0
0
0
0
0
0
0
0
0
0
0
0
0
0
0
0
0
0
0
0
0
6
8
0
0
0
0
0
0
0
0
0
0
0
0
0
0
0
0
0
0
0
0
0
0
0
0
0
0
0
135
0
0
0
0
20
0
0
0
20
0
0
0
20
0
0
0
449
1
1
3
0
5
2
15
59
0
0
0
0
449
9
9
51
20
40
28
0
3
1
0
20
21
0
0
0
30
0
0
0
0
0
0
0
9
0
0
27
25
0
1
20
21
2
2
0
1
0
0
85
1
4
3
0
0
3
6
0
1
1
7
1
13
20
5
1
2
7
6
6
97
1
12
208
5
9
20
1
15
6
6
0
10
2
2
1
5
1
0
12
0
126
0
0
29
0
0
93
0
39
8
0
72
8
7
0
443
85
2
3
0
28
0
24
0
4
63
16
3
76
21
122
1
17
20
55
1
110
0
95
24
1
2
0
3
0
502
462
1
37
5
1
17
9
69
0
29
132
41
54
33
26
157
4
32
0
0
0
0
41
0
0
0
0
0
0
30
10
145
0
20
21
1
12
0
5
11
0
0
11
11
0
0
0
0
0
0
0
0
0
0
0
0
0
0
0
0
10
11
10
0
11
1
0
4
130
1
1
118
0
0
0
0
0
0
0
0
0
4
20
449
132
0
0
0
219
0
20
51
59
0
6
0
0
0
0
450
0
0
0
1
0
0
1
2
0
1
0
12
0
0
0
0
20
1
1
0
1
0
0
4
0
0
0
0
0
3
0
0
0
0
20
0
0
7
1
0
1
0
0
0
0
1
0
0
0
0
0
7
0
1
0
0
0
0
0
0
0
