7
6
4
0
19
8
3
22
20
0
176
2
86
4
387
5
0
20
0
1
7
17
1
2
61
1
0
0
7
1
0
1
1
0
2
4
197
0
1
0
0
387
0
0
17
0
1
0
0
10
0
9
90
0
24
1
22
0
0
0
0
22
0
27
37
16
443
417
470
1
40
1
0
0
1
0
8
0
2
1
2
0
0
0
6
0
1
5
0
0
2
5
0
1
3
1
2
0
1
0
0
0
0
1
0
1
2
2
11
0
49
39
0
2
2
23
2
22
0
11
0
0
33
1
0
22
5
204
17
22
22
0
0
0
0
0
0
0
0
20
0
0
0
0
2
0
0
2
0
0
81
0
0
1
0
1
5
123
39
124
0
0
0
25
0
0
0
0
0
0
0
59
0
0
0
0
0
0
0
0
0
0
0
0
0
0
0
0
0
0
0
0
0
0
4
128
2
5
0
1
0
0
3
2
24
76
10
9
0
0
0
0
0
0
0
0
0
0
0
0
0
199
37
0
20
20
46
60
25
60
42
3
0
185
0
192
148
5
0
181
0
2
70
20
20
39
69
62
410
102
39
41
0
0
0
0
0
0
0
0
0
0
0
0
0
0
0
0
0
0
0
0
0
0
0
0
0
0
0
0
0
0
0
0
0
0
0
0
0
0
0
0
0
0
0
0
0
0
0
0
0
0
0
0
9
0
0
543
59
0
0
108
0
0
44
0
1
62
0
2
141
63
3
6
22
0
4
2
3
2
0
5
0
2
0
17
390
6
0
11
0
6
0
0
12
0
0
3
0
6
12
5
2
28
1
12
69
1
161
5
4
414
5
383
0
2
2
3
25
412
1
0
1
0
70
455
34
3
9
2
7
0
0
13
0
34
24
9
2
7
37
20
10
20
6
3
386
2
25
23
58
163
0
12
116
0
94
9
12
0
3
5
11
1
387
0
34
0
154
6
128
29
9
25
121
7
184
16
76
0
5
5
0
5
0
13
0
37
5
66
8
1
45
0
56
12
0
31
5
91
0
392
0
