10
23
0
7
10
10
21
20
2
12
4
117
6
0
0
17
0
10
0
0
10
3
0
31
43
11
1
27
11
6
0
0
0
0
0
0
0
0
0
0
0
0
6
0
225
1
3
24
0
20
29
36
0
0
0
1
0
6
69
33
24
0
2
6
33
108
1
0
6
0
0
0
0
0
0
0
0
0
0
0
0
0
0
0
0
0
0
0
0
0
0
1
7
0
1
2
2
1
0
37
4
8
0
7
0
13
22
0
88
13
2
2
0
4
10
4
0
6
15
1
6
0
4
0
7
0
17
0
0
0
0
0
0
4
0
0
0
0
0
2
1
10
3
2
5
13
0
6
0
0
4
1
0
11
10
1
1
1
624
0
10
4
1
1
1
7
0
35
0
0
0
4
0
0
0
0
0
0
0
0
0
0
0
0
0
0
0
2
20
0
0
0
0
0
0
0
0
4
0
0
0
0
0
0
0
0
0
2
20
0
0
0
0
0
0
0
0
10
0
0
34
21
6
31
0
21
4
12
0
0
0
386
137
1
4
1
1
10
0
0
0
0
0
0
0
0
0
0
0
0
0
4
2
0
0
1
6
6
18
0
27
3
2
0
2
49
4
0
5
1
8
1
0
0
0
6
0
6
1
0
3
6
0
0
0
4
2
3
1
5
5
27
0
0
0
0
0
0
0
0
1
0
11
0
3
0
5
0
3
0
11
0
7
3
3
0
0
1
1
1
0
5
17
2
0
2
1
0
0
0
0
0
0
0
0
0
0
0
0
0
0
0
0
1
0
0
0
1
1
0
2
0
0
0
0
56
6
4
4
1
22
10
5
0
0
3
6
0
4
0
0
0
1
0
0
51
22
10
1
1
0
1
15
0
6
50
0
0
5
0
1
6
1
0
229
2
0
0
84
0
0
2
0
0
0
6
0
26
0
0
0
0
7
11
0
82
38
204
414
3
7
52
454
0
0
77
6
17
6
0
105
6
190
0
0
11
15
0
48
9
0
22
11
0
2
12
222
0
9
15
2
0
23
119
17
9
30
64
0
10
0
1
3
30
0
15
6
12
0
2
6
2
2
0
14
0
5
20
37
0
27
13
6
8
0
0
9
0
20
16
0
20
11
15
9
6
45
100
16
0
3
16
0
22
31
6
42
14
12
6
5
10
0
114
20
0
