11
207
0
396
2
36
2
391
0
0
423
518
0
12
12
0
0
0
0
0
0
0
0
0
0
0
0
34
394
71
39
11
17
0
0
0
0
0
0
0
0
0
0
0
0
0
0
0
0
0
0
0
0
0
0
0
0
0
0
0
0
0
0
0
0
0
0
0
10
25
0
16
37
2
1
58
0
5
13
0
24
21
43
32
35
86
22
0
24
1
8
12
0
0
0
115
6
14
21
71
0
0
1
2
58
0
49
0
446
57
0
0
0
1
0
1
0
0
0
0
0
0
0
0
0
0
0
0
0
0
1
0
0
1
0
30
1
9
0
0
0
5
0
15
0
49
0
0
0
0
0
0
5
67
14
0
0
0
0
0
1
73
50
0
49
5
50
0
0
54
0
58
1
22
4
1
0
49
49
49
0
0
0
0
0
0
0
1
5
54
49
49
0
0
0
0
0
0
1
0
0
5
12
3
3
0
0
0
0
5
0
0
0
1
0
0
0
25
0
0
0
0
0
0
0
0
0
0
0
0
0
25
0
0
0
0
0
0
0
0
0
0
0
0
0
25
0
0
0
0
0
0
0
0
0
0
0
0
0
15
61
9
35
0
26
1
1
0
7
0
11
424
43
17
0
18
15
5
26
0
25
0
0
0
386
10
9
0
0
26
74
36
75
0
0
0
16
1
20
8
0
6
0
9
24
0
0
1
1
0
0
25
0
385
9
0
0
0
0
0
0
0
0
0
0
0
0
0
0
0
0
0
0
0
0
0
0
0
0
0
0
0
0
0
0
0
0
0
0
0
0
0
395
454
27
75
27
0
4
3
0
10
0
0
0
0
0
0
0
0
0
0
386
404
0
27
1
0
1
0
0
50
16
5
0
14
5
11
0
15
4
0
0
11
26
15
1
5
0
5
1
1
8
21
313
0
5
10
16
14
0
8
52
7
15
0
6
76
449
18
393
0
1
1
0
1
0
0
0
201
19
5
4
0
147
9
10
2
10
48
22
12
24
7
495
3
5
14
7
10
6
12
9
27
14
9
14
7
0
69
17
9
40
9
124
426
5
7
35
6
224
3
7
6
3
22
7
0
0
3
0
2
2
0
8
2
22
14
1
19
391
127
1
24
1
5
0
0
0
0
30
21
8
0
0
7
37
241
0
1
236
0
4
36
9
30
4
28
63
11
391
139
17
221
0
20
15
22
1
22
0
144
19
157
19
95
151
2
5
411
46
26
411
46
26
0
385
26
20
0
0
26
0
0
0
0
0
0
0
0
0
0
0
0
0
0
0
0
0
0
0
0
0
0
0
0
0
0
0
0
0
0
0
0
0
0
0
0
0
0
0
0
0
0
0
0
0
0
0
0
0
0
0
0
0
0
0
0
1
68
11
0
0
0
0
0
0
0
0
0
0
0
0
0
0
0
0
0
0
0
0
0
0
0
0
0
0
0
0
0
0
0
0
0
0
0
0
0
0
0
0
0
0
0
0
0
0
0
0
0
0
0
0
0
0
0
0
1
2
15
0
0
0
0
0
0
0
0
0
0
26
0
1
2
5
0
0
0
0
0
0
0
0
0
0
0
0
0
0
26
386
68
0
