3
4
0
5
3
0
0
7
0
84
430
137
73
1
13
3
11
3
0
0
0
3
0
1
6
3
3
2
0
0
21
23
6
35
1
0
0
3
3
1
0
14
0
5
0
2
15
9
2
4
21
17
5
5
6
1
6
16
1
99
448
1
6
0
4
2
11
1
21
9
3
1
5
2
0
3
29
1
0
7
27
3
0
1
26
0
0
0
0
0
2
1
1
1
1
0
27
23
12
2
0
0
3
20
0
4
1
0
0
53
5
3
0
23
17
8
1
0
0
0
15
15
15
4
10
0
0
120
0
18
3
6
1
6
2
20
8
3
4
8
0
1
3
2
8
21
7
0
6
2
0
8
1
3
0
8
0
4
41
33
0
0
9
13
33
1
6
3
30
60
0
0
16
0
16
0
10
1
0
74
6
3
3
2
0
12
0
1
0
1
0
7
0
0
7
6
6
11
0
0
0
9
0
1
0
3
0
0
0
1
0
5
1
0
0
5
6
14
1
0
0
1
0
10
7
0
6
15
1
13
0
0
0
3
12
11
0
7
0
0
0
0
11
0
0
3
0
3
3
0
0
0
0
0
26
0
0
1
0
0
0
3
3
0
6
0
1
3
0
1
12
3
6
1
0
13
3
70
1
0
511
0
0
0
5
0
0
6
2
0
7
10
39
8
15
10
16
12
8
3
12
1
11
6
5
9
0
0
0
39
10
0
420
2
2
2
5
35
8
7
11
5
64
455
19
0
6
17
1
10
0
11
7
391
27
69
8
31
5
12
0
4
0
5
6
6
8
5
8
1
0
36
0
20
9
0
390
6
0
29
3
12
14
8
0
12
7
15
9
0
7
17
4
0
10
15
0
5
9
20
6
6
6
3
0
1
22
10
14
0
14
26
2
20
5
11
10
8
1
0
0
12
0
0
0
6
11
97
0
0
57
61
12
6
0
6
14
0
1
12
0
385
3
0
1
1
0
0
6
5
23
29
3
10
100
5
210
9
9
6
0
0
1
0
10
18
5
31
10
146
0
5
148
0
4
0
76
0
19
8
28
6
5
92
11
0
21
0
