11
6
0
6
10
9
4
9
16
8
31
430
50
6
48
13
14
9
7
23
1
2
2
0
37
15
0
2
0
12
3
8
0
40
2
36
19
14
52
0
3
3
30
23
1
37
46
16
18
23
34
2
6
18
23
20
24
21
0
0
22
6
3
2
1
0
0
0
0
3
3
8
7
3
7
18
47
0
0
1
0
0
0
1
2
0
0
0
2
0
0
0
0
0
0
1
0
0
0
0
0
0
0
0
0
0
0
30
5
0
1
6
11
1
104
11
431
455
0
21
12
0
22
0
0
425
59
1
0
68
6
23
28
0
24
3
1
2
12
10
3
68
0
4
105
29
8
2
0
0
2
0
0
0
4
2
1
80
0
2
21
0
0
0
0
0
0
0
0
0
35
0
0
0
0
446
0
0
0
0
0
0
0
0
0
0
0
0
0
0
0
0
0
0
0
0
0
0
0
0
0
0
0
0
0
0
62
0
1
1
2
2
6
7
0
5
0
0
6
82
62
0
1
2
2
1
0
3
1
0
18
2
9
19
0
0
7
22
0
2
0
0
0
0
0
0
0
0
0
0
0
0
0
0
0
0
0
0
0
0
0
0
0
0
0
0
0
0
0
0
0
0
0
0
0
0
0
0
0
0
0
0
12
0
16
26
385
20
0
22
128
0
30
10
0
20
0
21
2
22
0
17
1
78
17
1
29
40
11
3
15
28
40
7
6
6
0
0
10
8
0
0
14
7
0
4
3
11
21
34
15
0
0
11
86
20
8
20
8
14
7
40
7
0
0
66
455
23
7
12
5
130
14
13
19
1
18
2
131
6
6
0
13
1
7
2
2
12
19
3
0
69
6
120
426
3
4
1
3
16
9
449
85
7
390
10
17
18
6
25
0
3
10
26
7
41
385
0
13
1
0
110
26
8
6
12
6
