93
43
0
425
1
1
1
92
2
5
0
5
0
3
0
482
0
0
3
5
12
0
0
59
0
137
1
0
2
3
1
128
0
10
0
127
0
0
0
2
0
10
0
1
9
16
15
70
385
0
404
8
6
0
397
1
1
9
0
2
1
19
25
99
92
0
8
10
0
0
1
117
0
117
0
3
2
0
117
0
1
11
0
19
0
1
18
16
117
0
37
0
14
0
0
30
0
6
0
0
0
0
2
1
12
65
503
64
500
0
15
1
100
63
0
0
0
0
0
11
68
0
10
0
0
0
20
0
0
0
0
0
0
0
0
0
2
10
2
1
0
26
468
0
118
15
0
1
86
427
0
3
2
0
0
20
8
119
0
64
0
0
0
0
0
0
0
0
6
0
0
0
0
8
0
328
89
122
427
723
428
10
0
0
0
0
0
0
0
644
426
0
0
0
0
0
0
0
0
0
0
0
0
0
0
0
0
0
0
0
2
3
2
2
0
0
3
5
119
0
117
0
49
82
2
1
30
5
117
0
120
532
426
0
0
0
59
0
0
0
0
0
0
0
0
0
0
5
638
426
0
0
0
0
0
15
2
0
117
423
555
122
115
10
3
1
0
152
125
0
123
385
677
0
0
6
0
6
0
569
34
5
9
2
0
11
13
12
2
11
0
441
14
0
0
0
425
0
0
1
1
22
2
0
0
0
0
0
0
6
0
0
0
0
0
0
0
0
0
0
0
0
0
0
0
0
0
0
0
0
0
0
0
0
0
0
0
0
0
0
0
1
59
5
0
10
0
0
144
7
23
6
2
2
0
6
9
0
126
1
6
0
0
64
455
21
5
4
0
19
1
44
16
41
6
3
16
0
20
2
114
426
28
4
0
10
410
10
17
20
1
406
123
6
23
9
111
63
5
9
8
0
31
1
52
9
116
2
148
0
221
0
255
0
0
216
0
199
0
5
231
5
30
64
167
0
193
80
16
8
2
120
5
216
15
1
