0
127
0
0
2
0
3
1
1
15
3
0
4
31
4
0
4
38
6
1
1
2
27
1
0
1
0
0
37
0
0
6
78
9
1
0
1
2
20
7
3
2
1
0
0
22
1
3
0
27
0
1
0
0
0
0
0
0
0
7
0
29
0
5
1
7
430
410
0
5
86
489
1
1
2
0
1
20
0
4
0
389
427
1
20
0
22
0
0
2
0
0
0
0
0
0
0
0
0
0
1
20
1
4
9
0
0
0
0
0
1
0
0
0
0
0
0
0
0
0
0
0
0
1
1
11
3
1
551
0
3
27
17
86
3
0
57
0
0
0
0
0
0
0
0
0
2
0
0
9
6
0
0
0
0
0
388
20
51
0
24
20
40
425
391
412
137
20
0
0
0
10
1
2
0
20
1
52
0
0
20
425
0
0
20
0
0
0
20
0
0
0
51
3
25
21
0
0
0
0
0
0
1
0
6
26
0
0
0
0
0
405
0
0
20
6
0
0
13
0
0
0
0
0
0
0
385
20
0
0
0
20
0
0
20
0
0
8
414
0
6
0
0
0
0
1
11
0
0
0
9
0
1
3
0
1
1
1
1
0
1
0
1
0
1
20
1
0
0
0
1
0
0
0
1
0
4
1
1
1
0
1
0
1
1
445
20
1
0
0
0
4
0
0
0
3
2
1
0
2
0
1
0
1
0
0
27
3
0
3
20
20
0
0
10
0
1
0
1
35
20
0
0
2
0
0
0
3
0
0
6
16
7
5
13
2
64
455
23
393
0
18
6
18
13
0
386
0
1
2
5
1
4
73
5
490
1
3
21
1
12
30
64
9
7
26
112
0
7
6
7
3
386
158
6
0
315
385
1
114
426
9
85
13
7
0
107
5
0
1
22
109
0
405
1
20
13
449
37
25
21
13
6
0
386
1
17
1
5
6
24
208
22
400
6
37
64
4
16
7
126
1
18
10
0
0
0
0
0
0
0
0
0
0
0
18
0
25
0
1
25
1
5
1
64
1
0
0
0
1
505
0
0
0
0
0
0
405
429
0
0
0
0
0
0
0
0
0
0
0
0
28
394
434
0
0
0
0
0
0
51
0
30
26
1
10
0
0
19
6
6
0
2
26
0
0
0
0
0
0
385
0
405
0
385
0
0
0
0
0
0
405
57
0
386
2
6
0
0
0
0
0
0
0
0
0
0
0
20
0
0
0
0
