20
0
88
0
1
0
6
3
31
21
22
1
101
0
5
0
0
0
0
3
0
6
1
0
1
2
17
1
99
1
0
40
1
10
65
21
119
30
21
0
20
38
29
1
0
0
28
1
1
20
9
0
0
49
39
10
6
5
16
39
0
0
2
430
430
427
51
3
426
0
0
0
428
15
21
0
34
9
0
2
1
0
68
1
4
1
1
1
0
0
88
10
2
9
109
14
16
9
10
0
11
0
70
23
2
0
1
20
89
1
2
1
1
0
0
0
0
0
0
0
0
0
0
0
0
0
0
0
0
0
0
0
0
0
11
427
0
0
1
1
0
1
2
29
3
454
69
61
71
39
22
2
2
7
178
116
155
0
1
21
32
0
56
5
30
2
30
28
2
1
1
28
40
0
120
1
2
6
0
11
5
0
1
0
44
1
25
6
0
3
28
0
4
1
3
1
2
1
0
0
5
19
25
0
18
20
0
21
40
0
114
426
14
6
21
130
21
6
8
0
1
6
0
1
31
9
117
1
93
0
20
14
94
0
0
0
7
415
1
0
2
20
78
5
64
455
23
51
5
26
21
126
20
9
5
26
58
12
6
