0
6
0
10
0
0
12
8
1
2
1
0
12
1
4
6
14
6
26
0
19
8
2
1
0
1
17
21
5
0
1
0
3
0
141
0
9
138
0
0
0
0
10
1
0
106
10
1
0
5
1
0
12
0
41
24
0
0
0
0
23
0
0
100
84
5
12
0
0
0
0
0
0
0
0
471
83
16
1
13
3
0
0
0
0
20
0
25
74
5
79
25
10
0
0
0
19
6
0
5
16
11
6
21
0
0
0
0
0
0
0
1
0
8
7
0
0
0
0
0
0
0
20
4
0
8
3
3
0
4
1
0
3
3
8
1
9
0
0
0
0
0
0
3
0
0
0
0
3
0
0
0
0
23
23
0
0
1
3
30
1
0
0
0
41
12
26
41
23
0
23
0
416
63
32
34
25
0
0
1
0
0
0
0
0
0
0
0
0
0
0
0
0
0
0
0
0
0
0
0
0
0
0
1
0
0
0
0
0
0
0
0
0
59
135
6
0
2
6
7
0
0
0
0
0
0
0
0
0
0
0
0
0
0
0
0
0
20
0
23
0
0
6
118
0
184
125
0
0
0
0
0
0
0
0
0
0
0
0
0
0
29
68
53
20
0
0
0
9
15
20
5
8
16
0
8
10
14
3
0
0
0
0
17
10
3
0
4
1
0
0
0
0
0
4
0
52
1
64
0
13
0
12
2
411
0
11
0
38
0
11
6
15
0
0
6
0
0
49
1
59
0
13
0
8
1
12
16
34
33
6
13
0
3
0
60
8
1
6
6
0
0
16
0
34
13
2
0
6
18
50
7
25
14
5
6
32
9
153
0
17
17
0
11
89
12
95
2
11
62
10
103
89
6
1
6
28
59
0
0
0
0
0
1
0
0
0
0
0
0
0
21
