44
52
0
33
21
5
20
16
0
48
0
0
47
12
0
32
5
3
132
37
0
0
20
20
17
0
5
15
6
20
69
87
0
0
0
15
0
0
0
0
0
0
64
19
36
2
2
20
42
0
5
21
3
0
0
0
0
15
35
5
0
0
18
0
1
0
9
0
0
0
0
0
0
1
0
0
26
0
7
0
0
0
3
0
0
0
0
0
0
4
0
0
0
0
0
0
0
0
0
3
0
0
0
0
0
0
0
0
0
0
0
0
0
0
0
0
0
30
0
0
0
0
0
0
1
5
20
0
0
0
0
0
0
0
7
0
5
5
20
21
6
2
0
26
5
0
39
0
1
0
6
2
20
1
2
8
0
0
0
0
0
0
0
0
49
42
8
0
0
0
0
0
49
0
13
2
125
11
0
23
23
63
18
23
37
25
5
5
15
0
0
38
9
54
23
26
15
27
23
1
18
22
1
33
0
0
0
0
0
0
3
8
0
109
14
26
10
3
0
20
0
0
0
0
0
0
0
0
0
0
2
2
20
2
20
22
3
77
0
0
0
0
0
0
0
0
0
22
0
0
19
0
31
67
0
0
26
49
0
0
0
0
7
33
0
5
16
11
116
1
1
0
145
0
6
389
25
20
0
15
0
0
0
7
24
19
110
26
11
19
7
18
16
30
12
136
21
19
47
10
31
17
1
9
2
8
43
18
28
43
4
27
20
13
9
115
405
1
1
0
0
7
6
19
11
19
48
14
34
20
101
14
35
35
21
1
1
89
0
22
12
28
18
1
6
2
45
6
24
3
95
22
39
9
1
16
0
154
0
15
6
160
0
37
1
74
20
28
45
20
21
26
18
0
0
0
0
0
49
0
