0
313
0
3
1
0
15
16
15
64
22
2
457
3
0
117
6
5
66
89
0
11
39
18
1
30
0
5
19
132
401
0
0
0
1
18
71
0
0
43
0
1
0
0
17
0
0
0
0
1
18
90
0
27
0
1
0
0
0
21
6
0
16
4
437
4
3
535
76
15
23
7
455
399
466
100
39
0
135
3
66
8
1
1
69
0
0
0
0
6
0
0
0
4
0
1
0
0
0
15
0
0
0
70
23
15
22
71
15
15
36
0
0
443
0
17
36
15
0
0
1
0
0
0
0
0
0
0
0
0
0
0
0
0
0
3
6
0
5
65
72
0
5
0
0
0
0
0
0
0
2
0
0
0
0
0
0
0
0
0
0
0
15
0
5
0
0
0
0
0
0
0
0
0
0
0
2
385
29
5
18
5
0
0
0
0
4
26
0
0
0
0
0
15
15
0
15
0
0
0
0
0
0
0
0
0
0
0
0
0
0
15
15
0
22
0
0
0
0
3
0
0
0
0
0
0
0
0
0
0
0
0
1
0
0
0
0
0
0
0
0
0
0
15
1
3
52
28
0
0
3
0
0
0
0
76
0
0
0
0
0
22
20
386
385
386
405
420
385
385
385
385
385
0
385
9
0
0
0
0
0
0
0
0
0
0
0
0
0
0
0
0
0
0
0
0
0
0
0
0
0
0
0
0
0
0
0
0
0
0
0
0
0
0
0
0
0
62
10
385
385
385
385
0
385
85
0
0
0
0
0
0
0
0
0
0
0
0
0
0
0
0
0
0
0
0
0
0
0
0
0
0
0
0
0
0
0
0
0
0
59
386
21
0
397
20
21
0
0
3
3
0
59
83
0
79
385
15
3
3
1
0
16
1
3
0
0
0
385
385
385
385
385
385
0
385
0
0
0
0
0
0
0
5
385
0
60
1
0
0
5
1
9
0
63
5
11
0
40
21
10
13
189
22
199
20
163
24
279
0
385
200
0
0
64
449
48
386
0
1
0
0
1
0
0
15
0
15
15
1
25
5
22
4
0
5
0
0
0
165
5
111
17
41
6
54
15
0
0
37
29
6
121
15
13
8
178
22
129
49
28
10
406
385
120
5
0
1
203
396
116
0
45
5
11
0
12
0
21
399
53
1
6
1
42
0
385
89
0
385
133
0
81
385
45
3
138
0
37
1
3
78
21
82
1
117
10
4
391
0
24
19
1
8
2
2
5
1
227
24
23
7
40
0
44
6
37
37
305
1
1
16
8
1
0
0
