39
0
0
0
39
0
7
5
6
36
32
1
4
0
0
0
0
22
0
0
5
0
5
0
0
5
0
8
36
84
0
2
0
1
0
0
0
5
6
0
0
12
28
0
0
1
1
5
0
0
12
47
0
0
0
0
0
0
0
0
0
0
0
3
0
0
10
2
6
0
0
0
0
0
0
0
0
0
7
0
0
0
0
1
0
0
0
2
0
0
0
0
0
0
0
0
0
0
6
5
1
0
0
0
0
0
0
0
0
0
0
0
0
0
0
0
0
0
0
0
0
0
0
0
0
0
0
0
0
0
2
0
0
20
0
0
0
0
0
0
0
0
0
0
0
0
0
21
24
0
0
20
1
2
1
0
0
0
0
0
0
0
1
0
0
8
0
1
0
0
0
0
0
2
0
0
0
0
0
2
0
0
0
0
0
0
5
20
26
0
0
0
0
0
0
0
0
0
0
0
0
2
0
0
0
0
26
0
0
0
0
0
0
0
0
0
0
0
0
0
0
0
0
0
0
1
0
5
20
38
0
0
8
0
0
0
0
0
0
0
1
0
25
7
0
0
0
0
0
0
0
0
0
0
0
0
0
0
0
0
0
0
0
0
6
4
5
5
0
0
5
0
0
0
0
0
0
0
0
0
0
0
0
0
0
0
0
0
0
0
0
0
0
0
0
0
0
0
0
0
0
0
0
0
0
0
1
0
4
5
1
16
1
1
0
0
0
23
1
0
0
0
11
0
2
2
1
2
51
1
0
1
0
0
0
0
0
0
0
0
0
0
0
0
0
15
0
0
0
0
0
0
0
0
0
0
0
0
0
0
0
0
0
0
0
0
0
0
0
0
0
0
0
0
0
0
0
0
0
0
0
0
0
0
0
0
0
0
0
0
0
0
0
0
0
0
0
0
0
0
0
0
0
0
0
0
0
0
0
0
0
0
0
0
0
0
0
0
0
0
0
0
0
0
0
0
0
0
0
0
0
0
0
0
0
0
0
0
0
0
0
0
0
0
0
0
0
0
0
0
0
0
0
0
0
0
0
1
0
0
2
1
5
0
1
60
0
25
16
12
0
0
21
17
16
5
0
6
0
5
16
1
0
2
2
5
1
0
0
0
0
0
0
0
0
0
0
0
0
0
0
0
0
0
0
0
0
0
0
1
0
15
15
0
66
1
1
20
12
1
4
1
0
1
1
1
2
16
0
0
1
0
0
9
427
0
1
54
0
4
0
0
0
0
0
1
33
2
0
0
0
1
0
16
0
0
0
7
7
1
0
10
13
0
1
420
27
0
404
26
1
0
0
8
7
5
41
0
36
1
45
0
3
7
74
455
23
8
0
6
13
1
0
4
4
25
3
2
11
2
12
9
10
9
1
11
6
20
6
10
15
5
5
8
3
6
2
3
0
6
5
5
14
0
88
74
5
24
5
43
26
91
13
6
413
6
8
9
0
6
2
37
5
2
1
12
10
25
0
94
10
4
30
14
6
0
15
0
0
0
0
0
0
0
0
0
0
0
0
0
0
0
0
0
0
0
0
0
0
0
0
0
0
0
0
0
0
0
0
0
0
0
0
0
0
0
0
0
0
0
0
1
0
0
0
0
0
0
0
0
0
0
0
0
0
0
0
0
0
0
0
0
0
0
0
0
0
0
0
0
2
0
20
0
0
0
0
0
0
0
0
0
0
0
2
1
0
0
0
0
0
0
0
0
0
0
0
0
0
0
76
3
2
0
0
0
0
0
0
0
0
0
0
0
4
1
50
5
5
0
27
1
0
1
5
21
17
16
12
0
1
0
4
21
33
0
0
0
1
0
0
0
0
0
0
0
0
0
0
0
0
15
0
0
0
0
0
0
0
0
0
0
0
0
0
0
0
0
0
0
0
0
0
0
0
0
0
0
0
0
0
0
0
0
0
0
8
10
0
0
0
10
0
0
8
8
0
0
0
0
0
0
0
0
0
0
0
0
0
0
0
0
0
0
0
0
0
0
0
0
0
0
0
0
0
0
0
1
0
0
0
0
0
0
0
0
0
0
0
0
15
0
0
0
0
0
0
0
0
0
0
0
0
0
0
0
0
0
0
0
0
0
0
0
0
0
0
8
8
0
0
0
0
0
0
0
0
0
0
2
8
2
8
10
8
0
0
0
0
0
0
0
0
0
0
0
0
0
0
0
0
0
0
0
0
0
0
0
0
0
0
0
0
0
0
0
0
0
0
0
0
0
0
0
0
0
0
0
0
0
0
0
0
0
0
0
0
0
0
0
0
0
0
0
0
0
0
15
0
0
0
0
0
0
0
0
0
0
0
0
0
0
0
0
0
1
0
0
0
0
0
0
0
0
0
0
0
0
0
0
0
0
0
0
0
0
0
0
0
5
0
0
0
0
0
0
0
0
0
0
0
0
0
0
0
0
0
0
0
0
0
0
0
0
0
0
0
0
2
