16
2
0
19
15
17
36
0
0
0
27
7
14
2
0
13
23
51
37
51
69
0
3
16
29
2
3
0
10
9
0
18
0
0
0
36
116
2
27
63
10
6
2
97
0
421
36
7
33
0
0
1
16
10
1
11
22
26
10
11
37
0
0
10
16
0
0
0
0
0
0
0
0
1
0
386
24
89
8
0
0
0
0
0
0
0
0
0
0
0
0
0
0
0
0
20
0
1
15
18
15
51
3
408
5
18
6
0
0
0
0
0
0
0
5
20
1
3
27
10
18
16
2
1
1
0
18
0
16
0
0
67
6
1
5
10
0
0
0
0
0
0
12
0
0
15
0
0
18
1
0
0
0
0
0
0
0
0
0
0
0
0
0
0
0
0
0
0
1
0
0
16
0
0
0
0
66
0
0
0
0
0
0
0
3
6
10
10
0
6
23
0
139
5
1
11
0
1
0
0
10
69
0
0
0
12
0
4
65
10
0
10
20
37
11
64
0
0
0
20
0
0
0
0
0
0
0
0
0
0
0
0
0
0
0
0
0
0
0
0
0
0
0
0
0
0
0
0
0
0
0
0
0
0
0
0
0
0
0
0
0
0
0
0
0
0
0
16
52
0
0
0
0
0
20
0
0
0
0
0
0
0
0
0
0
0
0
0
0
0
0
0
0
0
0
0
0
0
0
0
0
0
0
0
0
0
0
0
0
0
0
0
0
0
0
16
431
11
0
0
412
395
2
43
61
25
1
1
1
0
0
0
0
385
385
0
0
15
0
0
0
0
0
0
0
0
0
46
0
74
20
0
0
0
386
15
54
1
14
18
0
0
0
1
5
6
6
3
418
15
15
0
10
17
2
11
0
0
0
0
0
0
10
1
22
10
10
6
0
19
0
21
1
16
21
84
42
43
0
1
1
13
0
64
0
0
0
0
0
0
0
53
385
0
0
0
0
0
3
0
0
0
0
0
0
0
0
4
7
0
54
412
614
3
89
17
110
57
0
1
30
16
12
2
1
6
6
6
6
5
5
13
0
409
0
8
10
23
65
38
1
8
1
389
18
9
0
3
7
10
0
85
455
20
1
9
1
17
1
23
41
59
33
6
10
63
9
2
14
25
91
1
5
0
0
56
0
99
387
22
19
0
404
1
5
1
426
2
2
38
0
56
3
39
3
6
5
3
8
0
8
9
1
32
30
16
7
17
97
18
40
2
82
49
88
0
16
94
0
26
14
10
130
4
62
5
3
14
88
6
9
5
6
25
151
6
137
0
0
25
7
43
64
6
0
1
7
0
0
102
18
21
0
10
0
0
0
0
0
0
15
0
10
0
10
10
11
0
10
11
0
15
0
1
11
0
0
0
0
0
0
6
0
6
14
15
20
0
0
0
0
0
0
0
0
0
0
0
0
0
0
0
0
0
0
0
0
0
0
0
0
0
0
0
0
0
0
0
0
0
0
0
0
0
0
0
0
0
0
0
0
0
0
0
0
0
0
0
0
0
0
0
0
0
0
0
0
0
0
0
0
0
0
0
0
0
0
0
0
0
0
0
0
0
0
0
0
0
0
0
0
0
0
0
0
0
0
0
0
0
0
0
0
0
0
0
0
0
0
0
0
0
0
0
0
0
0
0
0
0
0
0
0
0
0
0
0
0
0
0
0
0
0
0
0
0
0
0
0
0
0
0
0
0
0
0
0
0
0
0
0
0
0
0
0
0
0
0
0
0
0
0
0
0
0
0
0
0
0
0
0
0
0
0
0
0
0
0
0
0
0
0
0
0
0
0
0
0
0
0
0
0
0
0
0
0
0
0
0
0
0
0
0
0
0
0
0
0
0
0
0
0
0
0
0
0
0
0
0
0
0
0
0
0
0
0
0
0
0
0
0
0
0
0
0
0
0
