2
4
1
1
5
0
9
1
4
4
2
1
1
1
1
1
7
30
7
1
552
1
1
1
1
2
6
1
1
1
6
0
0
20
2
1
2
1
15
1
1
30
1
429
11
5
5
134
0
3
84
1
0
2
0
0
0
0
0
0
0
26
0
0
0
70
1
1
0
0
1
4
0
10
3
0
1
3
0
5
30
0
0
2
0
0
0
1
1
4
0
2
0
2
3
0
0
0
0
5
1
2
0
4
0
2
4
3
0
0
0
0
0
2
4
0
0
0
0
0
0
0
0
0
0
0
0
0
0
0
0
6
1
12
4
0
2
4
3
17
11
15
0
2
3
16
77
80
1
6
0
3
430
1
3
0
45
10
504
6
495
7
8
27
26
10
4
32
26
10
27
28
16
0
12
0
0
0
0
421
73
0
50
10
3
0
9
1
22
17
1
0
1
1
29
0
30
28
17
1
0
0
10
12
0
10
1
91
1
5
29
1
12
10
1
26
2
5
0
13
0
0
0
0
13
38
2
8
0
0
0
51
13
12
8
2
0
0
0
3
29
15
9
0
9
0
0
1
5
0
0
0
0
0
1
1
0
4
2
8
0
0
0
0
4
1
1
7
2
64
455
41
1
0
0
8
6
34
1
10
9
27
0
40
15
1
1
1
7
5
1
3
0
4
1
5
0
0
57
9
3
0
1
60
15
5
104
387
9
6
28
17
4
0
16
6
397
2
5
82
406
6
3
38
0
59
1
34
1
0
1
1
9
6
236
0
18
1
6
3
12
10
5
26
3
1
1
3
4
0
5
0
0
0
5
0
0
0
0
0
0
0
0
0
0
0
3
59
1
1
2
3
7
6
2
2
32
7
39
0
0
0
0
0
0
0
0
0
0
0
0
0
0
0
0
0
2
0
0
0
10
0
10
2
0
8
0
1
1
1
27
