8
99
0
1
8
55
16
0
0
0
0
0
0
21
0
0
2
4
56
98
70
35
112
4
10
68
63
5
1
25
78
10
3
6
6
21
101
50
86
36
0
11
51
95
6
5
108
176
413
6
468
7
15
28
0
5
0
2
14
6
10
6
53
9
2
51
82
8
8
61
0
0
52
442
27
0
0
29
9
0
0
21
3
1
1
2
8
4
1
0
29
0
21
25
3
0
0
0
0
0
0
0
0
0
0
0
0
0
0
0
0
0
0
0
0
0
0
0
0
392
0
4
58
8
0
8
2
1
386
0
1
3
7
1
0
0
0
0
0
6
2
0
0
0
0
0
0
0
0
0
0
0
49
1
7
0
0
2
0
1
2
49
43
0
50
1
1
5
451
27
0
4
10
0
0
0
0
0
0
0
1
81
0
0
0
0
0
0
0
0
2
1
0
10
6
5
2
17
2
0
0
0
0
22
466
0
5
398
36
86
1
6
21
17
3
385
391
0
385
0
20
0
0
0
0
0
0
0
0
0
4
4
385
0
0
0
0
0
6
414
16
22
8
25
419
0
0
0
445
0
0
6
0
0
0
0
0
2
1
0
434
51
0
391
7
61
54
3
1
389
12
0
1
0
0
2
2
0
20
0
52
407
386
385
398
0
2
387
59
0
485
0
411
0
0
0
0
0
0
385
0
0
3
0
400
0
0
0
0
0
3
405
427
0
78
10
1
0
6
1
0
10
0
167
0
6
1
199
0
22
13
90
8
85
478
8
5
0
11
8
19
1
0
24
28
23
10
26
5
8
9
1
1
14
10
10
11
6
22
0
77
21
5
17
5
0
11
7
6
6
12
19
41
6
9
0
28
399
392
10
99
20
51
6
5
136
14
8
104
387
142
19
9
0
26
12
9
36
13
8
1
10
1
84
11
0
112
15
65
15
5
37
0
28
1
224
0
7
6
6
0
