0
108
0
0
3
0
3
3
0
83
81
0
10
0
8
2
2
0
0
6
105
86
17
13
443
20
0
0
64
10
5
8
0
7
23
0
1
7
156
4
0
0
22
0
0
2
0
3
20
2
0
3
22
5
64
1
1
0
0
2
0
0
19
0
2
0
5
0
0
0
0
1
0
0
0
0
2
22
0
0
0
83
0
78
20
0
0
0
0
0
0
0
0
0
85
78
1
0
0
0
0
0
0
11
0
0
0
5
0
0
0
21
2
0
0
0
4
3
0
0
3
29
3
0
0
0
0
0
5
110
5
19
5
0
0
10
0
62
5
0
0
12
39
8
19
0
0
0
0
0
0
0
0
0
7
0
0
0
0
7
2
0
1
0
0
0
0
2
22
2
0
0
0
0
1
0
0
0
0
0
0
0
0
0
0
0
2
3
3
0
0
0
0
7
21
20
0
2
2
2
0
0
0
0
0
0
0
0
0
0
0
0
0
1
3
66
1
0
0
0
0
0
0
0
0
0
0
21
31
0
21
24
7
21
2
2
20
20
20
24
0
22
1
0
28
3
0
1
7
0
0
493
0
20
0
0
2
0
415
3
0
22
20
415
103
1
385
38
0
0
13
0
0
0
0
0
0
0
0
0
0
59
5
0
7
0
0
2
61
0
66
59
20
0
2
3
7
1
0
22
0
2
1
2
7
21
20
0
0
0
0
0
0
0
0
0
0
0
0
0
0
0
0
0
0
0
0
27
0
2
0
1
0
6
0
0
0
0
25
35
0
72
2
0
3
8
165
489
0
0
2
0
7
4
2
99
69
86
0
12
6
103
1
12
59
63
1
3
0
2
0
2
6
0
11
3
0
1
87
79
156
0
18
123
1
12
18
5
13
45
3
64
455
23
19
1
6
8
8
20
8
15
41
8
7
12
150
88
0
6
436
0
46
0
12
35
0
1
0
11
21
0
5
22
0
13
615
90
0
10
100
8
18
281
1
7
450
85
1
0
0
