26
84
118
0
13
0
0
0
0
0
6
0
22
27
102
49
0
102
28
1
0
0
10
6
34
10
2
0
0
18
43
6
21
17
0
0
0
0
0
0
0
0
0
0
0
0
0
5
0
0
0
14
2
0
16
8
28
1
0
0
15
6
33
23
6
0
7
6
1
20
0
0
32
108
1
2
0
12
0
0
14
0
0
2
2
3
0
2
49
0
0
0
6
0
16
15
20
0
6
429
0
0
0
0
0
5
0
27
0
7
0
4
1
1
0
2
0
0
0
1
0
24
18
0
0
0
0
21
0
0
39
2
2
7
0
3
7
7
1
7
6
120
21
17
10
7
6
17
0
3
2
2
0
0
191
0
0
11
0
27
164
138
9
126
0
116
0
116
0
0
17
1
0
0
117
15
5
116
113
0
0
20
20
10
35
66
0
0
10
0
0
0
7
0
0
0
0
0
0
0
0
29
0
0
0
0
0
0
0
0
0
0
0
1
0
0
0
0
0
0
0
0
0
0
11
494
385
69
20
18
470
32
2
1
16
4
10
2
70
122
0
0
6
116
0
0
0
0
0
0
0
0
0
0
0
0
0
0
0
423
3
9
123
512
43
6
0
27
15
7
1
6
0
1
21
0
2
7
116
0
3
0
39
116
1
0
6
0
6
116
0
0
0
0
0
0
0
0
0
0
0
0
0
0
0
0
0
3
9
123
7
116
7
25
0
1
385
123
391
2
0
126
138
12
117
4
0
7
1
116
11
32
8
15
0
2
103
124
52
19
1
1
45
6
130
6
20
22
43
0
13
0
0
0
5
3
0
3
18
0
2
25
54
16
109
21
27
0
22
21
5
9
26
29
26
5
12
3
0
200
22
95
8
259
12
53
11
21
0
24
1
20
8
51
7
7
10
6
4
76
461
0
154
7
24
3
164
390
3
1
8
0
0
1
28
6
7
17
0
6
5
15
7
30
23
47
8
44
3
41
0
10
9
17
6
144
0
1
17
0
9
24
1
273
12
1
116
101
26
242
22
27
10
31
25
21
0
13
5
12
12
6
24
48
24
41
19
22
260
36
43
0
6
11
26
3
14
6
24
6
23
15
12
0
0
5
16
3
7
1
21
7
36
9
14
5
126
12
5
39
1
7
391
62
22
410
21
90
21
91
0
17
93
0
22
108
3
189
0
36
6
0
0
6
116
0
0
0
0
0
0
0
0
0
0
0
0
0
0
0
7
9
123
385
