24
0
1
4
0
0
15
10
25
11
0
26
16
10
0
19
15
15
0
1
12
0
0
0
0
0
0
0
0
0
0
0
0
0
20
0
0
0
0
0
0
0
0
0
9
0
0
0
0
0
0
0
0
0
0
15
0
24
37
30
11
0
17
15
26
25
16
37
29
38
10
34
82
38
18
50
2
0
26
1
15
28
16
2
38
0
0
26
9
31
1
0
15
16
28
28
0
21
36
1
11
12
15
15
16
28
25
15
25
7
0
0
0
0
0
0
0
0
0
0
0
0
2
1
81
59
59
61
4
15
31
0
1
0
70
10
10
10
2
4
1
0
0
0
0
0
0
1
0
0
2
0
0
0
0
0
1
0
0
0
0
0
10
0
0
0
0
0
0
4
0
4
4
0
11
1
11
21
37
4
10
15
12
10
0
0
0
20
0
0
0
0
0
0
0
0
0
9
106
9
12
0
19
9
24
29
15
1
1
9
0
1
31
9
9
34
9
29
0
0
10
17
9
2
21
29
0
48
16
46
0
25
5
1
69
36
0
24
0
48
9
44
3
10
29
0
30
39
25
38
33
49
9
0
33
0
0
20
0
0
0
0
0
0
0
0
0
20
9
0
0
0
0
0
0
0
0
0
0
9
33
0
42
54
20
0
0
0
2
0
0
0
9
12
24
1
4
15
6
0
0
99
168
0
20
0
91
0
0
0
22
4
4
61
0
12
47
38
24
26
94
25
15
31
25
9
15
16
20
0
0
11
19
10
9
5
19
9
11
17
19
22
7
49
6
335
26
16
153
9
6
10
16
25
31
9
20
14
17
0
0
6
7
18
19
15
20
10
15
16
18
24
16
9
7
17
0
17
15
5
10
15
0
0
171
0
2
18
165
0
2
23
7
7
2
5
3
27
11
106
11
13
94
0
20
16
23
2
7
32
23
124
27
5
15
29
0
9
15
20
6
20
0
0
17
34
53
7
0
8
34
20
16
1
4
0
6
6
33
17
28
13
11
32
0
6
15
15
10
1
18
20
118
16
52
9
0
19
0
21
10
25
0
15
12
25
20
8
153
21
0
217
63
5
231
14
12
29
9
192
34
6
6
0
0
0
0
60
0
0
0
0
2
0
1
0
0
0
0
0
0
0
77
0
0
1
0
0
26
15
70
25
10
0
13
11
1
27
0
0
0
0
15
27
27
13
0
2
17
140
0
28
0
0
9
0
33
0
0
0
0
0
0
0
0
0
0
0
0
0
0
0
0
0
0
0
0
0
0
0
9
0
9
12
14
0
54
0
