16
0
0
0
0
34
1
0
79
16
37
0
8
5
0
4
10
78
75
21
188
0
120
17
17
586
0
79
1
23
42
442
28
20
8
63
16
36
118
9
1
0
0
15
41
20
9
67
117
0
402
127
128
9
1
16
1
16
50
42
15
426
462
2
16
0
0
13
0
2
37
38
79
0
1
1
3
6
6
15
5
5
5
6
0
0
0
0
0
21
16
22
0
0
0
0
0
27
27
0
0
0
0
6
0
0
0
0
1
0
0
0
0
0
0
0
0
425
20
1
17
158
0
17
18
1
430
5
21
14
21
21
22
6
5
6
0
0
0
22
5
27
0
0
0
0
9
7
0
63
0
0
119
106
0
0
15
0
0
20
22
0
0
0
3
0
2
20
2
0
2
5
52
9
1
3
1
0
0
3
0
0
0
0
0
1
0
1
0
0
0
0
0
0
0
0
0
0
0
0
0
495
0
1
16
2
445
21
5
10
6
1
25
20
0
0
0
0
81
0
0
81
81
0
5
12
387
507
0
0
0
0
0
0
0
0
0
0
53
17
406
1
35
0
0
433
521
426
16
1
20
6
6
10
1
1
0
0
17
8
8
0
4
1
0
8
5
15
23
8
0
450
0
450
0
0
0
0
505
0
0
0
0
0
0
0
0
0
0
0
0
0
0
0
0
0
0
0
0
0
0
0
0
0
8
0
0
7
0
0
0
0
0
0
0
0
0
0
0
8
17
8
12
11
8
11
21
0
2
0
8
26
5
79
16
5
16
17
8
20
5
2
5
0
386
14
131
9
5
90
0
64
8
116
0
8
111
0
8
110
0
9
13
19
77
455
56
9
13
8
15
7
0
0
0
7
83
12
0
1
10
20
0
5
4
9
75
503
0
23
21
28
96
119
426
0
1
11
16
5
17
389
1
0
6
82
5
22
16
5
9
75
2
0
6
0
6
10
0
34
4
0
103
0
32
1
24
9
12
18
0
36
9
130
0
0
200
80
40
7
0
44
0
59
1
16
0
93
83
1
6
44
7
12
6
67
7
2
124
75
23
22
11
