2
135
0
0
0
0
48
0
11
0
2
20
1
1
6
96
3
0
388
0
0
0
5
99
406
4
90
94
4
0
99
83
0
101
0
0
2
78
0
37
27
15
1
449
3
87
13
28
386
28
0
2
0
0
30
4
388
0
99
386
3
146
483
4
15
0
0
1
84
390
397
15
2
8
0
1
11
0
0
0
0
0
0
0
6
0
0
0
0
78
10
1
0
0
0
1
10
1
1
3
0
78
0
0
95
21
17
0
11
2
2
2
2
15
0
15
15
4
16
17
0
111
7
6
2
476
0
15
43
4
17
399
385
404
386
393
485
451
2
453
450
426
4
0
17
0
0
0
0
388
425
425
425
0
0
0
0
0
0
0
0
0
0
0
0
0
0
0
0
0
0
0
0
0
0
0
0
0
0
0
0
0
0
0
4
0
510
20
127
491
386
406
2
0
0
2
0
385
427
0
397
20
385
435
0
0
388
425
385
425
0
0
0
0
0
0
0
0
0
0
0
0
0
0
0
0
0
0
0
0
0
0
0
0
0
0
0
0
0
0
0
0
0
21
20
507
1
102
0
51
3
15
20
405
385
431
7
10
17
15
1
391
1
425
0
385
385
0
0
0
0
0
0
0
0
0
0
0
0
0
0
0
0
0
0
0
0
0
0
0
0
0
0
0
0
0
0
0
0
0
0
0
0
0
3
0
416
73
15
15
390
1
7
8
20
3
0
0
385
0
7
0
417
1
0
1
405
2
8
4
0
0
0
0
0
0
0
0
18
3
2
0
0
0
0
0
0
0
0
0
0
0
0
0
0
0
1
4
0
15
0
0
0
0
2
87
82
0
0
26
1
0
0
20
1
0
18
445
16
394
0
0
0
0
0
0
0
0
0
0
0
0
0
0
0
0
0
0
0
0
0
24
16
25
31
15
0
0
0
2
3
0
0
0
395
0
98
1
1
4
1
2
6
3
0
0
0
24
1
0
16
0
1
11
1
6
3
1
0
3
0
1
32
1
0
8
2
0
0
51
0
3
7
6
67
2
0
83
1
0
79
0
43
11
20
8
0
14
0
0
19
1
65
455
0
256
25
41
118
390
122
1
31
20
0
3
21
1
0
5
87
1
0
23
7
0
96
5
0
9
6
0
5
1
0
9
22
10
8
0
1
9
0
0
5
0
195
5
0
115
426
1
1
0
386
1
0
3
36
0
0
3
0
0
34
13
0
7
390
0
7
11
0
34
29
11
0
0
23
3
417
1
0
0
413
430
0
385
0
0
20
0
0
102
388
0
0
0
49
138
0
4
386
385
1
0
386
0
2
0
0
0
15
0
0
15
0
0
15
0
0
0
15
0
0
0
0
15
0
0
5
6
7
1
0
0
0
