0
114
0
2
2
2
25
1
1
1
0
0
0
9
23
3
0
1
7
0
0
0
24
2
0
44
0
0
6
11
1
2
139
20
0
1
0
1
6
3
2
64
3
64
0
0
2
0
0
10
1
20
0
0
0
0
9
80
4
25
5
1
2
5
0
2
5
0
0
0
0
0
0
0
7
5
54
103
428
392
0
0
1
2
92
0
385
1
0
1
1
0
0
10
0
0
0
20
15
1
0
0
0
62
4
101
8
4
0
0
0
0
0
0
0
0
0
0
0
0
4
2
385
5
0
0
0
1
0
12
0
5
1
0
1
33
0
385
0
19
0
3
23
0
0
0
15
3
0
0
0
0
0
0
0
0
0
0
0
0
0
0
0
0
0
0
0
0
0
0
0
0
0
1
1
1
4
0
0
0
0
0
0
0
0
0
0
0
0
6
0
1
0
0
0
1
0
0
0
0
27
2
0
0
0
0
0
0
0
0
3
385
0
0
5
0
0
1
76
468
17
15
8
6
20
0
92
13
63
105
5
0
0
0
0
0
0
0
0
0
0
0
0
0
385
5
0
0
0
0
0
0
0
0
0
0
0
0
4
4
238
20
0
0
20
0
0
0
0
0
385
0
5
0
0
0
0
0
1
38
387
1
459
435
0
2
405
0
406
0
0
1
1
0
6
0
15
385
1
5
1
5
0
5
20
0
0
22
20
85
0
0
0
93
0
0
0
0
0
0
1
21
43
0
0
86
22
0
0
0
0
385
0
0
0
0
0
0
0
3
0
1
2
0
385
385
0
1
0
0
1
0
1
1
0
0
0
0
0
6
0
0
150
11
5
16
63
12
0
89
71
1
31
7
0
70
455
18
8
0
5
31
6
18
124
5
21
70
5
8
51
12
8
0
5
8
0
6
8
1
5
11
10
6
10
9
20
4
5
4
0
6
10
9
1
77
1
0
6
6
1
5
7
6
0
6
12
6
1
12
23
1
28
9
6
8
0
1
5
0
5
1
103
5
1
0
1
6
87
0
12
33
6
3
6
6
170
1
40
9
134
1
12
46
7
5
126
4
5
105
2
11
6
