42
55
0
39
36
22
35
15
74
99
19
30
40
508
21
34
61
50
72
27
32
0
18
23
23
16
0
0
1
1
34
33
70
0
36
0
0
23
0
29
43
25
50
28
1
41
0
13
6
0
23
6
5
0
0
0
0
0
23
0
0
12
0
8
23
1
1
9
0
34
43
1
40
22
3
3
0
0
0
0
0
58
7
28
22
25
0
10
7
29
0
0
0
0
0
0
0
0
0
47
34
29
2
0
1
5
8
2
0
0
0
0
0
29
0
34
1
0
0
0
0
45
2
1
0
37
0
0
0
0
0
2
10
0
9
1
2
23
118
78
31
21
21
24
81
39
33
0
35
0
2
2
15
11
7
0
20
0
0
0
0
0
0
0
8
0
0
0
0
0
20
96
9
85
0
0
0
0
0
0
0
0
63
0
0
0
0
0
0
0
54
0
0
0
0
0
0
0
0
0
0
0
0
0
0
0
0
0
0
0
0
0
0
0
0
0
0
0
0
0
0
0
34
20
137
65
20
23
31
3
114
17
39
3
0
16
1
16
22
20
59
108
29
14
23
12
53
87
0
0
0
54
0
0
0
0
0
0
0
0
0
0
0
0
0
0
0
0
0
0
34
20
66
21
0
2
4
21
21
0
0
0
3
0
0
21
0
37
7
0
0
2
0
1
40
1
34
1
25
7
0
5
0
17
15
113
40
126
0
116
32
22
36
387
408
27
39
48
65
56
47
26
14
63
0
30
19
23
24
32
14
35
1
0
1
22
48
20
64
449
64
455
23
211
0
1
0
173
391
14
27
9
9
14
7
14
21
26
58
12
185
25
26
25
28
10
27
16
38
0
444
85
44
22
32
1
8
2
141
6
106
15
383
0
400
73
0
24
47
6
62
401
0
