296
0
3
1
1
0
1
7
2
0
106
50
5
8
40
21
11
24
35
4
92
0
39
1
21
3
0
0
12
22
0
21
11
0
0
9
0
5
27
0
0
0
1
0
0
0
0
0
0
0
0
0
0
17
1
4
0
0
0
0
0
4
4
10
49
0
0
0
0
0
0
0
0
23
22
1
3
22
0
0
0
0
1
0
0
0
0
0
0
2
0
0
0
0
0
0
0
1
5
0
5
0
0
0
0
0
5
0
0
0
0
0
0
0
0
0
0
0
0
0
0
5
1
6
0
0
0
9
0
0
0
1
4
0
1
0
7
0
21
0
0
0
0
0
0
0
0
0
0
0
0
0
0
0
0
0
2
0
0
0
0
1
4
0
0
0
0
0
0
0
15
0
0
0
0
8
0
0
0
0
0
0
0
0
0
0
0
0
13
0
10
0
33
2
1
21
0
0
0
0
0
0
0
0
0
0
0
0
6
0
0
0
0
3
6
0
3
17
2
22
25
4
0
1
3
33
21
0
13
1
19
0
0
2
10
120
1
24
0
0
0
39
154
25
73
12
0
0
17
37
23
33
42
13
1
0
0
0
0
0
0
0
0
0
0
0
0
0
0
34
0
0
0
0
0
0
0
1
1
1
0
0
0
0
0
0
17
0
1
4
26
0
9
33
27
0
2
0
0
0
0
0
0
0
0
9
0
5
0
1
4
2
1
0
1
0
0
5
0
59
0
1
1
1
0
1
32
22
0
2
2
0
0
6
3
2
3
2
3
2
103
1
16
2
16
2
15
6
0
5
2
25
9
15
0
5
2
0
230
3
19
6
1
1
12
0
0
3
12
0
0
1
143
2
27
2
0
0
5
8
10
3
10
0
4
0
1
209
1
133
0
107
0
1
116
7
7
0
0
0
0
0
0
0
0
0
0
0
0
0
0
0
0
0
0
0
0
0
0
0
0
15
0
7
0
0
0
0
0
0
0
0
0
0
0
0
0
0
0
2
0
0
0
0
0
0
0
0
0
0
1
0
1
0
0
10
0
0
0
0
0
2
0
0
0
2
0
0
0
0
0
0
0
0
0
0
0
0
0
0
0
0
0
0
0
0
0
0
0
0
0
0
0
0
0
0
0
0
0
0
0
0
0
0
0
0
0
0
1
0
0
0
0
0
0
0
20
0
0
0
0
0
0
0
0
0
0
1
1
2
11
10
0
0
0
0
0
0
0
0
0
0
0
0
0
0
0
0
0
0
0
0
49
6
0
0
0
0
0
1
0
1
0
0
0
0
0
35
0
13
2
0
0
19
0
