1
9
0
2
0
15
1
2
0
5
2
0
0
0
0
0
0
0
0
0
0
0
0
0
0
12
0
1
0
1
17
15
0
0
2
6
0
2
390
0
5
3
0
0
27
3
0
50
25
0
0
82
89
21
1
20
0
438
19
0
77
0
1
15
0
0
0
0
0
0
0
0
0
0
0
0
0
0
17
0
0
0
0
0
0
0
0
0
0
2
0
0
0
2
9
0
0
0
0
2
0
0
0
0
0
0
0
0
0
0
0
0
0
0
0
3
0
2
0
0
0
0
0
0
4
5
0
0
0
21
2
10
0
0
0
3
0
0
1
50
15
1
3
446
0
414
5
0
0
0
21
0
9
0
0
0
0
11
5
1
2
12
16
15
91
15
15
6
0
482
15
37
5
1
0
0
0
1
0
61
0
6
2
16
0
15
25
0
27
19
9
0
0
0
0
0
0
0
0
6
4
37
26
23
1
4
0
1
0
407
391
1
51
0
0
3
0
2
5
15
0
1
23
35
0
21
4
3
0
0
11
3
2
3
31
0
0
0
0
385
20
0
0
0
0
0
0
0
0
0
0
0
0
2
5
0
0
0
0
0
22
0
0
0
0
0
0
0
0
2
0
23
23
0
0
0
0
0
0
0
0
0
0
0
0
0
0
0
0
0
0
0
0
0
0
0
0
0
0
11
0
4
0
52
9
21
0
0
0
0
0
0
0
0
0
0
2
0
0
0
0
0
0
0
0
0
0
0
0
17
0
5
0
0
0
9
0
0
0
0
4
2
5
3
4
8
10
0
0
3
0
2
11
19
0
0
0
2
1
10
414
7
2
0
5
91
2
11
19
7
1
0
8
24
5
385
84
9
16
0
21
0
22
0
15
7
90
4
24
0
97
8
14
4
0
0
5
5
5
0
6
17
9
4
29
19
0
34
89
9
0
19
0
0
23
4
13
1
13
0
44
49
69
2
29
6
11
75
124
0
53
14
91
49
34
33
6
1
37
2
222
64
34
4
14
0
5
15
15
0
0
2
0
0
0
0
0
0
0
0
0
0
0
0
0
0
0
6
0
0
0
6
0
0
0
5
8
0
0
15
0
3
0
0
15
0
0
0
1
0
10
23
0
16
25
2
5
21
