0
2
32
0
40
1
1
26
1
0
13
0
0
8
1
23
2
46
61
11
12
12
6
2
8
0
10
23
14
6
1
6
6
3
28
20
10
0
205
61
6
1
11
1
1
29
1
0
0
0
0
1
1
9
13
1
1
0
1
59
73
74
0
0
115
82
566
25
0
7
0
26
10
2
21
7
0
0
1
1
85
9
20
21
3
150
22
1
12
11
4
6
1
13
19
0
0
0
64
0
0
1
1
11
7
0
1
63
2
34
3
22
1
0
1
1
0
64
19
11
8
17
5
1
14
49
11
8
1
1
1
1
46
0
0
0
0
7
4
1
6
0
15
1
1
1
0
28
28
18
5
0
5
0
88
1
23
1
5
0
1
0
1
8
3
0
1
13
13
10
10
29
1
2
0
0
0
5
0
90
0
11
7
0
1
392
0
11
0
18
31
1
17
5
8
11
90
2
10
4
2
6
90
9
65
455
42
7
13
1
50
11
1
6
1
1
5
0
1
7
20
0
8
1
3
7
2
0
96
3
91
1
3
1
6
1
29
0
3
1
7
1
4
50
0
0
1
0
2
489
0
6
0
0
13
26
14
1
0
9
5
0
8
0
6
1
10
2
8
4
47
3
11
3
33
9
2
20
20
0
133
1
401
1
7
1
11
20
34
13
10
0
0
4
0
0
27
0
169
1
14
0
66
16
5
6
1
18
4
3
1
1
2
7
3
0
12
1
1
18
1
10
1
24
7
6
5
0
30
16
139
20
0
71
1
52
10
52
20
3
0
15
5
0
1
17
1
23
119
1
31
1
23
2
0
472
22
5
7
1
1
2
1
24
0
4
7
49
0
4
1
3
1
17
64
80
4
8
0
20
69
2
1
161
0
1
1
6
22
