0
0
10
0
2
0
1
0
3
25
22
0
25
0
5
4
12
0
1
18
22
0
35
15
0
3
455
26
23
17
0
6
11
5
0
10
22
0
8
7
15
0
0
3
19
15
15
0
0
15
0
0
0
20
5
1
1
0
0
7
44
1
0
3
0
4
0
16
2
1
0
15
2
0
1
32
21
0
0
0
0
0
0
0
0
0
3
0
0
0
0
3
20
0
0
0
0
0
0
0
10
22
26
1
38
0
0
25
108
33
0
0
0
390
20
28
0
7
10
0
394
75
35
12
63
46
17
34
5
2
14
0
0
0
0
0
0
0
1
0
0
11
0
21
449
6
3
0
0
0
0
0
3
0
0
1
1
1
5
1
6
1
0
0
0
0
0
0
42
1
0
0
20
11
15
0
0
9
14
6
18
0
0
1
0
0
0
0
9
0
0
0
0
0
1
0
0
0
0
0
0
0
0
0
0
0
0
0
0
0
0
0
0
0
0
0
0
0
0
0
0
0
0
0
0
0
0
0
0
0
0
0
0
0
0
0
0
0
10
10
0
0
0
0
0
0
1
0
0
0
6
17
0
0
0
5
0
41
0
25
101
0
0
0
0
39
0
0
0
0
0
0
0
0
0
0
0
0
0
0
0
0
0
0
0
0
0
0
0
0
0
0
0
3
0
0
6
81
11
0
1
23
0
0
0
0
1
26
15
29
4
10
6
0
0
18
16
0
0
0
5
5
15
0
0
0
0
5
0
0
0
0
0
1
0
5
9
3
73
0
0
0
97
0
11
0
1
9
0
6
0
8
2
25
15
26
0
0
1
1
0
15
0
0
0
0
0
0
1
0
1
1
11
0
0
0
0
1
12
0
0
65
2
91
2
390
1
4
3
4
5
6
5
4
0
0
0
0
16
6
11
0
6
0
0
64
455
42
17
5
1
11
6
0
5
10
0
1
11
6
11
1
11
6
0
388
0
20
0
4
8
6
1
114
426
33
13
22
0
386
0
24
26
4
16
22
5
0
0
3
11
5
7
1
0
415
1
28
6
3
0
19
48
18
390
28
1
4
6
85
3
5
0
1
0
0
0
21
38
13
24
489
10
0
0
0
0
15
97
6
12
0
1
26
12
0
0
451
0
0
0
0
1
500
430
0
0
1
0
1
0
0
0
0
0
0
0
0
0
0
0
0
1
0
0
0
0
0
1
