22
7
0
2
1
0
3
1
0
0
22
12
4
18
0
5
1
78
1
2
5
0
0
20
6
1
42
83
17
87
50
15
9
3
6
0
15
27
1
1
0
12
24
121
87
0
2
24
5
0
20
0
1
1
0
3
0
3
22
1
0
10
8
6
0
49
0
0
30
0
7
9
0
9
17
57
11
1
1
2
0
2
1
0
0
0
1
9
9
0
3
0
30
84
19
0
10
0
19
0
10
94
36
19
0
0
0
0
0
0
0
0
9
0
0
78
11
2
24
0
9
0
0
0
0
0
0
0
0
0
0
0
0
0
0
0
0
0
15
0
6
0
0
3
0
1
0
0
0
5
0
0
22
0
73
1
0
9
3
0
0
28
3
5
3
9
0
1
20
23
32
0
7
0
21
0
2
0
9
0
0
0
0
0
0
0
68
0
0
71
0
0
0
0
0
0
0
0
0
0
0
0
0
0
0
17
1
0
1
0
1
3
60
0
25
5
0
0
0
0
0
0
1
59
3
0
61
4
0
0
1
21
0
0
0
0
72
35
5
1
1
0
4
7
2
2
20
19
0
0
0
2
79
1
3
29
6
0
0
2
2
1
71
0
0
0
8
2
1
4
4
0
4
9
5
124
84
17
89
1
1
92
2
17
45
10
32
0
17
47
0
12
14
450
12
8
1
15
4
113
1
2
0
1
6
2
23
6
23
44
0
0
90
4
20
0
6
8
395
2
2
1
0
4
1
78
8
25
2
15
1
3
8
0
119
2
33
13
6
35
9
5
0
63
14
135
5
1
124
13
13
7
5
7
0
1
0
0
0
0
0
0
0
0
0
0
0
0
0
0
0
0
0
0
0
0
0
0
0
0
0
0
0
0
0
0
0
0
0
0
1
0
0
0
0
0
1
0
0
0
0
0
0
0
0
0
0
0
0
0
0
0
0
0
0
0
0
0
0
0
0
0
0
0
0
0
0
0
0
0
0
0
1
0
0
0
0
0
1
0
0
0
0
0
0
0
0
0
0
0
0
0
0
0
0
0
0
0
0
1
0
