141
0
97
0
41
84
84
0
0
12
20
5
5
0
20
0
0
46
47
0
0
20
0
0
0
12
12
386
0
10
46
462
1
0
16
0
12
21
13
10
12
395
10
25
2
30
409
8
15
5
1
5
33
20
21
0
16
1
4
0
33
1
0
2
2
10
7
5
3
2
11
1
6
6
0
7
5
403
0
1
17
45
21
16
3
9
0
10
0
15
5
36
0
1
0
5
3
20
0
1
5
15
20
0
15
16
0
5
0
0
18
16
23
43
5
44
0
0
0
0
0
0
5
52
0
0
0
0
0
0
0
0
0
0
0
18
66
39
0
0
0
0
0
0
0
0
0
0
1
0
6
7
1
0
6
12
10
15
18
1
11
1
0
15
25
0
0
0
0
0
0
0
2
0
0
0
28
495
28
1
0
21
8
7
0
0
119
17
1
25
34
39
0
0
36
2
29
6
0
5
20
0
20
0
0
5
17
0
0
0
5
8
0
1
0
0
0
0
0
92
57
20
0
385
39
0
0
0
33
171
0
0
0
0
15
0
385
0
0
1
5
4
0
12
29
21
18
44
6
23
0
6
15
439
6
15
22
53
33
0
0
0
6
1
186
3
0
0
67
1
11
0
0
0
15
387
0
385
412
10
20
1
1
0
10
135
32
18
23
20
39
1
394
36
54
0
2
1
0
438
5
0
6
397
23
10
10
20
31
15
0
0
0
0
0
0
0
0
0
0
4
37
11
19
11
22
12
10
7
43
6
3
37
64
455
10
0
1
6
14
8
171
0
3
1
29
33
9
0
19
16
28
11
15
26
58
10
2
353
0
0
128
0
24
26
0
25
81
10
23
19
0
11
38
0
91
0
7
1
5
35
1
28
12
28
9
3
15
7
6
39
50
152
17
29
9
240
16
20
48
184
15
391
15
94
189
15
134
21
8
411
164
0
9
44
0
5
207
35
82
53
33
15
63
401
0
