10
18
0
0
41
0
0
8
11
3
5
46
0
10
61
16
19
2
2
4
4
263
24
17
0
26
5
2
10
7
2
0
1
2
8
1
2
12
0
7
1
25
416
51
1
2
62
4
6
21
0
0
2
0
0
8
2
20
47
38
391
410
385
0
20
3
3
3
0
3
31
0
2
9
0
10
0
0
0
7
5
8
0
0
0
0
13
29
0
0
31
0
0
8
0
2
10
2
0
9
0
5
0
0
8
16
27
0
0
0
0
0
0
0
2
9
0
0
0
1
0
0
5
1
10
7
0
0
0
0
0
62
1
21
3
2
0
0
0
0
0
0
0
0
0
3
3
40
9
0
9
2
96
3
2
0
0
0
0
0
0
0
0
0
4
0
2
0
0
0
0
0
0
0
0
0
0
0
1
12
0
0
0
0
11
13
0
6
11
117
0
0
2
14
10
0
2
20
0
155
0
107
119
256
7
10
15
15
20
2
1
0
0
1
60
194
0
0
0
3
80
62
1
0
312
0
0
59
0
0
59
63
22
0
0
0
59
0
0
0
0
0
0
64
0
0
0
0
0
59
0
8
0
4
4
20
0
0
62
2
59
0
0
15
4
0
6
405
0
0
0
0
0
6
59
0
9
13
0
4
4
0
5
4
0
0
0
0
0
8
5
0
4
443
0
405
2
0
21
3
59
26
7
2
0
0
35
11
19
6
30
106
6
137
6
1
0
88
78
41
6
152
1
5
70
386
69
23
41
9
13
137
17
6
0
12
0
1
38
0
0
12
43
0
0
0
36
11
11
31
16
5
14
1
13
15
9
11
10
31
11
121
405
196
2
19
0
43
22
90
0
27
8
39
10
0
13
90
0
27
8
92
0
0
125
11
12
9
1
13
103
11
97
0
5
6
15
0
6
10
1
11
33
32
11
131
12
5
22
13
152
1
1
77
214
0
26
10
237
0
11
243
32
128
10
11
2
117
10
1
94
2
6
142
7
10
15
1
67
30
216
0
30
6
1
209
0
11
51
5
119
13
5
6
