31
1
3
6
21
2
10
31
1
28
5
3
3
2
17
14
0
0
0
2
3
1
9
2
3
1
2
36
4
7
8
4
11
2
2
27
7
7
7
1
1
1
2
0
0
1
1
0
0
0
0
0
0
0
0
0
0
1
1
12
3
1
7
9
0
7
0
1
8
13
1
9
2
5
3
3
5
0
0
0
0
0
3
1
5
1
2
1
3
5
0
0
0
0
0
0
0
1
9
5
1
0
0
1
0
0
1
3
9
1
4
1
2
1
1
0
1
0
1
1
0
0
1
1
1
3
1
1
0
1
1
0
7
10
7
9
5
0
0
0
0
0
0
0
1
1
7
7
7
1
7
0
0
0
0
1
1
0
0
1
1
0
0
0
0
3
0
1
1
1
7
0
0
0
0
0
0
1
0
7
7
0
0
0
0
0
0
0
0
0
0
0
0
0
0
0
0
0
0
1
7
9
0
7
0
0
0
0
1
0
0
1
0
1
1
0
0
1
1
0
0
0
0
0
0
6
2
1
1
2
0
0
1
0
0
7
33
1
24
10
2
35
2
1
21
1
31
2
7
0
1
2
0
0
0
0
24
0
1
1
0
0
2
14
1
9
9
2
7
1
2
1
22
12
28
1
1
2
21
13
17
6
8
8
1
1
18
1
4
5
11
42
5
7
6
4
0
1
1
8
11
5
0
2
2
8
2
2
1
1
1
2
5
23
24
42
29
7
36
2
14
13
25
1
0
1
1
0
4
1
1
1
0
0
0
0
22
8
1
1
7
2
3
1
1
30
24
2
5
2
1
11
3
0
9
9
0
1
3
3
6
0
21
1
0
20
8
19
2
1
7
1
12
23
4
1
1
1
4
2
10
3
9
1
26
1
4
1
1
0
2
4
1
1
5
2
31
1
9
0
2
21
4
23
13
7
0
1
2
0
7
1
5
2
2
1
8
1
16
0
2
1
27
1
24
3
4
12
15
2
39
1
11
1
1
