173
39
45
84
23
0
0
10
5
6
20
4
0
12
4
6
26
0
5
39
13
25
27
0
1
5
3
17
0
17
15
0
15
0
15
20
0
27
3
4
21
0
0
0
27
0
0
0
0
21
0
0
16
0
0
0
0
1
0
0
0
0
0
1
1
0
0
0
5
20
5
0
0
2
0
0
15
0
0
0
0
0
174
84
1
64
0
1
25
20
0
0
2
0
5
0
0
0
27
0
0
0
5
0
0
0
25
0
6
0
0
0
20
4
0
16
0
0
21
0
26
0
5
27
20
0
0
0
0
13
25
1
4
0
1
8
2
1
20
0
15
6
4
4
7
0
0
0
0
0
1
0
0
3
0
1
0
20
0
0
1
0
2
4
5
13
0
0
34
15
15
0
15
16
0
0
47
15
15
37
0
0
0
0
0
0
0
0
0
0
0
20
13
0
35
5
102
15
15
21
15
16
5
9
4
5
60
0
33
0
20
0
0
15
15
25
18
125
0
23
0
19
0
0
0
0
16
0
0
0
0
0
0
0
81
68
15
59
0
0
59
0
0
38
2
16
21
6
5
6
6
18
28
0
63
0
5
1
32
2
38
0
114
5
26
21
1
2
1
3
0
0
0
0
0
0
0
0
0
0
0
5
5
16
19
40
9
40
6
9
0
25
15
0
0
148
0
63
91
20
225
22
132
0
10
18
9
1
5
1
7
6
9
63
147
29
94
41
98
83
36
9
123
6
0
2
16
2
25
10
135
21
110
7
95
1
94
0
94
35
95
1
104
15
15
0
245
27
5
