67
3
3
10
2
2
2
2
0
65
4
15
6
83
8
0
82
528
88
2
52
76
91
91
69
0
5
0
104
63
18
7
4
24
84
9
0
19
0
21
27
8
1
79
68
4
22
0
4
0
68
68
73
1
476
1
543
49
1
528
116
81
594
85
161
17
5
75
63
39
82
83
4
4
4
9
4
0
0
0
0
0
0
16
33
0
0
0
0
0
27
0
0
0
7
8
7
0
0
0
0
59
24
5
2
0
22
25
83
19
4
6
0
4
30
65
0
0
4
0
5
1
0
0
0
0
0
0
0
0
2
0
67
0
67
55
4
4
0
0
0
20
65
61
70
99
0
6
64
1
1
0
5
5
29
0
0
0
2
0
0
66
0
46
83
4
0
5
24
1
39
0
17
21
17
0
5
7
1
1
0
0
5
4
1
63
68
67
3
67
97
63
67
38
4
63
64
0
67
4
3
1
0
3
67
67
67
67
41
16
8
1
1
1
1
5
4
67
88
0
1
13
0
0
14
0
0
0
0
0
0
0
1
0
0
4
0
0
0
0
0
0
0
0
0
15
0
15
0
15
0
67
18
79
70
38
126
67
1
0
9
15
0
0
157
8
9
74
67
4
1
68
5
0
29
1
67
73
7
10
67
67
5
64
9
65
0
88
64
448
90
4
29
1
0
9
0
63
68
65
6
4
0
12
19
3
3
0
41
11
0
13
34
3
10
1
26
0
9
3
13
0
1
7
0
18
11
18
3
23
1
17
6
109
405
23
58
0
8
0
8
1
0
2
5
64
449
114
426
27
11
13
65
1
19
25
32
1
90
10
33
13
34
10
58
0
16
9
44
443
37
91
0
156
4
6
17
0
0
16
3
111
0
79
60
17
1
0
63
31
9
205
392
21
7
12
13
12
0
5
42
6
109
8
