9
2
58
0
10
0
11
120
34
12
0
51
0
21
15
0
15
19
107
17
2
16
17
17
9
8
0
44
5
78
570
10
449
10
0
11
25
0
1
1
23
15
0
4
9
11
6
0
5
17
0
0
0
31
2
9
0
0
0
0
0
0
0
0
0
0
0
0
0
14
0
0
0
0
5
1
0
0
27
0
0
1
0
11
0
17
17
0
0
0
0
0
0
0
0
0
18
8
8
0
0
0
0
0
0
0
0
0
0
0
0
0
0
0
0
0
0
0
0
0
1
0
0
0
0
0
0
0
0
0
0
0
9
26
10
1
1
0
0
0
0
10
0
0
2
7
5
0
0
9
4
9
5
5
0
0
0
0
0
2
6
1
8
8
0
0
9
0
0
0
5
27
1
0
0
0
0
32
27
0
5
0
123
9
0
0
0
0
0
0
0
0
0
0
0
0
0
0
0
0
0
0
0
0
0
0
8
28
8
9
37
0
0
0
60
0
60
0
25
34
45
9
1
1
68
1
87
30
437
7
0
10
0
0
0
0
0
0
0
27
0
0
0
19
0
0
0
0
0
459
0
9
68
0
0
10
9
0
0
10
9
14
0
0
0
0
0
18
1
12
16
9
9
14
3
13
10
1
13
10
0
58
0
4
14
0
0
99
9
0
0
0
0
0
0
0
0
0
0
28
3
0
0
0
8
70
0
0
128
15
0
0
13
1
0
3
1
4
12
10
11
0
0
0
0
0
0
0
9
0
0
11
2
9
0
0
0
81
20
28
0
51
0
10
1
0
10
1
11
0
0
0
58
0
26
0
11
25
70
1
0
69
0
0
7
7
419
27
64
449
7
16
16
0
9
148
0
5
5
27
6
0
9
0
4
5
6
9
105
12
286
10
93
20
218
5
1
39
29
9
106
21
35
9
139
0
5
5
73
1
0
8
6
