395
390
6
0
14
386
27
404
4
492
6
96
0
385
385
0
0
0
0
0
0
0
0
0
0
0
0
0
0
0
385
385
0
396
385
9
394
20
394
21
81
59
27
400
26
404
4
16
10
16
16
0
430
15
421
10
14
23
25
17
21
14
49
13
28
6
4
15
445
21
511
74
435
24
0
398
11
0
30
0
0
386
443
10
49
0
32
5
0
0
0
0
51
0
0
0
0
0
4
11
11
17
0
0
0
10
402
1
52
11
10
0
0
395
20
18
11
15
2
0
0
48
0
0
0
12
0
0
0
0
0
12
0
0
0
0
0
0
0
385
0
0
0
0
0
0
0
0
0
0
0
12
0
10
17
20
404
436
51
22
0
33
3
12
385
12
12
395
42
10
0
395
385
463
463
0
1
0
0
416
10
5
385
0
0
411
440
385
385
0
5
50
56
3
14
406
385
416
10
53
49
0
444
493
496
21
395
395
59
407
10
395
398
455
11
0
11
1
5
0
0
0
2
0
2
0
0
0
0
0
0
0
0
0
0
0
0
0
12
0
395
20
395
11
22
398
6
12
0
425
0
1
10
406
79
12
62
389
395
410
11
13
10
21
10
12
13
14
11
24
4
0
395
430
0
394
26
10
28
6
0
0
13
0
385
15
399
33
404
412
9
0
0
0
2
24
12
0
3
16
393
2
0
20
396
10
4
389
0
10
386
0
10
0
1
5
391
15
3
10
25
1
7
16
2
10
2
10
14
3
0
0
9
0
0
1
1
0
12
4
0
10
0
39
3
9
10
35
0
19
2
27
0
65
454
36
1
4
385
13
10
417
2
391
410
71
1
7
386
7
1
0
0
0
13
386
1
0
2
1
7
5
10
16
54
16
403
0
386
391
0
7
394
0
3
6
63
0
385
10
0
2
0
18
5
9
9
15
6
1
0
0
387
0
388
5
2
0
8
0
1
387
11
7
5
31
12
205
389
12
10
4
385
88
0
10
90
0
10
0
1
395
0
4
0
81
2
8
11
40
13
11
0
1
10
0
0
11
393
0
388
0
42
445
85
3
20
2
1
10
3
16
400
6
1
2
0
2
21
28
14
39
54
4
0
431
6
0
6
0
2
10
2
0
3
0
8
8
5
2
20
2
10
2
25
388
9
11
10
117
0
1
0
12
0
1
453
0
0
0
0
0
3
0
0
19
13
16
552
17
37
3
65
6
0
0
0
10
10
0
0
17
0
0
385
405
395
0
21
0
12
0
385
0
0
0
0
0
0
0
0
0
0
0
0
0
0
0
0
0
0
0
0
0
0
0
0
0
0
0
0
0
2
33
10
