5
175
0
6
5
2
0
14
1
0
0
0
2
5
9
0
0
13
12
5
3
7
0
55
0
19
9
1
14
0
6
6
4
4
0
3
21
1
27
10
15
0
0
10
0
2
8
26
0
21
22
10
0
12
6
2
12
41
5
69
8
0
71
16
65
0
0
0
10
140
23
1
66
9
1
1
18
2
0
0
6
0
2
9
89
17
1
90
0
15
15
0
7
0
0
0
0
0
0
9
9
10
10
0
0
0
5
9
9
0
0
0
0
36
0
0
0
9
0
0
5
0
8
5
0
0
0
0
0
0
0
0
0
9
15
83
52
20
5
23
0
21
20
0
1
11
1
1
1
2
0
5
0
0
0
0
0
10
0
9
0
0
0
0
0
0
0
0
0
10
8
1
1
0
0
0
0
0
0
0
0
0
20
0
13
1
0
0
0
0
0
0
0
15
0
0
0
0
10
0
4
0
6
0
6
2
0
3
0
24
45
4
5
5
35
0
30
20
13
0
20
0
0
0
0
0
10
60
4
2
0
79
1
0
10
0
0
1
1
0
0
0
0
1
1
1
0
0
3
0
0
0
0
0
0
20
20
10
9
0
10
9
0
0
0
5
4
15
0
8
9
8
19
24
9
13
10
6
1
0
4
1
0
0
0
6
1
11
11
11
5
0
3
0
128
5
17
3
4
1
106
1
5
14
0
0
37
20
0
0
0
1
0
4
0
0
0
0
1
7
11
84
1
5
0
5
0
21
14
509
1
14
5
129
63
94
0
0
10
0
24
7
4
0
6
394
11
385
159
13
0
2
0
19
99
5
406
5
37
9
0
