0
176
162
0
0
2
0
11
3
1
29
135
41
7
9
54
23
0
5
10
3
0
4
0
64
103
414
24
23
121
34
10
34
0
21
6
15
0
3
6
25
255
16
50
1
11
15
194
101
0
0
0
10
10
9
0
28
0
5
5
8
7
26
7
5
0
0
398
2
0
0
0
0
0
0
0
10
390
102
49
0
1
0
0
0
10
10
0
0
0
0
9
33
33
2
0
0
0
0
0
0
0
1
21
2
3
0
0
11
3
0
1
1
0
0
49
27
0
0
0
0
0
6
0
0
5
8
8
0
0
0
0
0
0
0
0
0
0
0
0
15
0
0
0
20
0
0
0
0
0
0
0
0
0
0
1
11
1
5
9
8
20
0
0
87
0
0
0
76
0
0
0
5
12
1
5
0
8
0
0
0
85
53
0
0
1
5
5
64
5
5
0
5
5
11
0
0
22
2
19
30
30
216
26
4
117
216
498
434
498
434
27
117
99
414
414
0
0
0
0
0
0
0
0
0
0
0
0
0
0
0
0
0
0
0
0
0
0
0
0
0
0
0
0
0
0
0
0
0
0
0
0
0
116
506
1
56
18
55
0
49
32
49
166
184
76
99
0
150
27
0
1
0
1
5
0
0
0
0
0
0
0
0
0
0
0
0
60
445
19
555
0
464
1
30
0
0
1
0
1
8
2
0
0
5
0
0
0
0
0
30
27
0
0
0
0
0
0
0
0
0
0
0
0
116
0
27
30
2
34
5
5
602
99
99
5
30
30
27
0
0
0
0
0
0
0
0
0
60
1
9
0
6
5
0
35
9
0
47
0
58
0
6
14
0
67
21
81
246
24
165
5
1
0
29
0
13
134
0
3
11
0
0
67
4
414
64
455
28
20
0
5
34
9
8
6
12
5
5
13
115
405
1
5
8
56
0
14
22
0
6
0
5
15
0
0
9
0
5
22
31
75
12
19
49
5
22
6
7
32
39
4
14
153
5
183
21
85
0
5
189
20
101
1
6
0
6
14
0
10
9
1
123
3
6
220
20
144
3
6
43
0
15
5
0
34
33
14
5
15
0
0
0
0
0
0
0
0
0
0
5
0
49
0
106
0
3
129
