16
25
0
20
0
0
3
0
5
138
2
0
1
15
0
1
0
64
25
9
1
4
49
117
0
0
21
6
15
15
28
22
12
0
43
52
22
38
71
0
33
42
0
65
39
41
0
99
0
61
7
59
20
0
0
100
1
15
7
0
0
0
0
101
85
12
3
1
6
0
0
107
0
0
0
84
122
18
0
0
0
423
385
385
16
49
65
1
0
8
0
0
0
413
2
1
12
1
0
0
18
0
20
53
2
19
8
18
2
89
31
0
12
55
20
20
83
0
2
0
19
0
12
34
122
83
83
83
0
0
0
0
83
0
0
0
0
0
63
1
0
0
0
0
0
0
0
0
0
0
0
0
0
0
0
34
0
20
35
83
15
0
0
15
16
0
8
5
1
0
0
0
0
0
0
0
0
0
0
0
25
12
10
0
2
25
1
4
0
10
81
72
0
57
0
86
23
46
0
21
41
4
15
17
4
0
3
65
57
3
67
0
2
0
3
20
33
63
0
0
0
0
0
0
0
0
0
0
0
0
34
107
0
0
63
52
0
0
0
0
0
0
0
0
0
3
73
63
3
0
0
15
0
0
0
9
12
63
63
38
99
52
29
101
0
10
0
26
58
0
0
0
0
0
42
0
0
0
2
0
5
0
0
15
70
10
0
7
0
49
20
1
8
101
4
1
23
6
2
63
11
22
27
15
1
1
2
2
0
0
3
15
6
7
23
4
0
16
11
0
5
1
35
13
6
22
65
455
42
1
10
6
17
16
26
19
6
4
11
0
15
10
23
0
0
16
20
6
0
16
121
15
19
1
0
3
91
8
0
15
0
0
0
32
52
15
8
21
14
11
0
21
0
16
2
3
4
15
0
0
13
11
10
88
15
116
15
24
11
122
6
0
4
11
28
169
29
64
404
5
21
33
5
32
9
233
6
30
0
18
13
4
63
121
38
326
18
2
32
20
0
20
22
0
1
13
51
57
63
33
22
0
0
0
0
15
86
21
22
143
100
121
19
15
16
53
22
38
20
23
14
0
1
0
0
0
0
0
83
0
0
0
0
0
63
1
0
0
0
0
0
0
0
0
0
0
0
0
0
0
0
22
0
20
20
0
0
0
0
0
63
0
0
0
0
0
0
22
137
63
0
33
48
196
2
