0
25
0
5
15
2
0
8
8
27
26
25
6
1
1
10
2
138
12
17
15
14
30
35
1
0
0
0
0
1
9
1
0
21
5
28
29
0
5
0
0
7
0
1
5
0
45
117
0
5
15
118
5
24
6
1
0
133
6
1
0
11
11
0
10
0
21
0
0
0
0
129
0
27
21
6
5
0
0
0
0
0
0
0
0
6
0
0
0
3
0
0
0
0
6
0
6
0
0
0
0
41
6
0
0
10
7
0
5
12
6
10
14
0
26
0
0
0
12
20
8
0
0
135
22
5
6
53
0
2
20
3
1
12
1
7
0
9
0
1
11
30
285
20
34
33
0
9
0
2
14
5
10
31
31
37
31
4
23
34
0
21
1
1
0
0
0
0
0
0
0
0
0
0
0
0
0
0
0
0
0
0
5
0
0
0
25
0
0
0
0
6
37
21
8
0
0
0
0
0
0
10
0
0
0
0
0
0
0
117
0
0
0
0
0
0
0
0
0
0
0
0
0
0
0
14
14
0
0
0
0
0
0
0
0
0
0
0
0
0
0
0
0
0
0
0
202
15
0
35
30
20
20
0
0
0
0
0
0
0
0
0
0
0
0
0
0
0
0
0
0
0
0
0
0
0
0
0
0
0
0
0
0
0
0
0
0
8
26
26
35
24
2
22
3
40
31
1
214
1
0
5
0
10
35
8
37
5
26
26
5
1
0
11
13
6
6
42
0
0
0
0
0
0
0
21
0
3
0
11
10
31
0
1
11
0
0
21
0
0
2
3
1
10
1
1
15
1
24
5
20
6
1
0
2
14
0
0
8
0
2
5
0
7
1
0
94
11
0
8
20
0
12
18
16
24
5
3
19
0
0
78
1
6
0
2
0
0
22
2
0
0
1
0
7
38
27
49
0
15
0
2
1
0
13
0
0
6
20
2
8
6
0
13
11
0
15
10
0
9
7
0
36
10
11
20
0
11
1
4
0
4
0
15
0
4
0
10
0
1
119
46
6
0
0
11
4
0
202
0
2
5
0
11
5
0
3
0
389
386
0
89
0
1
15
89
0
23
0
207
6
0
95
2
15
1
0
0
0
0
0
0
0
0
0
11
15
0
16
15
2
0
32
0
0
10
2
6
3
0
9
9
0
3
0
0
22
6
20
0
0
1
116
5
0
8
3
173
5
0
6
1
0
8
0
1
16
0
8
7
19
48
30
11
0
20
0
24
1
0
15
1
0
0
0
1
32
0
0
19
121
7
0
393
1
0
5
0
0
331
1
0
0
6
15
27
11
0
5
11
0
12
1
158
1
27
24
0
1
2
2
20
0
9
0
0
18
0
0
123
0
3
0
142
9
0
0
245
0
0
210
21
5
1
24
1
0
15
0
0
47
70
0
0
0
9
41
30
13
10
4
0
0
10
0
0
0
0
2
0
1
0
0
12
7
6
0
0
14
6
0
0
0
0
0
0
0
0
0
15
92
66
0
5
12
22
54
4
0
0
0
0
4
15
0
12
12
5
90
0
15
0
0
6
40
22
116
0
0
0
0
0
0
0
0
0
0
0
0
0
0
0
0
0
0
0
0
0
0
0
0
0
0
0
0
0
1
0
0
0
0
0
0
0
0
0
0
0
0
0
0
0
0
0
0
0
0
0
0
0
0
0
6
0
0
0
0
0
0
0
0
0
0
6
0
0
0
0
0
0
0
0
0
0
0
0
0
0
0
0
0
0
0
0
6
1
43
23
15
42
0
22
0
6
0
6
3
3
34
13
11
5
5
5
7
0
7
0
0
0
5
2
7
1
1
1
0
8
0
0
0
0
0
12
0
