2
13
3
16
0
1
1
2
1
2
1
20
0
7
3
20
1
0
1
2
0
0
0
50
2
54
0
0
0
9
99
5
18
99
0
0
0
20
3
0
7
1
1
10
5
1
50
1
0
0
0
1
0
2
2
18
1
1
21
2
0
101
0
0
0
0
0
0
0
1
0
2
0
0
0
1
0
0
0
4
0
0
0
0
0
0
99
5
0
15
0
0
0
14
0
0
0
0
55
9
0
0
0
0
0
0
0
0
0
0
0
0
0
0
0
0
0
0
0
2
1
1
12
1
0
7
0
1
1
0
6
10
1
11
1
0
0
10
0
6
0
0
0
0
0
10
2
0
0
0
0
1
0
0
1
0
0
0
0
0
0
0
0
0
0
0
6
49
1
0
1
2
2
0
8
1
2
0
0
0
2
1
0
50
1
2
0
0
0
0
0
0
0
0
0
0
0
0
0
388
2
4
9
0
0
0
0
1
0
0
20
0
0
0
0
0
0
0
1
1
1
0
6
0
21
99
0
2
2
0
0
0
0
20
0
0
2
99
21
53
20
0
0
0
16
1
5
2
1
99
0
1
20
6
6
0
23
45
0
0
0
5
0
387
12
20
0
51
0
0
4
0
4
0
0
0
0
0
22
2
2
3
51
0
0
21
0
23
20
1
0
15
0
0
20
0
0
0
0
0
0
0
0
0
0
0
0
0
0
0
0
0
0
0
0
0
0
0
0
0
0
0
0
0
0
0
0
0
20
22
55
1
0
0
0
0
3
1
0
2
0
20
3
0
1
0
1
0
1
2
1
0
0
1
0
0
0
0
1
0
20
0
20
1
0
3
32
0
1
99
0
18
0
0
53
35
21
0
4
0
1
20
0
20
0
1
0
1
0
5
5
8
2
1
0
0
11
12
21
24
36
6
39
0
424
27
245
0
0
0
84
20
1
5
2
12
1
20
6
0
0
0
12
0
0
25
5
15
12
0
9
7
26
21
0
10
1
7
1
1
7
0
0
10
0
23
393
0
0
0
0
8
4
0
0
22
29
8
135
21
442
0
102
26
1
7
25
0
7
6
12
8
0
6
20
26
8
4
0
0
105
7
12
15
1
0
1
24
5
6
87
21
19
6
