0
2
0
1
23
2
5
0
0
0
5
15
6
66
35
2
0
1
2
0
0
4
3
17
1
0
5
0
0
0
0
0
0
0
0
1
1
0
0
1
0
6
0
43
0
7
0
13
0
0
0
0
1
1
0
1
46
0
2
0
0
0
0
3
0
0
0
6
2
0
39
5
0
2
38
0
1
0
0
0
0
0
1
38
0
0
42
0
1
0
0
1
1
0
0
0
0
0
432
43
53
21
1
1
0
0
469
0
0
6
1
0
39
0
1
4
3
1
0
18
0
0
0
56
0
0
0
33
1
2
2
1
0
0
3
0
1
0
0
0
9
0
6
427
0
1
0
1
0
0
0
7
2
26
0
2
61
0
0
0
0
2
0
1
0
0
0
0
0
0
0
0
0
0
0
0
0
4
0
3
1
0
426
21
1
2
1
52
0
0
5
38
0
2
51
0
0
0
19
43
1
0
0
0
38
38
0
1
51
31
1
20
0
0
0
0
0
0
40
6
0
0
0
0
7
0
0
43
20
33
9
33
20
22
0
0
0
0
0
0
33
20
0
0
0
0
3
0
0
8
0
0
0
0
0
0
0
0
0
0
0
20
0
0
0
1
0
0
6
0
0
20
16
10
0
63
19
1
0
3
0
1
22
0
36
1
42
83
0
20
3
43
0
0
2
0
0
12
6
0
7
6
8
5
48
0
6
1
54
0
30
7
23
0
6
13
10
6
64
455
23
7
522
426
150
13
14
154
1
7
0
18
123
0
12
10
1
1
17
1
5
94
20
17
9
0
9
1
6
2
5
5
6
0
0
0
0
0
0
0
0
1
0
2
0
0
0
0
0
0
0
0
0
5
0
0
0
0
0
0
0
0
0
0
0
0
0
0
0
0
0
0
0
