22
7
0
6
10
12
0
6
1
6
40
34
23
0
12
11
9
0
0
2
0
3
50
6
20
5
3
35
0
9
499
0
386
0
2
0
3
0
3
1
7
1
86
5
23
7
19
17
7
6
6
26
6
11
428
0
0
427
4
11
0
463
12
395
445
425
0
0
457
0
8
23
0
3
0
0
3
10
20
14
0
0
13
7
16
9
9
13
431
3
0
388
2
0
10
10
0
0
0
0
2
0
3
385
0
3
0
3
2
3
3
5
3
0
0
428
4
3
3
428
3
3
453
3
448
0
1
0
3
0
7
6
30
7
1
0
23
5
16
0
3
1
0
4
0
0
39
21
388
9
1
393
2
0
0
0
16
1
0
0
0
0
0
26
1
2
64
1
21
27
13
0
0
0
0
4
0
33
425
3
0
1
425
3
0
1
2
411
3
405
28
4
12
6
8
0
0
21
21
4
426
0
3
408
428
388
8
443
438
17
7
8
3
0
0
0
1
0
12
7
27
6
9
8
12
7
42
0
0
9
16
12
34
5
0
12
1
11
513
0
5
385
146
1
12
7
0
6
7
0
2
12
15
51
70
455
28
9
3
6
8
22
391
22
19
1
7
3
1
6
0
0
0
3
0
19
10
0
0
4
3
25
2
0
53
16
13
20
6
6
29
0
32
0
1
12
9
90
12
0
0
425
2
0
6
1
0
414
6
20
0
14
9
394
7
11
16
6
6
0
12
404
3
6
120
4
0
1
458
5
11
15
5
7
12
64
5
4
6
0
0
6
1
0
0
425
7
2
84
6
6
52
0
5
0
7
1
1
163
390
4
157
0
15
177
0
482
5
26
0
59
15
5
9
38
1
0
0
0
0
0
0
1
0
390
391
68
6
11
7
0
1
0
1
0
0
1
0
450
0
0
0
1
3
0
445
0
0
0
0
0
1
3
0
445
0
0
0
1
3
0
408
0
0
0
1
3
0
405
