0
141
1
0
77
0
5
0
5
0
0
1
0
6
4
0
0
5
12
0
47
5
0
21
7
0
6
12
5
3
0
45
0
27
102
51
1
1
0
1
20
0
0
5
0
0
0
197
39
1
0
1
1
58
0
6
11
5
5
4
1
32
9
0
0
21
46
1
12
1
0
5
3
0
0
3
5
0
0
0
3
50
49
6
0
0
10
4
7
6
1
1
5
1
0
0
1
3
0
0
0
5
11
64
6
20
6
0
0
2
0
0
16
6
1
0
23
0
8
20
0
0
0
0
11
39
14
0
0
0
0
0
0
8
0
14
0
0
1
0
0
9
1
53
2
0
0
0
0
25
9
0
0
0
0
0
0
7
0
1
4
3
5
0
0
0
0
5
5
0
0
2
0
0
0
0
0
0
2
0
9
11
0
0
0
0
0
0
0
0
0
0
0
0
0
0
0
47
3
23
1
0
0
6
5
21
163
1
0
0
11
0
0
1
0
1
30
0
51
0
0
0
0
0
0
0
0
1
0
5
1
15
15
0
0
0
0
0
0
0
30
0
0
9
0
0
0
0
0
0
0
0
9
0
0
0
0
0
0
0
0
0
0
0
3
9
0
0
39
210
6
10
7
1
31
0
13
0
0
1
0
0
0
0
0
0
0
0
0
0
0
0
0
0
1
2
0
0
3
20
3
1
0
0
0
1
0
5
0
3
0
0
11
0
0
6
0
0
9
0
0
0
0
0
0
21
0
2
0
0
0
20
0
0
1
0
0
10
0
0
0
0
0
0
5
0
1
0
1
1
12
0
4
0
47
8
24
0
15
9
2
0
22
5
1
1
116
0
41
5
0
5
22
10
5
6
1
0
21
0
6
6
0
0
5
61
19
53
7
44
0
6
1
18
5
8
66
21
13
0
25
6
19
0
25
1
1
24
26
1
71
8
11
7
1
2
0
5
24
0
6
65
15
5
7
64
184
36
7
120
5
323
20
1
204
1
52
16
196
1
13
6
0
0
0
0
0
0
0
0
0
0
0
15
0
0
0
0
0
0
0
15
0
0
6
0
0
8
0
3
86
7
32
4
13
63
0
0
6
1
1
0
0
0
0
0
0
5
0
0
0
0
0
0
0
41
0
8
0
1
0
5
0
0
20
23
7
10
0
0
5
5
0
0
9
0
0
0
0
0
0
0
0
0
0
10
14
0
39
0
14
0
0
5
0
1
0
0
0
0
0
0
0
0
0
6
0
0
0
0
0
0
0
3
0
0
0
0
0
0
0
0
0
2
0
0
1
0
0
0
0
2
0
0
0
0
0
0
1
2
1
0
0
0
2
1
0
0
0
0
1
0
1
1
0
0
