1
6
0
117
129
0
6
0
0
4
20
6
1
14
146
0
0
0
1
0
0
6
2
0
47
110
2
1
0
97
0
1
1
4
0
1
52
0
0
7
26
0
180
131
111
1
1
0
0
0
0
35
2
13
39
425
0
2
21
117
132
41
116
0
16
10
111
10
4
0
0
40
32
1
4
16
12
0
0
0
0
156
12
0
0
4
2
429
424
5
3
12
22
0
0
15
5
21
0
23
2
1
2
0
0
2
0
15
0
5
14
10
0
137
172
6
9
0
3
8
3
0
0
0
39
14
3
0
9
50
0
1
39
0
0
20
7
0
3
1
0
75
0
0
3
1
8
0
1
20
43
0
1
0
39
4
0
0
456
7
0
12
0
15
385
583
39
39
166
1
446
7
1
1
0
0
5
0
39
24
1
0
0
25
1
1
4
20
152
0
73
33
99
56
40
0
0
139
48
59
22
477
51
158
202
0
64
0
0
9
6
1
16
8
39
39
54
0
0
0
1
39
39
12
0
0
0
61
0
0
60
120
0
0
9
21
0
19
0
6
0
20
0
0
22
8
6
5
14
0
5
0
12
3
3
0
0
0
4
0
0
0
2
0
2
2
0
12
0
1
3
1
0
6
0
8
2
3
10
16
12
12
64
48
30
7
164
1
10
392
0
5
1
392
0
5
1
115
3
1
13
3
386
0
6
0
392
14
10
7
0
0
3
137
1
1
82
6
6
70
455
23
8
0
8
7
8
0
8
5
14
20
25
0
1
0
23
6
9
104
5
0
6
6
1
4
5
11
0
11
64
12
39
0
1
23
3
14
6
0
0
9
27
0
0
0
0
0
0
9
11
82
0
6
0
76
0
6
5
1
0
1
0
123
5
0
61
1
0
5
0
10
9
8
6
0
12
0
7
1
12
78
19
25
58
12
7
116
0
132
0
0
11
66
6
114
0
426
94
0
39
15
0
5
14
15
5
9
387
0
1
0
18
7
0
60
8
1
45
0
56
0
25
11
21
13
21
454
37
12
1
0
0
39
56
14
9
1
6
0
5
27
5
7
11
0
0
8
20
34
9
190
124
2
7
23
7
8
3
49
1
469
115
48
0
14
118
2
12
6
51
39
165
0
0
12
43
39
0
0
17
0
0
0
0
2
0
0
2
0
0
0
0
0
0
0
0
0
1
1
0
0
39
0
0
39
0
1
0
0
17
21
12
0
12
0
0
0
0
12
0
1
1
40
0
0
0
39
0
0
0
0
6
0
0
19
