20
100
0
0
0
14
60
20
55
0
2
0
0
2
9
0
2
55
21
81
6
10
10
1
54
65
118
1
67
47
35
0
0
63
0
122
0
6
1
33
59
0
64
0
59
0
0
84
99
51
0
30
0
7
0
34
55
0
1
5
2
0
6
27
0
412
1
0
1
64
0
66
9
64
2
10
11
11
26
86
16
32
30
11
10
69
11
10
26
16
15
0
28
0
10
10
0
1
10
10
0
64
0
0
36
14
1
1
50
1
0
54
0
81
34
0
9
0
36
0
0
0
0
13
0
69
59
0
0
9
0
0
0
59
0
0
0
0
0
6
12
64
6
15
0
6
15
0
0
0
0
9
63
0
49
1
0
27
0
0
0
0
0
0
0
0
0
0
0
0
2
0
1
1
1
0
0
0
0
0
0
0
0
20
0
0
0
0
1
0
0
26
45
0
0
0
21
0
0
1
77
0
19
22
20
0
99
1
0
129
5
0
114
99
19
0
0
25
0
2
0
400
0
0
434
20
0
49
71
0
13
64
53
449
385
1
0
0
514
0
0
1
0
0
0
0
0
0
71
22
0
0
5
35
3
50
0
0
0
0
0
14
10
59
9
9
5
54
0
0
0
0
0
0
0
8
23
1
16
10
1
8
5
123
1
1
40
0
6
0
136
20
101
20
0
0
0
1
0
1
64
0
20
6
11
1
8
2
235
29
4
31
9
117
3
23
0
1
94
28
1
2
1
8
9
6
21
20
0
0
0
6
33
1
130
7
22
1
3
19
144
0
171
0
87
0
0
0
