0
65
0
0
20
3
0
39
3
7
0
21
9
59
5
31
40
16
0
6
3
19
32
39
22
7
1
1
20
0
7
50
59
0
18
144
0
7
5
4
17
13
5
5
0
3
3
11
0
24
24
20
24
21
56
32
0
20
0
4
59
3
3
1
1
0
0
0
7
26
7
7
23
0
0
36
25
0
1
34
1
0
9
0
10
35
39
9
0
20
0
0
3
1
0
0
6
0
0
25
4
20
27
20
0
17
5
5
18
0
0
0
9
0
6
1
22
25
0
0
0
3
0
0
0
28
6
0
4
22
6
42
4
6
6
2
4
16
2
0
0
0
0
0
0
0
0
0
0
0
1
1
0
0
0
1
0
1
1
9
0
0
0
23
23
0
5
9
1
6
33
20
20
101
153
12
20
3
20
0
0
0
0
0
0
0
3
3
0
0
0
3
3
0
26
0
0
20
9
3
3
5
0
0
0
20
3
3
20
0
9
0
48
180
39
39
48
0
0
0
20
0
39
0
0
1
2
0
5
0
0
0
5
59
0
64
2
0
0
0
0
3
7
0
20
0
0
0
20
6
0
21
0
0
0
0
1
20
0
5
0
5
0
0
20
0
60
4
21
20
7
60
0
3
124
1
13
6
419
27
208
0
51
1
0
0
168
20
1
20
0
1
9
9
254
0
4
20
21
0
1
25
33
13
1
40
53
1
10
0
2
3
0
9
7
0
29
4
0
0
0
1
126
0
5
0
79
0
5
3
31
9
33
20
84
5
248
0
0
60
9
218
0
65
0
1
65
0
9
56
0
39
65
0
0
54
0
16
52
0
0
51
0
13
53
0
7
171
3
142
0
0
43
0
2
0
