72
144
0
64
23
86
8
2
0
34
197
17
0
79
8
24
435
1
0
0
66
83
94
0
93
8
79
0
67
8
1
2
71
0
0
19
19
433
8
429
75
21
73
11
63
4
17
0
9
15
12
72
35
21
0
71
5
40
167
76
64
64
17
0
2
7
0
0
0
1
63
0
63
0
0
0
63
0
0
63
0
0
0
22
63
0
0
0
0
0
67
69
10
0
64
0
10
2
1
8
3
3
25
3
0
0
0
0
0
0
0
8
0
0
0
0
0
17
5
1
0
0
2
0
0
0
5
0
74
0
0
0
0
0
0
0
0
0
0
68
3
39
7
3
0
3
1
0
1
0
0
1
0
6
31
10
69
63
83
26
129
0
0
150
83
0
111
21
1
64
0
0
0
1
73
0
441
0
3
22
0
469
13
0
14
20
26
17
1
431
0
8
426
13
1
0
1
0
2
0
32
13
0
429
0
15
0
75
0
428
0
37
46
0
100
432
16
2
462
0
7
3
393
20
70
14
5
0
10
0
22
0
2
3
0
0
3
10
4
0
0
0
12
0
0
0
0
465
0
0
0
0
0
0
0
0
0
22
0
0
385
393
0
0
1
0
20
0
4
73
19
86
3
3
450
2
0
11
8
44
68
0
11
6
1
0
561
69
9
6
94
86
64
19
65
12
5
146
0
1
146
0
1
5
184
396
223
9
64
449
1
0
3
0
1
178
9
6
7
10
0
14
9
3
63
3
448
114
426
27
29
0
6
14
0
38
0
31
9
8
6
318
0
4
22
87
0
3
5
26
16
6
0
19
13
0
119
0
0
385
137
0
8
303
0
2
110
9
1
1
170
5
41
6
169
0
112
71
555
64
131
449
4
6
5
0
9
6
27
13
0
0
14
1
0
1
6
0
0
5
1
5
3
2
0
8
5
2
10
0
0
0
54
5
1
0
33
0
2
0
65
10
5
0
0
12
0
0
13
440
0
0
0
0
0
0
0
0
0
0
0
0
0
2
0
0
390
0
0
0
0
0
0
0
0
0
0
0
0
0
0
0
0
0
0
0
10
8
0
1
1
0
23
1
0
1
0
425
0
0
0
0
5
0
28
14
7
7
0
31
0
0
2
13
0
0
0
3
0
0
13
0
10
393
10
401
1
0
3
10
0
11
7
1
0
397
0
0
3
6
0
63
33
20
0
1
0
3
450
23
15
0
0
39
23
0
20
0
13
20
0
0
0
14
0
34
0
20
0
0
8
20
0
0
0
0
20
0
0
0
0
0
0
42
23
6
4
0
0
1
0
1
26
16
14
17
11
