2
128
0
1
2
50
50
0
220
5
0
5
0
11
0
3
16
51
1
51
112
0
20
10
0
2
3
64
114
0
51
10
89
45
395
0
6
0
46
508
450
505
489
391
177
42
96
107
0
170
0
10
0
0
9
0
0
385
25
6
190
8
27
23
6
8
1
0
11
88
433
2
2
0
0
0
0
450
7
0
0
142
5
0
0
0
0
0
1
50
0
15
0
1
1
2
7
38
1
0
0
0
0
0
0
0
17
0
0
0
0
0
9
0
0
0
0
0
0
0
0
0
0
0
1
0
5
2
8
0
20
0
39
0
1
1
0
427
4
1
0
0
0
0
0
0
0
48
27
1
0
0
0
0
0
7
386
0
2
0
0
0
0
0
3
0
0
0
0
0
11
0
0
0
0
0
0
0
0
2
0
108
4
1
0
26
24
0
1
99
20
23
0
21
1
0
0
0
393
386
0
0
386
0
0
0
0
0
0
0
0
0
0
0
0
0
0
0
0
0
0
0
0
0
0
0
0
0
0
0
0
0
0
0
0
11
509
23
0
17
0
4
427
18
0
26
136
453
61
0
0
0
415
385
20
0
0
0
0
0
0
0
0
0
0
0
0
0
0
43
0
0
27
9
412
12
0
0
0
0
0
0
0
0
0
0
0
1
7
0
20
5
14
405
26
6
0
405
0
20
0
0
0
0
0
0
0
0
0
0
0
0
20
0
0
0
405
1
56
20
20
7
391
21
0
11
153
0
7
424
27
103
0
21
0
193
23
9
45
3
160
1
6
70
0
455
23
70
0
478
46
0
6
94
0
429
0
6
0
386
3
21
1
12
30
42
29
63
7
35
0
3
1
1
1
109
405
326
2
161
0
31
11
174
0
0
319
63
55
390
0
149
1
8
120
426
16
0
13
0
6
29
0
12
110
2
14
34
15
17
118
0
5
127
8
2
208
390
25
6
6
1
0
22
26
86
0
20
324
0
2
64
0
44
6
64
0
0
14
6
0
2
0
0
37
2
35
119
49
8
69
0
20
124
45
47
0
0
44
11
79
44
10
173
0
9
190
0
36
7
190
0
36
7
122
7
8
144
6
11
181
0
391
1
156
5
63
0
1
12
169
0
391
12
182
33
8
118
0
29
157
0
22
11
6
