387
97
0
1
0
2
0
406
1
385
0
5
2
1
0
26
3
27
26
20
28
408
11
429
385
385
385
385
445
0
61
0
65
20
1
6
0
3
6
6
190
1
19
0
6
0
0
5
0
5
0
0
15
21
0
0
6
6
0
0
50
6
0
0
0
0
0
2
0
0
386
386
0
0
0
0
0
395
387
7
385
0
387
439
69
444
1
0
0
17
5
406
396
1
2
392
393
1
0
0
0
0
12
12
0
29
0
0
0
0
0
0
0
0
0
0
6
0
0
0
0
0
0
0
0
0
0
3
5
385
386
3
15
0
0
3
390
0
0
1
0
0
0
0
0
0
0
0
0
0
0
0
1
0
0
0
0
0
0
0
0
0
0
0
0
0
0
0
0
0
15
0
20
1
0
0
0
0
0
0
34
1
1
2
0
0
0
18
1
15
0
0
0
0
2
0
0
0
0
7
0
0
0
0
0
0
0
0
390
387
413
0
1
7
385
385
0
0
385
0
0
0
0
0
0
0
385
391
390
394
29
0
5
3
0
0
0
0
0
1
0
0
0
0
0
0
0
0
0
0
0
0
2
0
6
19
18
0
0
21
12
0
1
15
0
0
0
0
0
385
0
0
0
0
0
0
0
0
0
1
0
0
0
0
0
385
0
0
0
0
0
51
385
0
0
0
0
396
385
9
58
0
399
474
402
17
0
17
406
391
7
0
21
0
20
20
385
0
0
0
0
3
0
20
406
0
6
19
392
18
1
390
386
385
0
0
0
0
0
0
0
0
0
0
0
0
0
0
0
0
0
0
0
0
0
0
0
0
0
0
3
1
0
386
393
385
2
390
0
408
0
386
390
385
386
22
30
2
0
21
0
13
19
10
0
5
5
6
1
5
19
5
5
13
6
11
122
0
6
64
455
23
393
0
0
8
20
13
0
24
64
2
5
0
6
52
0
7
9
107
7
6
7
3
386
82
20
5
410
0
20
335
385
6
3
0
12
9
5
1
10
0
6
34
1
13
27
20
6
10
1
36
9
1
0
13
1
16
5
5
7
5
1
97
0
12
10
11
127
3
0
1
17
1
5
48
385
14
8
21
6
1
46
5
0
6
9
15
0
8
5
10
7
6
0
232
1
0
1
0
0
0
0
0
0
15
0
0
1
1
0
0
0
0
0
0
0
0
0
0
0
0
0
0
0
0
0
0
0
0
0
0
0
0
0
0
0
0
0
0
0
0
0
0
0
2
0
0
0
0
0
0
0
0
0
0
0
20
0
0
0
0
0
0
3
18
0
0
0
0
0
0
0
0
0
16
21
0
33
18
0
0
0
0
0
0
0
0
0
0
0
0
0
0
6
0
0
0
0
6
6
0
0
0
7
7
6
33
18
0
0
0
0
6
33
18
0
0
0
0
6
33
18
0
20
0
0
6
6
6
1
3
405
0
397
20
17
400
385
