15
0
3
0
0
15
431
20
0
0
0
11
5
15
0
128
0
118
0
29
458
20
20
427
0
0
0
17
0
5
6
0
0
425
0
0
0
21
44
35
103
16
18
0
437
0
117
130
0
23
0
11
249
0
26
0
71
43
3
15
15
1
1
2
1
428
440
453
35
39
385
0
21
3
20
0
117
4
1
0
0
0
0
20
0
0
0
5
5
0
0
23
1
0
0
0
3
0
102
18
13
0
0
0
0
0
0
0
0
0
0
0
18
3
32
539
16
0
1
10
0
34
0
4
1
1
21
137
0
31
100
19
36
532
0
0
12
0
425
15
425
0
0
434
34
0
385
0
425
0
0
0
32
385
0
425
0
0
0
425
425
425
0
33
0
0
0
0
0
0
0
0
0
0
0
20
48
0
0
0
0
0
0
0
1
0
0
1
21
1
5
1
23
0
0
0
0
0
0
0
0
0
0
33
0
427
441
0
425
25
0
451
19
0
28
425
0
0
0
425
0
441
16
11
0
10
23
6
2
0
0
0
0
0
0
0
0
0
0
0
0
0
0
0
0
4
0
4
0
0
0
0
0
1
0
0
15
20
0
10
6
0
0
0
0
449
0
0
21
5
16
5
26
1
145
2
85
1
95
0
42
68
64
449
64
455
23
6
5
0
49
15
6
0
0
0
0
6
6
3
16
1
0
2
1
19
0
67
0
1
15
28
9
9
179
2
129
426
11
15
82
0
7
385
25
387
6
21
162
15
10
163
15
41
64
118
3
80
15
11
0
18
7
89
15
4
6
7
16
11
10
37
48
50
0
2
23
22
12
1
32
0
26
24
0
28
13
99
3
0
5
1
