8
70
0
4
23
3
0
35
3
8
4
52
0
12
3
0
503
403
21
14
0
17
0
0
0
0
0
0
6
21
12
29
8
21
2
3
385
0
0
20
0
4
21
0
0
20
0
0
0
0
0
0
0
0
0
0
0
0
0
0
0
0
0
0
6
2
8
0
0
1
0
10
0
0
0
20
54
0
0
0
0
0
0
0
0
0
0
0
0
0
0
0
0
0
0
0
0
6
0
0
0
2
0
0
0
0
0
0
0
0
59
59
59
0
0
0
62
10
28
0
0
0
439
0
385
385
0
4
15
0
15
439
20
439
8
0
0
0
0
0
0
0
0
0
0
0
20
399
11
0
450
0
385
398
0
2
0
0
0
0
0
0
0
385
1
0
0
1
0
1
3
0
0
8
0
0
402
15
0
0
3
3
0
3
0
0
14
0
0
0
385
425
18
24
15
0
0
0
0
0
0
0
0
10
12
0
4
0
0
0
2
0
2
0
1
0
0
7
2
0
0
0
1
0
0
0
2
0
4
0
0
0
0
0
0
0
0
0
0
0
0
0
0
0
0
0
0
0
0
0
0
390
10
0
0
0
0
0
0
0
0
0
1
3
0
0
1
0
0
10
0
1
387
7
24
2
35
2
0
0
15
0
2
54
11
0
395
6
84
2
34
7
45
0
1
0
6
6
5
28
0
0
3
0
5
0
16
6
0
1
3
0
11
0
12
20
10
2
0
20
0
0
0
0
4
2
0
1
5
3
10
0
473
13
0
3
6
3
6
0
35
8
12
45
0
69
455
28
3
5
1
391
145
1
40
15
12
17
22
0
3
2
28
1
7
5
53
16
29
8
0
9
13
83
9
14
13
85
0
19
115
426
10
385
18
1
0
5
0
28
26
3
0
6
386
7
0
41
0
0
6
10
10
0
3
0
0
3
17
5
8
0
138
0
48
15
0
18
15
23
11
25
0
0
5
52
61
11
385
41
0
3
7
29
0
6
19
3
34
3
6
20
8
6
6
0
8
210
9
0
84
0
1
236
0
18
62
63
29
2
28
6
153
3
6
0
0
0
20
12
0
0
0
0
1
0
0
0
1
0
0
0
0
0
0
3
