386
4
2
0
465
386
392
1
20
0
554
11
3
38
0
7
8
411
11
22
403
478
421
398
393
2
468
531
20
2
13
2
18
2
1
1
65
16
505
76
0
81
85
1
0
386
64
6
0
387
391
385
0
434
400
528
4
0
399
5
397
513
391
423
390
3
394
1
8
10
386
408
393
409
414
409
391
415
408
25
399
6
8
9
399
0
385
385
81
20
0
0
4
0
0
0
0
20
408
4
4
408
386
0
20
20
20
0
0
0
390
386
0
0
385
5
0
78
0
1
11
0
0
0
0
0
0
0
0
1
0
0
0
0
0
0
0
0
0
431
433
26
9
411
0
490
20
10
4
21
428
0
410
528
422
15
406
0
5
1
1
6
0
0
0
0
0
0
408
412
386
412
386
10
0
0
0
0
0
0
0
10
10
10
10
0
0
0
0
0
0
0
0
0
0
0
0
0
0
0
0
0
0
0
0
0
0
0
0
0
0
0
0
0
0
0
0
0
9
0
20
0
3
4
20
0
21
21
431
3
385
16
1
0
0
20
401
0
1
397
407
385
0
0
0
0
27
0
401
0
0
0
0
0
0
421
0
395
421
0
0
1
0
0
0
402
416
406
388
392
393
64
33
0
421
417
395
428
526
0
0
8
7
1
0
0
1
0
0
411
411
0
0
427
0
0
1
9
0
20
1
3
7
385
0
6
391
391
0
0
0
0
0
0
83
0
6
433
0
0
6
0
0
0
0
0
0
411
0
0
41
395
425
5
390
44
1
0
8
390
390
391
1
393
411
19
1
24
1
16
7
11
7
14
0
19
1
65
455
8
25
88
6
122
0
3
1
14
1
3
0
1
28
1
2
2
3
7
5
2
14
7
1
6
20
0
385
65
2
117
1
82
1
79
2
0
2
195
5
118
427
123
91
23
7
30
64
128
1
11
1
89
9
114
426
1
1
386
1
88
10
1
22
92
406
13
16
53
13
7
390
12
24
59
76
37
9
142
6
0
0
0
0
17
11
35
16
15
0
5
82
0
0
0
8
0
29
4
135
0
0
0
0
0
0
411
386
503
0
0
1
385
451
430
0
411
6
0
0
0
0
0
0
446
426
10
10
0
0
0
0
0
0
0
0
0
0
0
0
0
0
0
0
0
0
430
4
425
487
