357
93
0
98
16
16
102
6
391
6
117
0
1
41
555
15
89
104
499
50
14
0
0
83
6
37
7
43
6
1
2
8
26
429
98
21
1
120
0
0
1
0
7
15
0
1
7
21
12
12
0
2
6
4
0
21
0
0
29
6
49
138
0
1
1
92
1
386
385
385
0
17
0
0
6
9
408
394
0
0
0
0
0
385
6
0
0
0
0
0
0
0
0
0
0
385
8
8
457
20
1
2
395
1
391
6
11
391
10
10
410
6
0
0
0
0
0
0
385
6
0
0
0
0
0
0
0
0
0
0
385
8
9
1
7
3
395
387
0
411
0
0
0
0
0
0
385
6
0
0
0
0
0
0
0
0
0
0
0
0
2
7
1
8
11
16
392
1
9
1
0
402
1
6
398
1
10
391
7
0
1
1
6
0
0
0
0
0
6
0
0
0
0
0
0
389
0
3
0
0
0
1
1
1
386
9
16
1
395
18
395
10
20
93
2
385
9
1
0
3
0
0
0
0
0
0
0
393
7
0
9
1
0
21
0
0
385
0
1
51
10
0
10
99
7
9
2
1
0
0
0
0
0
0
0
393
7
7
0
8
1
3
394
96
388
1
0
93
92
17
6
414
6
96
6
5
199
22
13
41
385
394
10
20
8
12
41
7
0
70
455
23
56
20
13
9
6
6
6
5
53
16
28
8
4
15
0
0
0
1
14
10
17
391
10
17
15
5
11
1
5
16
0
0
15
0
16
19
3
26
21
9
140
406
10
63
63
5
37
13
7
6
11
1
75
6
6
0
385
3
0
2
5
7
13
21
7
19
14
3
6
26
6
8
8
5
1
35
9
12
72
5
0
