63
3
0
21
83
1
49
0
63
1
2
12
3
5
65
1
20
0
10
61
2
0
4
1
50
0
17
0
3
69
85
33
0
0
1
0
11
6
0
125
6
0
45
1
0
6
5
1
440
18
1
385
4
5
1
416
0
0
3
0
423
7
0
0
391
394
0
0
6
0
0
1
1
3
0
0
49
49
445
49
0
55
0
443
0
20
1
0
0
0
0
0
0
0
0
0
20
28
52
0
0
0
0
1
1
0
0
0
49
3
10
0
49
0
3
3
0
0
492
3
0
0
0
0
0
0
0
10
0
1
108
50
49
53
52
54
60
49
59
0
69
0
49
0
1
1
0
0
1
2
0
70
521
30
2
0
0
0
0
0
0
49
0
0
9
0
1
0
0
0
0
1
1
1
417
2
0
0
0
416
0
2
434
0
0
0
422
502
49
436
9
0
1
88
49
52
65
63
1
1
1
0
0
1
0
0
1
0
49
0
1
0
20
0
0
0
0
0
0
0
21
3
0
6
0
1
67
0
0
0
0
9
4
483
0
0
0
0
0
0
0
0
0
0
0
0
0
0
0
20
0
411
399
445
9
9
0
9
0
0
0
0
0
0
0
0
0
5
0
0
0
27
1
9
0
0
0
0
0
0
0
0
0
0
6
0
0
0
49
0
0
57
49
0
0
0
0
0
0
0
3
27
0
127
68
0
454
471
411
62
454
59
0
0
0
0
0
439
0
14
445
9
63
9
471
67
471
62
68
60
23
130
2
5
0
68
50
0
49
0
7
72
79
96
1
11
5
34
2
9
513
0
0
0
5
7
1
82
12
0
64
386
69
28
12
69
16
2
0
0
2
0
9
9
114
425
3
48
3
94
0
1
5
210
6
5
4
0
3
5
0
5
115
151
5
406
0
3
17
9
6
38
0
21
399
22
0
62
6
1
7
4
14
25
1
0
57
64
0
0
4
2
67
0
4
0
0
145
32
483
0
49
50
49
0
12
33
0
50
49
10
6
5
6
64
3
3
34
476
0
0
385
0
425
0
0
28
20
20
3
0
488
0
411
0
0
14
0
0
0
0
19
0
399
0
0
19
0
9
63
9
1
478
