11
68
0
32
1
21
31
0
11
11
11
6
0
113
10
0
5
11
0
20
1
20
20
8
0
0
92
44
25
0
21
5
0
1
16
11
0
0
0
0
0
0
2
3
11
6
12
3
0
0
12
32
0
0
0
0
0
69
0
0
0
71
0
414
2
385
22
20
26
50
0
1
107
2
0
1
27
8
11
1
3
11
2
3
77
94
15
21
79
410
392
9
386
408
445
12
0
20
13
6
392
76
60
68
11
7
11
11
11
0
0
0
2
67
0
3
385
0
0
0
1
0
0
0
0
129
1
20
511
20
25
3
16
8
80
68
0
128
0
0
2
67
0
3
385
0
0
0
0
0
0
0
0
0
89
1
80
11
21
0
0
11
1
528
385
12
46
30
390
391
2
80
4
5
1
95
448
0
69
0
0
0
0
0
0
0
3
385
0
0
0
0
0
0
0
82
1
20
1
1
8
388
11
22
18
2
12
0
22
1
0
0
0
0
0
0
0
13
95
17
461
0
97
21
14
46
40
21
8
0
0
14
29
42
2
40
12
21
9
1
0
48
26
36
0
27
17
28
109
4
23
14
16
6
5
261
20
43
9
41
20
38
58
39
6
239
0
29
77
16
5
1
0
0
388
38
0
17
0
0
0
0
0
0
0
0
0
0
1
21
69
3
385
0
0
0
0
0
0
0
393
5
5
1
