198
0
15
16
6
25
28
83
25
0
5
5
130
468
168
30
69
5
0
20
20
75
60
36
0
15
7
65
10
25
68
1
20
5
26
53
100
0
30
38
476
430
11
0
406
4
391
4
1
0
0
0
2
5
0
6
50
24
4
26
3
1
0
0
5
0
0
0
0
0
0
5
0
74
6
0
0
0
0
0
0
5
0
173
129
15
15
0
0
0
0
0
0
0
5
0
0
2
2
0
0
6
5
16
0
59
428
67
97
5
7
10
5
10
5
5
0
0
0
0
0
0
0
0
0
0
0
0
137
0
0
0
0
0
0
0
0
0
0
0
11
0
10
5
0
0
0
2
1
1
0
0
0
0
6
59
59
59
21
8
0
0
0
0
0
0
26
79
88
10
0
0
0
0
0
12
68
1
3
0
0
0
0
0
0
0
0
0
0
0
0
0
0
0
6
6
0
20
0
0
59
13
0
0
0
3
2
0
10
19
3
23
0
64
0
400
0
0
1
0
0
0
0
0
2
0
0
0
0
0
0
0
0
0
0
0
0
0
0
26
0
5
1
0
0
2
62
6
456
5
0
0
403
5
10
148
417
7
89
0
0
5
20
8
5
0
1
20
7
68
20
74
31
0
5
0
459
1
0
0
0
0
88
0
473
385
6
59
55
89
1
5
6
0
0
60
0
0
2
0
0
0
0
0
1
0
5
5
0
0
0
0
0
0
0
19
0
2
1
0
4
5
81
0
0
0
117
0
0
0
0
0
0
0
0
0
0
0
0
0
0
0
0
0
1
0
0
0
0
0
0
0
0
0
0
0
0
0
0
0
0
0
0
0
0
0
0
0
0
0
0
2
69
76
0
0
14
6
0
8
1
21
0
0
0
0
0
2
0
0
0
1
2
0
0
0
0
60
4
99
117
2
117
0
0
0
0
0
0
0
0
0
0
0
0
1
0
99
117
2
0
0
0
0
0
0
0
3
0
5
18
65
0
6
5
124
5
9
8
20
5
0
79
0
5
18
10
7
2
6
11
6
8
19
15
18
5
13
6
3
10
21
6
6
84
24
12
16
7
5
20
8
12
64
455
23
40
9
37
6
6
16
12
17
0
8
43
1
12
10
0
2
50
32
50
12
10
0
0
138
16
5
122
5
5
8
407
91
8
9
32
1
27
5
0
3
12
6
0
3
0
8
0
5
15
9
1
5
5
32
0
5
15
0
18
6
0
96
406
9
29
5
94
0
1
12
0
1
33
0
0
22
223
0
21
8
120
0
426
16
0
0
1
385
11
15
85
13
70
0
13
9
1
6
94
10
5
3
22
16
12
0
26
390
4
1
94
1
15
10
18
39
13
34
15
17
9
0
0
5
0
0
20
391
14
50
20
6
20
25
1
27
20
6
30
0
14
0
11
0
5
6
10
2
21
23
93
63
1
3
2
6
8
7
13
5
5
49
1
13
0
5
3
8
3
1
5
1
37
9
145
3
5
9
165
0
11
6
197
0
4
6
197
0
5
218
0
7
7
123
6
45
89
1
12
20
10
2
391
10
6
8
411
28
16
46
12
10
21
1
47
6
1
0
12
98
5
6
6
24
21
129
0
65
0
14
141
16
3
4
5
16
5
86
68
9
17
4
1
0
6
0
0
100
0
483
3
59
0
59
59
49
425
506
3
0
8
0
38
38
4
5
33
0
474
5
5
0
385
0
0
117
0
0
0
0
0
0
0
0
0
0
0
0
6
6
6
6
1
0
0
5
5
5
12
6
5
6
403
5
5
65
19
401
396
11
431
0
432
1
0
0
0
0
0
0
0
0
0
0
0
0
6
0
0
0
425
5
1
0
0
0
0
0
0
0
0
0
0
412
0
0
0
0
0
0
6
11
5
19
0
0
0
1
0
0
6
6
0
0
