54
5
0
39
57
40
39
54
39
21
0
39
0
126
44
15
0
12
16
42
0
3
15
0
40
0
0
55
0
40
0
0
54
39
55
6
54
5
136
0
85
1
55
158
0
184
60
39
39
41
424
46
39
57
54
45
39
43
61
39
1
0
0
0
0
0
6
0
73
263
74
157
103
45
39
0
40
0
84
0
39
58
59
119
0
0
0
1
0
8
8
8
55
0
0
39
15
15
0
1
0
0
64
0
1
61
39
54
55
2
10
63
62
15
0
0
0
25
1
39
54
0
15
51
0
3
39
1
64
44
0
44
69
55
1
55
55
0
0
50
7
0
56
54
35
39
39
0
5
21
13
0
0
0
0
0
5
0
0
0
0
6
0
1
0
0
0
0
0
0
39
0
0
0
0
15
49
40
38
58
52
462
462
459
39
39
34
39
36
0
21
403
0
403
0
0
0
59
57
15
14
15
39
39
3
39
56
1
125
39
30
9
0
24
40
11
84
171
0
0
0
0
0
48
48
0
0
0
0
0
0
0
0
12
0
0
0
0
0
0
39
9
39
0
0
0
0
0
0
48
34
111
0
9
48
0
20
21
1
1
1
0
5
5
60
22
0
9
0
15
39
35
48
54
45
40
0
51
0
55
59
54
81
20
8
55
0
25
7
11
22
407
45
0
11
1
1
0
6
2
0
0
0
1
26
64
14
0
1
39
100
39
0
0
188
5
5
0
0
39
35
1
205
4
24
20
24
4
1
116
0
7
42
2
39
2
5
24
48
14
6
6
0
2
2
34
27
0
5
4
6
37
0
33
6
54
0
6
8
39
2
6
0
5
7
0
11
7
25
6
0
1
0
126
39
9
128
5
192
31
117
9
6
1
0
0
0
0
0
0
20
6
0
1
0
56
0
40
39
0
0
0
54
0
1
0
0
54
39
0
0
54
54
39
0
0
54
39
6
3
1
0
54
39
0
10
0
0
54
0
9
5
12
54
