64
0
0
42
53
104
103
58
49
87
89
39
50
43
0
180
36
0
86
42
69
64
16
4
69
0
45
161
55
63
58
42
8
59
211
178
156
39
154
22
62
24
40
0
50
3
61
15
20
23
208
39
187
68
190
1
20
172
463
4
0
54
63
52
48
4
99
1
48
50
0
129
0
49
2
49
118
172
121
255
194
55
39
39
108
20
9
51
39
49
39
49
7
2
1
0
6
20
1
70
58
0
19
0
84
63
0
64
48
9
59
1
48
64
90
50
48
61
0
44
27
49
20
0
0
0
0
39
44
0
0
39
0
0
0
0
52
0
0
0
39
47
0
0
0
0
0
0
0
5
66
0
82
39
39
5
0
193
42
0
0
40
161
52
5
6
0
0
0
20
21
56
1
4
23
20
8
4
22
43
29
56
36
0
0
2
78
58
1
59
25
9
11
0
49
69
39
49
89
43
88
67
0
98
167
20
145
123
0
75
24
20
22
10
21
12
65
151
75
9
56
0
83
48
59
45
46
21
39
0
0
5
13
20
114
39
158
79
22
0
61
45
161
101
20
83
51
59
11
39
89
403
49
1
50
12
1
12
19
16
44
1
0
0
0
9
1
1
45
0
0
92
0
13
131
44
0
223
0
5
65
41
6
24
2
70
455
23
10
54
150
41
26
63
5
27
10
4
6
39
13
39
17
8
0
12
0
1
5
0
44
5
0
49
6
174
57
13
2
13
54
22
16
8
1
15
0
5
3
48
0
0
11
0
39
0
6
0
9
54
11
7
1
0
0
0
41
5
8
20
39
6
13
0
6
27
54
8
33
426
12
39
13
6
45
7
1
39
7
39
54
6
14
44
15
0
0
0
11
0
39
6
0
6
1
2
13
80
12
282
62
6
162
0
0
46
149
44
29
145
0
39
13
330
45
6
12
71
84
51
199
54
267
3
0
109
8
21
59
162
55
1
16
17
40
55
38
5
22
0
0
0
0
0
0
4
0
0
0
0
0
1
4
0
9
6
0
0
4
0
0
0
16
0
0
0
0
0
0
0
0
0
0
0
0
0
0
0
0
0
0
0
0
0
0
0
0
0
0
0
0
0
0
0
0
0
0
0
10
0
0
0
0
0
0
0
17
17
0
0
0
0
93
0
9
0
0
0
0
0
0
0
0
0
0
0
0
0
0
0
0
0
1
1
0
29
74
45
0
0
42
26
64
51
0
49
52
51
39
49
52
50
39
65
0
53
54
48
0
40
48
11
2
10
16
4
0
0
41
0
4
0
0
1
16
6
0
1
