7
178
0
22
17
1
0
5
7
54
21
24
11
5
0
68
118
2
0
17
0
0
0
0
0
66
41
2
12
1
17
1
5
0
0
69
69
0
4
25
3
0
8
13
1
1
2
0
5
1
8
0
1
5
10
21
0
4
0
0
21
86
80
65
0
0
2
0
0
5
79
19
0
13
1
0
0
0
0
0
0
0
20
2
0
5
0
86
27
0
0
1
0
0
0
0
489
1
0
0
6
1
0
101
70
0
0
0
0
0
0
0
0
0
0
11
0
0
0
11
1
78
92
0
5
0
10
5
0
0
0
0
0
0
5
0
105
117
72
16
14
0
0
126
0
0
0
0
0
0
0
0
0
0
20
1
0
0
0
0
0
0
0
0
65
2
2
0
0
10
0
0
0
0
0
0
0
0
0
0
32
18
2
2
49
2
0
5
10
0
0
7
10
66
0
0
0
54
5
10
0
0
0
0
0
0
0
0
10
0
50
34
0
0
0
0
0
0
0
0
0
0
385
387
0
0
0
0
0
0
0
0
0
0
0
0
0
0
0
0
0
0
0
0
0
0
0
0
0
0
0
0
84
0
0
0
0
0
0
9
0
9
1
1
0
1
20
0
385
405
59
5
0
411
405
81
408
405
397
0
1
34
5
20
387
0
432
10
0
20
3
2
9
9
33
0
18
65
0
0
0
0
5
3
0
12
0
3
19
0
1
0
83
69
0
48
0
5
63
47
0
1
0
0
0
0
0
20
9
0
1
5
65
0
0
0
5
0
2
0
0
0
0
5
116
126
1
23
25
99
44
0
0
6
55
2
8
49
20
41
40
0
0
0
6
5
25
27
7
1
83
25
0
0
20
0
5
5
23
20
20
20
0
1
17
0
80
8
0
7
78
12
0
8
5
0
4
0
0
0
10
1
161
1
6
36
6
89
0
0
6
3
5
11
19
103
26
96
0
6
14
11
158
0
7
17
11
5
11
100
0
8
0
12
7
35
13
90
10
7
78
0
34
6
6
18
0
5
70
455
23
32
64
10
4
0
92
14
5
27
31
5
8
6
15
6
35
5
90
16
3
11
23
6
0
6
11
5
11
13
1
0
0
8
0
5
12
0
9
7
18
0
3
13
19
1
18
28
5
1
450
0
9
8
16
6
29
1
18
23
0
13
8
49
16
21
18
3
14
0
12
6
1
12
9
0
14
0
16
5
6
17
1
0
25
49
12
22
25
4
18
0
10
477
28
27
113
2
32
0
5
110
63
5
32
32
1
1
25
17
23
224
0
16
236
13
224
0
5
5
223
5
8
11
27
5
11
85
4
10
24
3
29
9
10
0
0
32
106
5
0
39
25
7
402
7
10
8
6
20
12
106
15
14
118
5
7
138
69
10
8
19
0
2
5
0
2
63
39
12
0
14
0
0
24
0
32
23
12
0
0
30
20
21
0
0
0
0
0
0
0
0
63
0
0
3
2
4
0
1
0
5
28
17
18
0
0
0
0
0
0
37
8
8
5
