11
0
33
0
0
0
0
1
21
42
4
1
3
1
11
0
3
3
3
9
9
0
0
0
0
0
0
3
1
12
11
85
18
5
17
12
16
11
0
46
8
9
119
94
1
85
0
0
70
42
9
0
0
0
0
0
0
0
63
0
0
0
0
0
63
0
0
0
0
0
0
0
0
0
0
0
0
0
13
5
8
0
0
0
0
11
0
0
0
0
0
0
0
0
0
0
0
5
94
20
6
3
0
0
17
0
0
5
16
5
15
12
1
0
0
0
0
0
1
0
0
0
1
11
0
0
34
0
0
25
0
1
3
13
3
11
0
1
7
12
36
5
0
0
0
0
0
0
6
0
5
1
0
3
3
0
0
1
0
5
0
0
10
2
18
0
21
0
20
22
5
1
5
20
0
0
0
0
0
0
5
20
33
6
0
20
10
41
30
23
48
11
0
0
36
3
33
0
33
0
33
9
38
15
0
81
17
8
74
36
4
11
77
33
0
6
33
3
75
0
22
0
0
0
0
0
6
0
0
0
0
0
0
0
0
0
0
0
0
0
0
0
0
0
1
1
1
0
0
0
0
3
52
35
12
1
1
10
0
3
10
6
2
18
4
10
0
41
1
2
5
0
31
11
0
0
0
0
2
0
0
0
0
0
0
11
0
0
0
0
0
0
5
12
0
7
19
0
4
5
21
17
25
26
1
16
30
81
0
10
3
0
0
11
2
39
11
30
81
5
4
15
1
34
0
6
1
0
4
1
47
0
11
6
161
19
24
6
7
146
10
9
7
1
6
6
15
2
13
6
0
88
0
0
14
88
0
10
28
56
40
23
12
64
13
11
1
12
42
1
5
18
1
12
19
13
0
2
20
18
10
0
12
14
18
26
0
11
13
2
22
6
2
25
5
5
10
9
1
5
16
5
8
34
20
8
15
11
15
14
10
22
28
72
15
14
8
0
5
11
6
1
0
12
20
7
14
1
19
53
7
20
4
11
15
12
10
18
0
11
21
8
48
3
12
37
9
6
21
13
130
2
6
0
157
18
20
0
15
2
15
0
3
5
10
11
0
10
10
3
4
1
16
5
1
5
0
0
32
19
0
0
0
0
0
0
5
0
32
5
9
17
40
6
13
5
11
0
