187
0
1
2
1
1
3
0
476
44
0
0
0
89
0
2
100
143
0
0
1
1
17
0
23
11
2
0
87
0
0
2
0
0
0
0
2
12
26
35
0
49
7
0
1
439
0
31
0
0
0
0
0
0
6
0
0
0
20
23
42
0
0
3
0
0
0
0
2
27
22
17
21
0
23
5
0
0
0
0
0
91
24
3
0
0
0
0
0
0
0
0
0
0
0
0
0
0
0
0
0
0
0
1
16
23
11
2
0
79
16
452
0
34
0
0
0
81
14
0
8
24
0
0
0
0
2
0
11
43
1
13
35
0
0
88
5
1
0
0
0
0
0
0
20
0
0
21
1
22
1
21
0
1
0
21
1
20
441
28
19
495
6
499
93
11
8
42
490
10
15
30
20
29
20
25
0
505
0
0
0
0
0
0
0
0
512
425
2
388
469
388
387
10
10
10
405
0
0
0
0
0
59
13
412
414
18
0
485
0
0
0
3
0
0
5
75
0
24
5
75
0
0
1
0
0
0
0
0
0
0
0
0
3
5
4
21
1
0
3
0
6
7
7
38
1
5
18
0
89
69
8
182
0
25
6
230
0
5
1
1
81
1
27
5
0
70
455
23
6
20
2
20
2
4
30
1
6
45
0
4
0
0
2
8
1
31
58
12
120
426
16
1
8
27
11
13
25
53
7
8
37
39
0
444
85
42
6
175
391
28
1
20
0
6
8
96
0
24
0
0
4
4
28
6
0
7
22
11
1
1
1
0
0
0
97
4
14
0
4
0
0
0
0
4
434
23
20
63
39
38
0
0
