10
32
0
0
0
10
10
1
0
12
2
6
17
14
9
0
28
1
81
43
0
0
22
32
1
83
0
102
18
10
0
20
26
1
0
19
35
16
137
91
3
86
30
5
14
0
96
8
13
1
1
81
0
17
32
0
39
9
30
0
0
10
27
2
1
0
0
0
30
0
11
32
10
135
10
37
27
22
14
10
10
18
11
11
11
10
10
0
0
0
0
0
0
0
15
11
6
10
0
0
0
0
0
0
15
0
0
0
0
0
15
15
439
0
0
0
0
0
0
66
0
0
0
0
2
1
24
1
1
0
0
0
0
0
0
0
0
1
0
1
1
0
44
175
3
1
10
80
2
9
1
9
9
0
453
20
0
8
30
11
415
0
0
415
385
415
385
0
0
0
0
6
14
0
0
0
0
0
0
0
0
0
0
0
0
0
0
0
0
0
0
0
0
0
0
0
0
0
0
0
0
6
59
5
20
3
19
416
8
27
9
88
1
1
10
60
4
1
31
0
421
0
0
1
0
0
0
0
0
51
0
3
5
20
0
14
7
425
10
17
10
2
13
10
17
11
2
10
18
10
11
10
26
0
15
0
1
0
11
17
4
24
10
11
30
16
1
0
0
0
0
0
0
0
6
14
0
16
16
16
0
0
0
0
0
0
0
0
0
0
0
1
0
0
0
0
0
3
41
25
0
21
0
20
0
0
0
167
1
0
4
0
10
2
1
0
0
0
0
6
0
0
4
4
0
0
7
10
0
1
7
3
7
0
0
9
0
98
95
79
116
3
86
5
83
87
64
455
15
0
11
6
0
13
16
20
17
23
21
6
0
0
1
12
1
104
30
26
27
65
385
20
8
6
21
0
1
21
0
1
19
1
35
14
208
0
3
14
8
37
0
130
0
12
147
0
7
361
0
31
0
20
137
0
20
261
10
53
0
13
13
16
1
8
0
0
18
0
67
1
19
1
15
0
138
5
163
5
200
1
23
7
218
12
13
1
181
3
114
8
126
0
168
1
5
