2
12
0
1
26
0
1
6
0
2
2
33
0
0
0
0
0
3
15
1
0
0
0
11
0
0
0
1
1
5
0
4
2
5
0
2
7
0
1
25
3
7
6
0
5
1
0
34
6
0
6
6
0
1
0
0
6
3
2
4
4
18
5
1
0
120
1
0
0
33
0
18
1
0
0
0
3
76
6
0
20
25
4
38
5
33
6
71
6
0
5
6
2
2
0
4
16
57
7
0
24
0
0
0
0
0
0
0
0
0
0
0
0
3
10
16
0
0
17
41
4
0
0
0
0
0
0
0
0
0
0
20
1
1
1
5
1
1
0
16
0
0
0
0
0
0
0
0
0
0
0
0
0
0
4
0
10
9
0
0
0
11
0
0
0
0
0
0
0
0
6
0
0
0
0
0
0
0
31
11
79
40
9
9
0
0
0
0
0
0
0
0
0
0
0
5
0
0
0
0
0
0
5
3
8
7
10
5
0
3
0
5
6
0
84
26
5
0
0
0
0
5
0
0
0
0
0
0
0
0
0
2
5
0
11
0
23
5
6
0
0
0
0
0
0
0
0
1
0
0
0
0
0
0
2
0
9
0
1
4
117
0
0
33
0
0
0
0
0
0
0
0
0
0
0
0
0
1
5
172
2
0
63
59
4
100
84
0
0
4
38
25
20
169
0
0
0
0
0
0
0
0
0
0
0
0
0
19
1
0
33
0
7
2
0
1
2
0
0
0
0
0
0
0
33
2
0
0
117
1
0
1
1
20
20
0
0
2
5
10
5
0
0
0
0
33
0
0
3
0
2
3
0
40
0
0
0
6
54
5
0
0
0
57
0
0
2
3
0
0
1
5
6
0
0
6
1
0
0
0
0
10
9
0
1
0
3
2
6
2
0
0
0
65
30
6
394
6
16
248
5
5
108
6
12
108
2
10
11
55
21
15
0
0
74
13
4
15
3
1
0
131
19
9
19
6
2
28
11
11
21
137
5
0
44
0
1
1
38
0
6
8
16
6
4
109
9
6
10
6
9
0
117
8
0
13
2
5
6
149
0
0
0
0
0
33
0
0
0
0
0
0
0
0
0
0
0
0
0
0
0
0
33
0
0
0
0
0
1
1
5
1
34
0
