5
7
24
0
2
5
0
1
6
6
21
57
2
0
0
29
0
5
12
20
20
7
21
4
22
7
6
1
3
6
0
0
1
27
0
6
1
2
0
27
0
0
20
0
0
0
0
0
6
7
9
21
22
0
18
0
0
0
0
1
0
0
27
14
15
15
20
34
19
0
0
21
20
0
1
20
20
39
0
0
0
0
0
0
0
0
0
0
0
14
0
0
0
0
0
0
0
0
0
0
0
0
0
0
0
0
0
0
0
16
0
45
5
17
42
26
1
0
14
55
19
5
21
20
20
86
1
14
0
0
39
0
0
34
0
0
0
0
0
0
2
25
14
0
0
2
15
21
18
0
15
27
1
0
0
2
21
14
0
10
34
14
1
0
0
0
0
0
0
0
0
0
0
0
0
0
14
0
0
0
0
0
0
0
0
0
0
0
0
0
0
0
0
0
0
0
0
0
0
0
0
0
0
0
0
0
0
23
16
3
0
0
0
0
3
0
0
0
24
20
23
28
26
1
16
1
3
20
72
8
11
2
1
0
29
0
14
27
6
14
0
3
41
78
15
0
20
40
0
2
2
0
30
2
8
11
0
0
0
4
1
20
62
24
0
0
0
0
0
1
19
0
9
21
4
0
1
28
9
0
34
1
7
23
0
0
0
7
0
0
17
1
8
35
3
1
15
7
17
3
5
12
0
15
6
0
1
499
0
13
0
10
12
0
41
8
33
3
108
1
24
0
18
69
2
11
0
6
28
1
17
0
14
0
3
21
1
17
1
0
10
4
18
0
35
3
18
0
35
63
5
0
0
25
58
25
1
20
15
44
11
38
5
20
20
3
0
0
2
1
5
5
23
9
6
38
0
18
0
5
32
8
32
9
26
0
0
44
3
41
3
68
6
19
15
29
21
33
0
11
6
0
74
0
1
4
0
27
49
1
6
44
1
0
0
0
0
0
0
0
0
0
16
7
35
0
22
39
14
5
0
0
0
0
0
0
0
0
0
0
0
0
0
0
0
0
3
3
0
0
0
11
0
21
3
0
0
5
0
0
0
0
0
3
0
0
25
19
0
14
12
12
0
0
16
1
2
35
1
20
3
0
0
6
2
0
0
0
6
0
0
0
0
0
14
0
14
0
0
0
0
0
0
0
0
8
12
1
22
0
0
0
3
0
0
0
0
0
0
