10
0
0
83
1
89
3
100
0
7
117
1
0
111
110
1
12
64
94
3
506
1
2
0
1
82
9
1
1
0
157
80
25
2
0
0
220
1
63
573
70
0
0
137
9
7
94
230
95
474
5
22
0
0
5
15
16
1
0
0
1
0
0
0
0
17
0
16
75
13
8
16
1
17
39
130
39
86
1
39
68
32
20
58
65
73
0
0
0
0
0
0
41
18
18
0
0
0
0
0
56
0
0
0
0
0
0
0
0
1
41
185
70
1
25
9
0
1
0
0
0
0
0
0
0
0
0
0
0
14
25
9
11
59
57
64
66
45
2
29
20
22
168
20
10
0
40
0
0
0
0
0
0
0
10
0
20
9
0
139
9
55
28
22
37
0
0
0
0
39
0
0
0
0
39
39
39
0
0
0
0
0
0
0
0
0
0
0
0
0
0
40
13
40
16
121
5
72
9
55
0
8
0
0
20
39
2
1
1
28
24
2
65
36
18
18
0
0
0
0
134
8
0
6
0
0
2
1
18
0
0
43
18
0
0
0
233
0
18
0
39
69
3
0
0
59
38
18
0
0
0
18
0
0
0
0
0
0
0
39
0
0
9
42
93
1
39
57
56
39
0
0
0
0
0
0
0
0
0
39
39
0
0
0
0
0
1
78
40
141
1
59
40
0
0
528
3
0
39
0
0
0
0
0
0
0
0
0
0
0
0
0
0
0
461
0
456
39
48
71
3
77
136
9
45
9
52
9
0
0
199
0
13
63
1
70
2
10
20
1
39
173
40
0
5
2
0
561
69
1
18
64
513
0
185
1
89
1
12
124
11
13
22
11
63
13
65
41
6
22
9
6
0
5
6
11
15
16
47
73
9
70
455
23
34
0
5
16
1
5
10
1
26
6
3
0
13
8
18
7
8
121
3
4
0
10
9
1
8
63
10
0
50
31
58
12
95
40
13
7
1
116
0
11
66
6
66
0
63
13
7
66
0
7
5
6
0
0
117
0
0
10
0
21
1
6
60
8
1
24
66
1
106
9
3
65
6
151
22
6
1
44
0
443
37
22
399
33
0
13
251
0
110
0
9
6
60
17
1
0
63
29
9
21
21
9
123
0
9
0
59
15
5
11
9
5
11
1
50
563
64
111
1
1
131
455
8
102
2
0
0
39
1
4
61
1
0
0
0
0
35
1
44
3
17
6
0
105
1
13
3
0
0
0
0
1
39
40
1
17
0
39
0
3
1
39
61
0
39
125
19
15
0
20
28
42
0
5
1
47
34
1
1
1
39
0
27
0
0
0
0
0
1
0
0
39
1
40
0
0
0
0
10
1
0
18
1
21
5
0
0
0
116
64
116
6
0
0
0
0
39
0
0
0
10
0
0
39
39
0
0
0
0
0
0
0
0
0
0
0
0
0
0
0
0
0
0
0
0
0
0
0
39
67
0
0
0
0
0
39
0
0
0
0
0
39
52
0
0
1
37
1
76
0
47
0
91
43
0
70
169
3
0
40
0
1
0
6
44
4
2
0
0
1
1
3
44
0
39
6
