4
59
0
0
2
1
28
0
11
208
4
5
143
12
15
1
3
8
1
1
19
3
0
4
6
6
13
5
1
0
0
10
4
0
0
5
8
5
10
0
0
0
1
18
75
20
30
0
0
0
0
0
0
0
0
0
0
0
0
60
5
24
4
13
2
1
0
0
0
0
0
0
5
15
8
0
0
0
0
9
8
8
1
4
0
0
0
14
0
0
6
1
0
0
0
0
0
40
2
0
2
2
20
40
0
0
50
64
39
20
32
56
20
0
25
12
0
0
0
0
9
0
381
131
20
20
0
0
0
0
9
0
20
10
0
52
0
30
0
0
0
18
40
23
3
3
4
23
23
0
0
2
0
3
2
6
0
34
12
32
0
0
0
0
0
0
0
0
21
0
0
0
2
1
27
1
19
0
2
0
18
10
16
26
16
5
2
0
3
89
5
6
10
100
20
11
0
1
23
7
0
9
81
0
0
84
5
3
2
28
10
0
20
0
0
0
0
0
0
0
233
4
137
0
12
24
0
0
15
9
14
4
130
1
53
0
249
0
1
161
4
81
20
3
0
0
1
0
21
90
10
1
63
0
5
216
9
0
106
0
253
0
240
29
217
1
5
