5
1
2
0
405
15
36
5
0
3
17
134
1
5
38
1
12
28
399
399
35
6
390
16
27
6
392
1
12
390
20
2
1
5
3
49
38
1
4
5
10
15
2
20
120
0
1
0
0
75
169
400
5
5
392
488
5
25
86
5
20
0
0
0
0
0
392
5
5
5
5
6
1
0
0
0
0
0
0
1
4
6
68
32
6
0
0
0
15
1
5
0
0
0
0
0
0
0
0
0
0
0
0
0
5
0
6
2
7
5
17
64
69
0
0
0
0
0
0
0
0
0
0
0
0
0
0
0
0
1
7
5
20
0
0
0
0
6
1
2
1
0
5
0
0
0
0
0
0
2
0
0
0
63
0
0
0
0
0
0
0
0
0
0
0
0
0
0
0
0
0
0
0
0
0
0
0
0
0
0
0
0
0
0
0
0
59
0
82
99
83
1
59
420
1
1
412
5
60
72
7
8
1
19
454
168
147
1
23
142
6
1
2
7
388
13
0
17
15
1
0
6
0
77
0
12
6
0
63
6
9
1
6
7
0
3
15
5
6
4
19
6
6
12
6
11
5
0
68
452
59
5
5
25
16
11
0
5
5
15
9
0
5
15
16
5
19
59
1
5
0
0
0
27
0
9
105
5
113
6
12
39
3
64
455
23
19
10
417
10
223
10
0
2
90
0
1
84
0
0
22
5
100
0
9
12
120
0
426
4
25
1
450
85
1
414
11
1
1
3
6
0
0
8
2
0
5
0
0
6
390
10
12
385
39
65
11
12
3
31
9
0
15
1
6
2
10
5
18
1
89
0
110
8
0
0
