389
187
0
385
386
0
9
0
390
0
7
411
2
436
0
419
0
0
0
390
0
0
0
407
0
0
0
32
386
0
391
2
386
410
503
385
471
5
12
0
14
0
71
0
0
0
80
395
0
49
0
0
0
0
0
49
0
465
385
10
0
0
0
0
0
0
0
0
0
0
0
20
0
0
0
0
0
0
11
1
10
0
0
0
151
17
39
59
1
2
405
385
0
1
403
385
385
420
0
415
0
27
9
1
0
3
0
0
0
0
0
0
49
0
0
0
0
0
0
0
0
0
0
0
0
117
403
3
0
0
0
0
0
0
5
0
415
49
0
0
0
17
0
5
7
0
401
0
6
0
21
16
0
0
0
15
9
14
0
412
5
15
0
9
0
0
0
0
0
0
0
5
0
29
0
0
46
5
0
407
0
433
404
2
20
386
10
1
0
23
0
0
0
0
0
0
0
0
0
5
0
0
388
385
20
1
0
5
5
2
10
1
0
0
17
1
10
4
9
386
49
0
1
0
0
0
0
0
1
1
0
402
0
6
0
9
388
0
0
385
0
0
0
0
0
2
0
2
10
0
0
0
0
19
415
0
385
0
0
0
415
0
385
0
0
0
17
0
0
0
0
0
0
0
0
0
0
0
0
0
0
0
0
0
0
0
0
0
0
0
0
0
0
0
0
0
0
0
0
415
453
0
388
406
0
0
21
386
50
1
1
49
1
0
4
11
4
1
6
385
8
59
0
0
0
4
0
0
1
3
455
1
6
1
385
9
406
0
476
385
117
0
49
49
3
22
10
3
20
385
385
6
411
1
386
33
0
0
0
3
5
35
63
0
35
385
394
64
455
0
103
0
8
8
5
80
91
3
0
14
8
108
385
203
396
6
69
386
0
106
385
7
29
11
0
13
9
0
35
0
1
89
385
1
87
385
0
35
9
142
6
0
148
0
79
199
0
79
0
9
1
13
1
0
116
165
17
0
449
385
430
385
5
0
0
0
25
37
0
0
0
0
2
385
1
0
1
1
1
1
0
13
0
0
22
28
5
0
0
0
22
0
22
17
0
0
0
0
0
0
0
0
0
0
0
0
0
0
0
0
0
385
0
0
0
0
0
0
0
0
0
0
0
385
5
5
400
5
417
434
