0
0
0
0
0
0
6
7
1
84
2
21
28
0
0
3
2
0
0
0
0
4
46
6
6
125
0
3
249
17
3
0
6
3
0
0
0
4
1
3
1
1
0
2
0
0
9
23
11
4
0
0
0
57
1
15
13
39
9
1
121
675
1
0
1
137
0
84
2
2
2
1
0
1
2
7
7
0
36
11
0
6
0
2
1
4
0
50
7
2
0
0
2
0
7
10
1
21
1
2
6
12
10
3
0
0
1
1
9
9
0
1
0
0
59
1
0
10
1
1
0
2
0
0
1
38
48
10
9
3
11
1
10
0
0
0
0
0
0
0
1
1
21
39
42
0
0
9
0
29
9
24
20
0
52
0
20
11
1
20
1
1
125
148
0
116
0
0
0
0
0
0
0
0
27
0
0
5
9
25
0
0
0
0
0
0
0
0
0
0
0
0
0
0
0
0
0
0
0
0
0
0
38
0
0
0
0
0
0
0
0
0
0
0
38
131
132
1
0
128
79
3
0
65
0
19
0
9
0
126
9
5
87
0
19
1
152
26
67
1
0
1
0
0
0
9
0
4
2
0
0
0
0
1
16
0
0
0
0
0
0
0
0
0
1
0
0
0
7
0
1
10
19
10
1
0
2
0
0
0
1
1
0
0
0
25
0
0
44
7
2
0
0
38
1
38
0
1
11
155
67
15
0
0
39
5
48
0
6
1
54
0
30
7
519
0
14
5
1
3
17
0
11
15
15
7
3
0
11
25
5
0
0
17
30
1
15
0
0
6
4
12
0
19
0
9
1
6
0
30
21
10
9
88
7
94
6
33
0
10
13
22
17
6
2
6
31
58
12
7
0
0
6
0
116
16
0
9
6
1
6
8
0
12
6
131
5
6
1
21
48
12
54
1
1
12
2
11
1
7
120
0
1
108
0
404
446
37
0
0
12
0
117
0
18
44
0
29
9
10
5
57
0
63
5
61
0
0
12
25
20
0
0
0
74
52
43
5
5
6
10
38
5
0
0
50
44
6
3
9
0
0
0
2
6
10
38
5
0
0
3
1
0
50
0
57
1
1
0
0
0
1
25
0
0
25
0
0
0
0
0
0
0
0
1
0
0
0
0
1
1
0
2
0
0
0
0
0
0
0
0
1
1
0
1
0
0
1
0
1
0
1
1
132
0
