1
123
0
2
2
1
6
7
1
0
7
0
7
8
0
2
5
1
152
50
18
199
131
54
140
56
3
3
124
7
1
4
2
6
6
386
0
0
6
39
0
0
1
0
1
198
3
6
0
7
0
15
117
22
1
0
3
6
7
5
5
54
1
2
10
0
9
97
0
0
0
0
0
0
0
3
2
49
69
5
0
0
0
0
0
0
2
1
2
0
0
0
0
68
2
5
2
0
0
0
0
0
0
2
1
0
4
6
6
7
0
0
0
3
6
18
0
0
0
0
0
1
7
27
0
0
1
7
4
1
1
0
0
2
21
12
6
6
1
1
8
6
1
2
8
7
0
1
7
1
0
0
0
0
0
3
0
6
7
6
0
0
0
5
0
0
0
0
0
0
0
0
0
0
2
0
7
10
1
1
0
0
9
0
0
2
1
61
24
3
1
59
0
49
2
443
392
118
72
453
3
1
0
0
0
20
39
39
67
0
423
0
0
20
42
39
0
423
3
20
1
0
386
5
0
0
0
0
3
0
0
0
0
0
0
385
0
1
21
0
7
6
6
6
6
0
0
0
12
0
0
0
0
0
0
0
1
0
1
0
0
0
0
0
0
1
1
7
0
1
1
8
0
11
12
1
7
0
20
20
0
1
0
1
0
1
2
33
5
11
0
1
5
0
0
6
0
0
0
6
1
5
0
0
2
6
0
1
0
0
0
2
41
2
0
7
5
11
42
8
9
5
8
110
0
70
449
1
0
0
2
4
26
17
49
0
4
1
6
25
5
5
220
9
33
13
5
247
20
22
110
5
5
253
0
11
127
10
159
0
12
6
