1
5
3
0
0
13
19
0
0
10
2
62
0
0
1
5
2
89
21
11
0
0
1
0
19
16
25
14
1
6
1
65
27
0
1
1
3
0
0
0
4
0
25
10
10
0
3
12
20
0
10
0
44
26
7
0
3
14
0
11
3
5
13
3
7
13
16
0
0
1
22
0
1
0
0
0
9
72
29
0
0
0
3
9
5
3
0
11
1
7
4
6
0
0
9
0
0
0
0
18
0
0
0
0
0
0
0
0
0
0
0
0
0
0
0
0
0
55
2
1
0
3
10
1
21
1
22
4
3
6
1
22
21
1
1
1
21
1
0
0
1
1
71
1
0
3
1
63
73
27
61
9
1
0
5
0
62
2
2
25
1
0
0
18
0
0
0
0
0
0
0
0
0
0
0
0
0
0
0
0
0
0
0
0
0
0
0
0
0
0
0
0
0
0
0
0
0
0
0
0
0
56
1
2
0
0
0
0
0
0
0
20
1
1
71
20
0
52
1
60
25
1
5
4
15
1
7
0
15
4
0
0
2
3
8
4
7
62
11
64
0
0
0
0
76
0
1
0
98
1
1
0
21
2
1
126
0
1
10
0
11
6
0
6
13
15
0
17
1
399
10
0
0
5
518
0
2
15
22
21
0
6
24
1
18
10
1
2
1
5
19
5
8
68
83
0
15
7
9
97
4
28
17
5
0
11
5
6
32
0
3
5
4
387
66
8
0
45
0
6
6
6
2
0
77
5
1
11
1
11
0
1
14
18
0
18
17
0
8
112
1
6
407
0
406
0
5
22
10
5
9
394
1
6
3
5
0
8
6
15
13
4
0
36
0
0
10
0
0
2
11
0
7
1
2
0
64
0
13
9
1
1
0
21
2
0
0
0
1
9
9
9
9
11
0
0
0
2
0
0
0
0
0
0
8
0
0
0
0
0
0
0
10
0
0
9
59
9
5
0
39
0
1
0
4
0
30
0
0
1
0
6
0
0
0
1
2
0
0
0
0
0
0
0
7
14
0
1
0
10
1
0
