1
16
0
70
49
2
59
49
15
12
0
21
20
5
86
49
64
15
0
6
64
1
23
0
17
51
67
2
2
4
52
17
26
0
0
10
50
0
8
0
11
101
0
0
0
81
0
0
5
0
61
1
3
163
3
0
0
6
62
13
16
0
15
16
16
61
29
19
10
10
0
9
14
26
11
0
80
10
0
0
40
0
27
0
0
0
0
2
159
77
75
64
66
3
3
0
27
0
0
0
0
0
17
27
0
27
0
0
5
0
2
178
49
0
0
0
0
0
0
0
0
0
0
0
15
0
38
3
67
3
2
12
6
2
0
0
1
4
4
1
0
0
0
0
0
0
27
0
0
0
0
0
3
2
0
0
0
0
0
0
0
81
0
0
0
4
0
2
2
1
1
26
1
5
15
5
5
0
0
0
0
10
19
114
0
0
49
5
26
49
64
54
12
59
0
6
0
0
0
0
0
49
49
50
51
21
0
20
0
0
0
0
0
49
20
37
30
0
9
64
26
0
0
0
0
36
52
20
0
12
20
29
0
0
0
16
0
9
0
0
0
0
0
0
0
0
64
3
3
28
1
115
69
9
59
22
0
0
12
12
5
49
59
81
10
22
0
37
22
21
59
0
64
38
1
2
64
37
20
22
0
20
15
15
11
3
14
15
0
7
0
0
0
0
0
69
1
7
1
0
13
9
17
11
19
0
11
5
16
122
32
84
8
100
1
17
27
64
16
2
8
2
11
13
6
9
3
22
2
13
5
89
0
0
85
5
84
0
19
38
22
14
7
26
56
21
13
4
5
241
158
6
16
1
15
85
13
4
6
7
0
7
49
4
0
33
13
7
0
5
2
15
0
55
6
59
1
12
0
18
6
0
0
9
0
0
6
1
26
1
332
8
4
0
