15
1
0
4
0
0
0
0
0
18
15
2
15
5
11
53
0
23
22
5
12
133
100
21
17
0
0
0
1
20
0
0
0
0
0
0
15
46
2
0
15
15
2
6
28
10
0
11
73
15
18
0
0
0
0
0
0
0
15
1
0
1
1
1
0
0
50
0
4
37
0
16
16
0
16
2
0
0
1
0
0
0
16
2
0
0
0
0
0
0
5
16
15
0
3
13
16
0
1
25
11
17
2
21
15
1
0
0
1
0
59
0
59
63
90
27
0
26
1
1
0
0
0
0
0
0
1
0
0
0
36
2
3
1
5
1
0
0
0
1
0
0
0
0
1
0
0
0
0
0
0
0
0
0
1
0
11
0
0
0
0
0
0
0
0
0
0
12
0
0
15
33
27
0
0
0
0
0
1
0
0
0
11
9
0
0
0
0
0
0
0
0
12
15
14
63
18
7
25
1
1
0
15
52
20
0
1
29
38
81
11
0
0
1
1
0
0
0
0
0
76
0
1
12
31
11
5
0
0
1
1
33
0
0
0
0
0
20
0
0
0
0
0
0
0
0
0
0
0
0
0
0
0
0
0
0
0
0
0
0
11
9
0
33
0
0
0
0
0
0
0
0
20
0
13
22
69
18
15
20
1
0
1
0
0
0
20
0
0
0
0
0
0
0
0
0
0
0
0
0
0
0
0
0
0
0
0
0
0
11
9
0
0
20
0
0
0
0
0
0
0
0
0
13
41
3
36
46
2
0
99
51
137
0
0
90
0
38
31
0
1
33
0
0
2
1
0
2
15
16
19
15
26
7
0
0
11
19
22
19
15
12
21
15
20
344
26
16
6
0
15
173
129
15
3
19
4
15
16
18
24
17
15
5
10
15
0
0
94
0
20
16
23
2
7
0
27
28
7
0
15
9
29
0
9
15
20
25
11
21
25
48
14
34
20
10
0
6
17
0
23
17
0
28
13
13
15
11
289
16
0
15
15
10
1
18
20
153
0
16
174
0
16
50
9
20
15
12
153
21
0
217
63
5
7
0
1
5
16
0
0
0
0
0
0
0
0
1
2
6
0
0
0
0
0
0
0
0
16
0
0
0
0
0
0
0
0
0
0
0
0
0
0
0
0
0
0
0
1
0
0
0
0
0
1
0
0
0
0
0
3
91
19
2
