1
25
0
20
0
3
1
4
2
0
22
0
6
5
5
0
20
1
0
4
14
1
7
5
17
26
25
2
7
0
1
5
3
8
0
5
3
83
2
12
0
3
1
0
1
0
0
2
20
0
21
0
22
0
0
0
1
3
3
0
0
2
0
0
0
0
0
0
0
0
0
72
5
0
0
21
0
1
22
4
1
0
0
7
0
0
2
0
0
0
0
8
4
3
3
0
5
21
3
3
0
5
0
459
389
5
8
0
0
0
3
0
8
3
0
0
0
0
0
0
0
0
0
5
0
0
0
0
0
0
0
0
0
0
0
0
0
0
0
6
26
0
0
0
0
3
26
0
0
0
0
0
0
3
4
5
0
0
0
0
0
0
0
0
0
0
0
3
0
15
0
7
6
0
0
28
0
4
3
3
4
23
27
0
1
7
5
6
0
0
118
1
0
1
1
1
0
0
0
1
0
4
11
25
21
0
420
0
20
32
10
536
4
415
0
509
0
60
1
0
2
0
416
406
67
2
390
0
0
0
0
59
1
0
71
0
2
0
2
16
20
62
69
464
3
3
0
2
1
30
0
1
1
1
0
0
5
0
3
0
60
60
0
60
59
21
1
3
22
0
30
0
3
0
35
39
117
4
386
0
2
3
4
0
0
1
123
59
0
1
0
1
3
20
6
5
1
8
3
17
0
64
449
1
1
22
0
2
20
0
65
1
139
0
1
1
66
221
1
21
0
2
0
2
65
7
137
1
6
0
15
2
2
0
34
10
18
6
3
16
105
26
151
0
0
1
202
5
129
0
6
12
0
10
0
11
0
10
11
9
0
