0
8
0
6
0
0
0
5
7
11
0
0
0
0
0
8
5
5
0
22
0
31
1
9
113
36
3
5
0
18
5
0
0
0
0
3
0
31
5
0
0
0
0
0
0
19
1
0
0
0
15
6
0
0
0
0
0
0
5
1
0
0
5
14
1
30
1
0
0
5
0
1
0
0
0
6
0
0
0
0
0
0
6
1
0
0
0
0
0
0
0
0
6
5
0
0
0
1
0
0
0
0
0
6
0
0
0
0
1
5
0
0
2
0
0
0
21
0
0
0
0
1
0
6
1
8
0
0
0
18
0
1
0
0
5
0
1
5
0
1
76
83
6
0
4
0
3
2
5
0
7
7
0
81
0
0
0
0
10
7
0
0
0
0
0
0
0
0
0
0
5
0
0
5
0
25
0
15
2
0
5
0
0
0
0
0
5
0
0
0
0
0
0
6
8
1
0
25
5
20
5
47
1
0
12
27
0
0
0
0
0
0
0
0
0
0
0
0
0
0
0
0
0
2
0
6
4
4
20
16
0
58
27
1
0
0
5
5
47
0
0
0
15
15
55
0
6
0
0
1
0
0
0
0
36
0
0
47
38
0
18
0
76
0
0
0
0
0
6
6
6
6
6
0
0
0
0
6
6
6
6
6
0
0
0
0
6
6
6
6
20
0
7
64
38
0
42
36
48
0
0
0
1
23
6
5
126
33
7
46
0
0
33
0
0
0
0
33
0
0
0
0
0
0
0
42
49
0
0
2
0
0
21
4
49
27
5
5
0
0
5
0
37
0
0
0
2
0
5
6
1
38
20
5
15
22
23
22
214
0
0
0
0
12
20
0
6
5
23
6
7
20
0
10
1
4
0
6
5
2
0
26
1
0
1
14
8
12
4
0
9
1
78
11
10
20
5
24
0
9
5
1
35
0
6
2
280
60
6
13
16
20
25
11
12
16
0
62
2
6
8
11
6
0
0
3
2
12
36
9
0
143
0
0
81
25
0
0
1
0
0
0
0
0
0
0
0
1
0
0
0
0
0
0
0
0
0
0
6
0
42
8
0
0
0
50
20
31
88
20
0
1
44
0
0
15
0
15
44
