0
4
0
0
4
0
0
2
37
0
35
0
26
100
34
0
9
0
0
3
0
7
0
0
3
12
464
0
17
2
0
1
0
1
21
0
4
2
0
0
3
0
0
12
0
0
20
1
3
4
190
2
0
11
0
11
22
2
0
6
3
0
12
0
1
1
0
20
3
0
0
0
2
5
2
0
7
0
4
84
0
1
117
0
13
2
40
0
1
0
0
0
60
3
2
0
0
2
5
18
19
3
4
13
15
17
8
2
1
0
0
2
0
2
0
0
0
3
1
6
1
3
1
2
1
0
0
24
46
0
0
10
2
0
0
10
0
0
0
0
0
0
10
0
1
0
2
19
0
0
9
0
14
11
0
1
0
0
3
11
0
0
0
0
0
0
0
0
0
0
0
0
11
0
1
0
3
5
0
0
0
0
0
0
0
0
0
0
2
20
2
470
1
450
3
5
7
2
397
2
0
0
6
1
1
37
2
0
3
3
0
20
0
24
0
14
0
0
1
0
6
11
0
0
27
1
26
537
3
11
5
407
0
1
0
0
15
0
3
386
410
0
0
389
0
2
0
0
48
0
0
385
2
0
0
0
385
0
0
2
31
15
14
20
37
11
14
0
0
0
0
1
0
1
55
0
0
21
24
2
385
0
0
0
2
1
16
0
20
2
0
22
60
0
21
0
4
9
0
0
18
14
26
2
38
0
37
6
385
0
21
0
385
0
0
24
0
5
0
1
21
0
6
0
3
1
11
30
11
1
16
22
5
24
27
11
1
14
20
511
5
139
5
15
63
69
455
5
0
0
1
0
15
11
0
0
0
8
1
12
7
13
0
7
0
5
31
11
11
0
0
39
13
44
0
14
0
6
91
0
3
7
6
390
10
0
387
0
436
0
22
116
125
11
45
0
9
5
3
4
5
0
19
0
34
9
6
20
224
0
0
5
8
2
27
1
2
20
166
8
173
0
162
5
89
8
5
0
0
5
2
0
0
0
0
1
0
0
0
0
0
1
0
0
0
3
4
386
508
1
0
12
1
452
0
0
2
6
2
3
0
3
158
0
0
0
0
2
0
5
14
0
0
9
0
0
0
2
0
8
1
22
3
506
0
0
0
1
0
33
0
1
0
1
2
0
400
2
1
2
393
27
0
0
2
0
0
0
523
0
9
3
9
0
0
0
0
0
0
0
0
10
2
0
2
0
0
0
523
0
0
2
523
0
0
10
0
15
0
0
0
0
155
0
7
10
150
0
0
10
5
0
0
0
12
10
12
19
1
