0
8
0
0
0
0
0
0
1
27
6
32
0
0
15
0
0
0
0
0
0
0
0
4
0
64
0
0
0
1
58
1
0
0
18
20
1
6
12
2
0
10
15
6
15
20
0
0
91
69
27
34
2
34
39
0
0
123
0
0
0
0
52
1
59
0
16
7
6
2
1
81
5
10
20
5
6
2
0
5
24
0
3
0
0
0
1
1
1
0
2
0
35
0
0
0
0
0
0
0
0
0
0
1
11
15
6
10
8
0
1
0
1
1
11
1
3
0
1
0
5
1
1
0
1
1
3
0
0
0
0
11
3
0
1
19
8
0
67
0
0
1
0
0
0
14
12
6
27
10
0
41
27
21
1
7
1
47
1
0
0
0
0
3
2
9
1
26
21
37
0
25
1
81
1
1
0
0
0
1
26
0
6
1
3
7
77
0
0
0
0
0
0
0
0
0
0
0
1
0
7
15
8
0
0
12
8
9
0
6
6
5
13
0
53
0
0
0
0
6
0
64
64
0
6
1
64
1
18
0
20
6
30
74
6
5
3
23
0
0
0
0
0
0
0
0
0
0
0
0
0
0
0
0
0
0
0
0
0
0
0
0
0
0
0
0
0
0
0
0
4
1
0
10
7
3
0
3
0
7
0
0
0
6
0
0
6
6
0
5
6
10
5
0
4
6
9
1
20
23
0
0
63
0
0
0
0
0
0
0
0
2
0
12
0
20
11
0
1
3
117
0
15
11
35
20
8
6
6
1
5
23
0
15
17
20
16
5
0
6
423
18
12
17
15
5
26
5
4
6
2
9
15
0
3
26
5
5
9
12
0
65
4
0
1
31
9
117
0
20
47
0
13
162
16
12
7
0
0
0
0
0
0
0
0
0
0
0
0
0
0
0
0
0
0
0
0
0
0
0
0
0
0
0
0
0
0
0
0
0
0
0
0
0
0
0
0
0
0
0
0
0
0
0
0
0
65
15
0
0
0
0
0
0
0
0
0
0
0
0
0
0
0
0
0
0
0
0
0
0
0
0
0
0
0
0
0
0
0
0
0
0
0
6
0
0
0
0
0
0
0
0
0
0
0
0
0
0
0
0
0
0
0
0
0
0
0
0
0
0
0
0
0
0
0
0
0
0
0
0
0
0
0
0
0
0
0
0
0
0
0
0
0
0
0
0
0
0
0
0
0
0
0
0
0
0
0
0
0
0
0
0
0
0
0
0
0
0
0
0
0
0
0
0
0
0
0
0
0
79
0
1
0
0
0
0
0
0
0
0
0
0
1
84
