3
240
0
1
16
4
1
445
12
6
0
1
89
34
0
5
10
5
4
0
6
3
0
20
1
0
0
49
49
1
5
5
20
0
0
5
0
6
3
0
0
0
6
25
0
2
6
24
0
21
0
0
0
0
0
0
0
4
0
0
0
0
0
0
0
0
0
0
10
0
0
0
10
0
0
0
0
0
0
0
15
0
2
6
3
49
54
0
0
0
1
0
14
0
0
4
0
35
0
0
0
0
7
6
0
9
0
0
49
0
0
0
0
0
0
0
0
10
1
0
0
0
0
0
0
1
0
153
3
16
0
13
0
0
0
0
20
0
4
0
1
0
0
0
20
0
0
0
0
0
0
15
2
10
0
0
0
0
0
0
89
0
43
3
0
0
0
0
16
10
1
20
20
38
20
10
97
0
0
52
66
1
0
9
18
436
0
0
12
0
44
14
0
0
0
0
0
0
0
0
0
0
0
0
33
44
0
0
0
0
0
0
0
54
5
453
0
33
14
24
22
3
3
52
0
0
0
0
0
39
0
0
0
0
10
45
44
0
3
0
0
0
0
0
0
59
3
40
3
1
3
60
0
1
0
3
60
79
4
5
0
0
32
0
53
10
4
0
3
0
37
1
0
0
3
0
0
0
0
0
0
0
0
0
0
0
0
0
0
0
0
0
0
21
3
0
1
0
0
2
1
165
238
15
0
15
0
4
0
29
4
2
33
140
3
0
15
25
3
0
1
4
0
0
0
0
0
0
0
0
0
10
1
16
4
1
6
51
80
70
455
23
37
15
35
1
5
101
0
5
22
106
0
0
10
17
39
138
1
9
51
5
1
0
7
5
6
19
12
24
34
6
20
1
21
15
39
5
22
10
5
7
0
14
0
30
20
45
0
16
33
5
6
28
24
105
1
158
15
317
19
202
0
12
59
15
89
0
43
97
0
15
12
210
0
1
186
3
0
36
7
123
9
1
