3
397
4
0
2
4
0
4
3
0
1
45
71
0
59
20
2
12
3
0
8
18
0
1
4
15
43
0
17
4
0
6
47
71
83
7
0
79
22
0
72
0
0
3
0
0
0
0
0
0
5
1
0
0
3
0
5
3
6
0
0
0
0
1
10
5
3
0
1
0
0
4
4
0
0
3
10
42
8
3
1
3
40
2
15
0
25
8
3
2
2
3
80
54
0
6
16
0
430
402
395
37
10
71
77
4
1
2
0
0
1
0
0
0
1
0
0
0
2
8
8
5
12
1
7
0
7
0
1
3
6
5
6
1
0
0
0
0
0
0
0
0
0
0
0
0
0
2
15
11
0
0
0
3
4
0
74
1
0
3
1
1
0
1
21
8
2
7
4
9
0
1
0
0
6
7
3
483
459
479
9
2
0
18
0
14
37
2
71
2
7
1
71
7
1
1
6
0
0
0
0
0
0
0
0
0
9
0
0
0
0
0
0
69
0
0
0
0
0
0
0
0
0
0
0
0
0
0
0
0
0
0
0
0
0
0
0
0
0
0
0
0
0
0
0
5
72
0
0
0
0
0
0
0
0
0
0
0
0
0
0
0
0
0
0
49
0
0
0
0
0
0
0
0
0
0
0
0
0
0
0
0
0
0
0
0
0
0
0
0
0
0
1
74
71
22
4
0
2
1
0
0
0
10
9
9
4
1
2
0
0
0
0
22
12
3
14
0
0
0
0
20
0
1
4
0
12
125
0
0
21
6
13
8
14
18
10
7
0
0
5
0
64
386
69
23
6
21
19
0
0
15
0
18
7
0
5
7
6
1
6
5
1
6
7
1
14
0
8
7
3
1
44
0
64
15
5
21
0
6
70
5
13
15
6
0
10
0
2
5
7
14
0
0
6
0
27
2
6
5
3
12
9
14
13
19
8
1
0
3
0
0
0
0
69
0
0
0
0
0
0
0
0
0
3
0
4
0
3
6
0
0
0
0
0
0
69
0
0
0
1
0
0
0
0
0
6
0
0
0
0
0
0
0
0
0
0
0
0
22
0
0
0
0
0
0
0
0
1
0
0
0
0
0
0
0
0
0
0
0
0
0
0
0
0
0
0
0
0
0
0
49
0
0
0
0
0
0
49
0
0
0
0
0
0
49
0
0
0
0
0
0
0
0
0
0
0
0
0
0
0
0
0
0
0
0
0
0
0
0
0
49
0
0
0
0
0
0
49
0
0
0
0
0
0
0
0
0
0
69
0
0
0
0
0
0
0
0
0
0
0
0
0
0
0
22
0
0
0
0
0
0
49
0
0
1
0
0
0
0
0
49
0
0
0
0
0
0
49
0
0
0
0
0
0
0
0
0
0
0
0
49
0
0
0
0
0
0
49
0
0
0
0
0
0
49
0
0
0
0
0
0
0
0
0
0
0
0
0
0
0
0
0
0
0
0
0
0
0
0
0
0
0
0
0
0
0
1
1
0
0
0
0
0
0
0
0
0
0
0
0
1
0
1
0
69
0
0
0
15
15
0
0
0
0
0
16
0
0
0
0
0
1
0
0
0
0
0
0
6
0
0
0
0
25
0
0
0
0
0
0
0
0
0
0
0
0
0
0
0
20
0
0
0
3
5
0
0
0
0
0
2
5
0
0
0
0
0
0
0
20
0
0
0
0
0
0
3
0
0
0
0
0
0
0
0
0
0
0
0
0
0
0
0
0
0
0
0
0
0
0
0
0
0
0
0
0
4
0
0
0
0
0
2
0
0
0
0
0
0
0
25
0
0
0
0
0
0
0
0
0
0
0
0
0
2
0
0
0
0
0
0
0
0
1
0
1
0
0
0
3
0
0
0
0
0
3
0
0
0
0
0
3
0
1
0
0
0
3
0
0
0
0
0
3
0
0
0
0
0
3
0
0
0
0
0
0
0
0
0
0
0
0
0
0
1
0
0
0
0
0
5
0
0
0
0
0
0
0
0
0
0
0
6
2
0
0
0
0
0
20
6
0
0
0
0
0
7
0
1
0
69
0
0
0
0
0
0
0
0
0
0
0
0
0
0
0
0
0
0
0
0
0
0
0
0
0
0
1
0
0
0
0
0
0
3
0
0
0
0
0
0
0
0
0
0
0
0
0
0
0
1
0
0
0
0
0
0
0
0
0
0
0
0
0
0
0
0
0
0
0
0
0
2
0
0
0
0
0
0
0
18
0
0
0
0
0
0
1
0
0
0
0
0
2
0
0
0
0
0
0
0
0
0
0
0
0
0
0
0
0
0
0
0
0
0
0
1
0
0
0
0
0
0
0
0
0
0
0
0
0
0
0
0
0
0
0
0
0
0
1
0
1
0
0
0
0
0
1
6
0
0
0
0
0
0
1
0
0
0
0
0
0
1
0
0
0
0
0
0
0
0
0
0
0
0
0
0
0
0
0
0
0
0
0
0
0
0
0
0
0
0
0
0
0
0
0
0
0
0
1
0
0
0
0
0
0
1
0
0
0
0
0
0
0
3
0
0
0
0
0
0
0
0
0
0
0
0
0
0
0
0
0
0
0
0
0
0
0
1
0
0
