0
320
0
1
1
8
1
4
25
1
3
0
12
88
5
99
81
81
0
0
0
1
0
7
8
0
0
0
0
17
0
0
11
5
7
20
0
1
12
0
0
6
0
0
25
2
0
2
27
3
0
4
0
1
11
15
0
5
2
1
0
25
27
5
21
10
5
0
13
6
7
0
2
5
8
5
0
0
0
0
0
1
2
6
5
1
3
0
9
5
1
9
0
0
0
0
0
0
0
10
10
10
0
0
2
0
4
28
1
0
0
4
0
0
0
0
0
1
0
0
0
5
1
520
16
2
0
0
27
0
2
1
0
0
2
1
0
0
0
0
1
0
1
9
1
0
1
21
26
29
0
27
0
1
4
0
27
0
25
9
6
6
2
0
0
0
27
0
24
7
431
0
0
0
5
0
0
8
0
20
455
0
3
20
0
20
64
0
0
60
1
0
160
0
0
0
1
0
2
0
7
2
0
20
0
12
88
6
412
20
111
0
1
0
9
0
20
0
0
9
1
6
0
0
385
0
0
0
0
0
0
0
0
0
0
0
0
0
0
0
0
0
0
0
0
0
0
0
0
0
0
0
0
0
0
0
0
0
1
0
0
0
3
0
0
11
0
12
0
0
0
0
0
0
18
1
0
5
0
0
0
0
0
3
0
0
3
0
1
0
0
5
0
0
2
17
34
7
30
0
82
220
7
12
6
25
8
20
13
0
0
90
0
0
13
390
1
9
21
5
298
0
17
0
245
0
234
0
0
12
1
20
12
64
455
163
0
1
3
0
5
9
6
1
31
16
5
132
1
15
11
12
36
26
142
6
157
31
69
182
140
11
11
114
426
3
1
158
45
22
1
12
91
1
0
4
1
36
54
12
3
0
1
9
20
1
10
0
5
3
20
27
6
194
0
5
22
21
102
391
0
239
1
96
0
96
0
15
1
0
96
0
39
5
149
5
0
1
0
0
0
0
0
0
0
0
59
0
0
1
0
1
0
0
0
0
0
0
0
0
0
0
0
12
0
0
0
0
