5
12
0
6
21
20
0
0
4
5
25
21
1
0
57
49
0
0
0
0
2
5
0
41
0
2
41
5
51
70
0
1
7
0
0
0
0
5
45
25
32
5
59
6
6
0
0
0
5
0
0
0
14
5
19
2
0
0
0
26
3
3
0
0
0
0
0
0
129
194
19
149
449
149
0
0
0
15
0
0
15
95
0
0
0
129
0
0
0
46
16
0
1
0
0
1
0
0
0
0
0
0
0
0
0
0
0
0
0
0
0
0
0
0
0
15
0
5
0
25
0
172
48
45
0
7
169
45
49
149
166
50
56
3
0
179
29
0
16
28
20
13
13
31
0
16
2
0
0
0
65
12
0
0
0
12
8
16
15
0
0
0
0
29
0
0
0
20
5
5
25
4
6
1
15
5
0
0
0
5
16
428
409
390
25
8
0
1
121
5
1
0
0
0
0
0
0
0
0
0
0
0
0
0
5
0
0
1
19
0
0
1
1
6
4
0
2
1
0
1
8
0
49
6
1
0
0
10
0
0
10
0
0
0
0
2
0
0
0
18
0
71
0
54
0
20
151
7
194
19
16
151
145
569
0
1
0
10
0
1
144
40
184
40
404
48
3
411
6
0
31
10
0
0
0
0
0
0
0
0
0
0
0
0
0
514
0
0
514
0
134
0
0
0
0
0
0
0
0
0
0
0
0
0
15
129
451
15
3
6
0
22
0
1
39
5
4
44
0
0
134
0
0
0
0
0
524
385
10
31
7
0
136
1
5
3
1
5
394
6
5
25
0
28
21
6
396
0
0
3
385
385
0
0
0
0
0
0
0
0
0
0
0
23
0
0
0
0
0
20
42
0
1
129
1
3
35
20
4
17
36
15
6
2
1
1
1
6
0
0
0
0
151
0
15
0
1
4
9
117
0
6
5
25
5
2
0
0
0
7
1
8
0
1
0
65
3
0
44
1
5
184
0
166
6
6
0
6
11
13
2
207
1
10
70
478
9
18
0
14
0
6
12
0
1
24
64
399
0
1
0
12
10
9
6
5
3
13
0
14
7
26
7
89
2
22
0
90
0
0
2
1
48
1
7
25
17
39
13
6
19
15
5
6
6
0
2
9
168
1
1
121
6
12
43
37
6
16
0
180
0
6
6
0
0
129
0
543
0
