20
231
0
0
20
20
0
3
0
2
4
5
0
12
0
0
0
0
0
0
0
0
0
0
0
0
0
0
20
0
117
138
0
29
10
0
177
21
3
0
0
0
20
60
0
1
9
92
19
0
0
35
0
0
24
0
1
53
25
20
10
4
58
0
10
0
118
20
0
0
0
0
0
0
2
0
5
10
0
2
7
496
20
0
121
5
0
0
23
0
0
0
143
0
0
0
0
8
0
1
44
0
0
0
0
35
0
0
0
0
0
0
0
0
0
0
0
0
0
0
0
2
47
1
0
0
0
0
0
0
0
10
3
0
0
0
0
0
0
0
0
0
0
0
0
0
0
0
0
0
0
0
0
0
0
0
0
0
0
4
1
0
117
35
35
45
2
4
25
43
18
21
137
137
0
0
0
0
5
0
0
0
0
0
0
0
0
0
35
0
35
0
0
0
0
0
0
0
0
561
0
0
0
0
0
0
0
0
0
0
0
0
0
0
0
0
0
0
0
0
0
0
0
25
25
0
0
0
0
0
0
0
1
25
25
0
0
0
0
0
1
0
23
545
20
385
0
0
420
35
36
10
0
20
1
0
35
0
0
0
0
0
0
0
0
0
0
35
1
202
0
0
0
0
34
0
117
5
38
4
4
10
0
20
36
0
15
35
0
0
0
0
0
0
0
0
0
0
0
0
3
68
11
59
117
0
20
21
3
0
19
4
0
0
1
20
0
8
0
0
6
0
2
65
454
19
6
12
22
1
8
16
9
7
5
8
93
0
120
426
16
8
1
16
11
0
6
13
7
32
82
64
9
10
0
33
13
6
6
2
6
17
20
5
6
30
1
8
2
6
38
13
324
0
0
6
189
25
2
326
0
5
131
0
214
20
7
3
74
9
1
3
5
0
5
54
4
14
39
1
0
0
122
0
53
424
547
9
413
35
0
35
0
0
0
0
0
0
0
0
0
0
35
0
0
18
18
18
3
57
