6
2
1
7
0
2
4
0
1
6
0
11
16
1
27
0
9
0
0
0
8
6
0
0
15
3
26
17
6
0
44
2
13
6
10
0
0
83
2
6
0
0
0
0
0
0
0
10
0
0
0
0
0
26
0
0
0
0
0
0
0
0
0
40
0
2
2
0
16
0
2
0
4
3
0
0
0
10
15
13
2
12
1
0
0
17
0
0
6
24
6
5
0
6
2
7
0
7
1
0
0
0
0
1
5
5
15
0
0
0
0
0
0
0
0
1
0
10
0
0
0
0
0
0
0
0
13
5
0
2
52
65
1
4
1
9
83
0
15
405
0
0
15
21
0
5
0
0
0
8
0
26
26
51
0
0
0
26
25
25
25
25
25
25
25
25
25
25
0
0
0
0
0
0
0
0
0
0
26
48
0
0
108
0
0
0
26
5
2
1
0
0
25
0
26
0
22
27
1
24
31
26
1
0
0
0
0
0
0
0
0
0
0
0
5
0
0
1
28
27
26
5
50
18
5
25
0
0
0
0
20
0
1
0
0
20
0
27
1
12
25
11
8
14
0
18
0
0
0
0
0
0
1
0
4
0
0
0
0
0
0
0
0
20
11
8
33
25
5
3
0
0
8
0
0
0
0
0
0
0
0
0
20
0
0
0
0
0
26
34
29
31
51
0
7
0
13
13
49
7
31
3
22
3
11
0
6
3
0
25
0
0
0
20
0
6
15
46
14
9
0
1
0
1
0
7
1
0
0
4
10
10
10
24
3
20
1
16
6
10
5
28
5
15
6
10
6
392
0
0
13
5
1
7
6
76
8
0
1
0
159
20
45
6
26
2
11
0
5
6
19
12
6
0
8
0
2
0
17
3
11
7
2
0
6
10
1
18
22
6
5
8
10
2
0
14
16
8
0
0
6
15
1
0
12
9
0
11
6
29
9
14
0
29
0
14
8
0
6
7
0
19
11
21
7
0
11
64
12
7
10
0
0
1
5
19
0
5
0
6
0
0
0
0
0
0
0
0
0
0
64
0
0
0
0
0
0
6
0
0
4
4
0
5
27
5
0
0
0
0
0
64
0
0
0
0
