2
28
7
0
3
1
0
0
11
15
8
5
7
1
1
0
72
4
110
12
0
12
44
3
0
0
0
9
0
28
4
2
5
5
0
10
0
1
6
0
0
0
0
5
12
18
9
2
0
0
0
0
0
2
0
0
0
0
1
3
5
99
14
0
1
1
1
0
0
1
1
9
9
0
3
1
0
9
0
29
3
0
9
22
9
5
1
9
15
5
13
392
0
0
1
0
101
0
439
0
0
33
0
0
0
0
439
8
0
14
0
20
554
15
478
12
0
0
14
1
153
14
1
8
15
13
0
8
0
0
0
0
0
0
0
73
12
5
2
3
0
448
0
26
61
6
10
0
429
459
0
4
81
0
0
0
62
0
6
4
1
6
0
0
14
0
0
38
13
13
20
0
0
0
0
0
0
0
0
75
0
3
0
0
20
0
0
0
0
0
0
0
192
0
0
20
0
168
7
7
0
0
0
32
0
16
12
0
40
0
22
0
3
0
0
0
0
67
61
0
0
33
12
9
9
0
0
3
1
3
2
21
5
51
21
1
11
7
0
12
7
9
3
0
0
0
4
3
2
431
2
0
6
7
0
5
0
0
2
0
0
0
0
0
11
6
13
1
1
3
5
0
0
7
13
0
1
5
40
8
3
1
0
39
2
160
7
13
15
426
11
3
1
0
45
86
0
0
6
33
6
90
26
2
0
2
12
0
12
6
12
290
6
7
19
0
10
5
7
6
0
26
0
153
16
6
30
5
15
19
1
12
37
1
5
13
2
22
9
0
5
8
4
1
16
63
5
0
5
1
155
18
15
442
0
21
1
176
7
13
262
3
12
120
426
119
65
12
7
1
28
11
13
48
15
11
9
0
17
15
6
20
0
9
3
1
6
5
5
21
0
11
13
1
6
1
87
7
5
2
12
29
12
12
1
10
41
0
443
85
92
0
5
12
390
10
28
0
0
0
0
1
24
1
13
57
61
12
12
1
5
4
68
6
1
7
1
0
3
144
6
1
9
10
12
21
13
65
15
5
44
0
7
37
1
1
181
0
8
9
113
1
92
0
23
23
223
0
0
0
3
0
0
0
0
0
0
0
0
0
15
1
0
10
20
14
0
3
18
20
1
1
113
101
0
68
1
0
3
3
16
11
21
0
0
0
450
37
113
30
430
0
425
0
35
0
0
0
2
9
0
5
29
9
0
1
6
0
0
8
0
6
6
0
0
13
13
30
0
0
0
0
0
0
0
0
0
0
12
0
0
48
0
0
0
0
0
0
0
0
0
0
0
0
0
0
1
0
2
62
25
7
9
85
41
0
23
60
94
0
80
5
5
32
0
3
14
0
0
0
2
0
2
3
1
0
5
3
4
5
15
0
0
0
0
0
0
