15
1
3
3
0
15
5
40
29
1
2
15
53
0
0
0
0
0
0
33
23
37
62
1
1
17
1
0
60
0
15
0
0
15
18
26
15
16
0
3
11
4
33
33
43
2
1
0
44
1
1
35
0
20
14
0
0
34
16
15
0
0
0
2
41
34
33
63
34
0
33
0
1
1
0
49
0
52
53
48
54
5
33
0
33
0
0
0
0
15
62
33
0
0
0
0
0
0
0
33
0
0
0
15
0
0
0
0
15
0
0
15
0
0
0
0
0
0
15
54
22
47
49
0
35
1
3
3
0
67
3
0
0
8
20
3
0
3
1
0
36
39
0
33
0
0
0
15
0
0
0
33
0
0
0
48
1
1
57
0
48
24
38
50
39
0
63
0
1
20
58
0
33
15
0
33
82
33
33
33
3
0
0
0
0
33
0
48
0
0
0
0
0
0
50
15
34
0
0
0
36
0
34
34
0
3
36
1
32
34
27
23
2
15
2
16
5
15
0
1
1
20
0
119
0
0
0
0
0
0
33
0
33
0
0
0
0
0
0
0
0
0
0
0
0
0
0
0
0
0
0
0
0
0
0
0
0
0
0
38
11
0
0
1
1
7
0
1
0
1
2
2
0
0
2
0
29
1
0
51
0
15
39
3
17
23
0
0
49
36
7
40
3
0
33
0
39
0
0
0
6
0
37
0
1
0
0
33
0
4
0
0
11
22
20
38
20
20
7
54
6
13
35
23
13
3
13
7
32
0
29
0
1
0
0
15
21
2
0
4
23
8
34
20
6
33
11
0
20
25
16
20
21
0
8
15
22
5
61
164
24
1
7
17
0
29
15
130
22
7
7
32
14
9
57
6
25
53
7
6
