88
37
0
11
5
4
93
121
6
0
0
0
0
2
89
5
12
4
0
39
0
0
0
0
15
25
19
0
26
0
451
17
0
0
0
0
3
5
10
4
5
74
90
153
89
16
20
0
54
14
1
4
0
40
195
117
0
0
83
5
1
0
73
65
58
0
17
7
83
81
10
30
5
2
0
22
0
0
0
0
0
0
0
0
0
0
9
27
0
0
5
0
0
0
0
0
0
0
0
0
9
0
106
83
9
17
47
4
0
0
3
1
1
5
59
103
63
122
0
0
0
0
0
0
0
0
0
0
0
0
0
0
5
92
27
0
0
0
0
3
14
0
0
5
2
9
63
68
0
54
4
130
122
5
63
85
72
27
0
0
49
0
0
0
0
0
0
61
0
0
149
7
2
6
5
6
20
83
0
49
0
0
0
0
0
1
0
6
0
0
0
0
0
2
0
0
7
469
0
0
0
19
6
22
10
0
0
0
0
0
0
0
70
1
0
0
0
180
4
405
0
0
0
217
0
20
131
64
77
0
22
84
33
0
117
180
4
405
0
0
6
1
0
10
418
385
0
0
385
448
72
19
23
10
0
81
99
39
0
1
64
4
405
0
0
0
9
9
23
72
14
9
9
4
0
10
11
15
11
0
59
0
6
68
84
16
5
7
11
20
16
9
5
0
52
16
4
9
0
54
83
11
0
0
0
17
0
0
0
0
0
0
2
10
10
17
0
82
9
4
14
0
78
9
122
32
0
148
6
18
90
0
95
21
18
146
6
7
70
455
23
16
20
2
164
137
45
74
142
0
20
6
222
0
25
13
2
7
0
2
11
13
0
0
5
32
0
2
4
0
0
11
7
6
2
10
0
0
52
68
1
6
392
0
85
9
152
5
7
128
4
0
7
5
0
13
12
12
22
9
16
0
43
9
0
159
31
1
6
240
6
5
129
85
2
49
9
125
22
1
210
10
116
69
8
145
0
36
21
120
14
12
10
6
0
11
1
0
0
1
0
0
