1
8
0
0
1
0
0
1
0
432
0
0
16
8
1
5
0
0
7
9
1
20
0
31
0
0
0
10
17
0
0
20
1
0
20
21
83
20
10
6
3
10
9
23
0
33
0
0
1
0
83
2
0
15
22
9
26
1
0
0
0
0
0
0
0
11
0
0
0
0
0
0
1
10
10
0
0
0
1
0
0
21
1
2
2
0
0
19
2
31
11
16
0
1
0
5
16
11
5
10
4
19
0
0
0
0
0
3
0
16
18
0
0
0
0
0
2
11
1
9
0
12
0
1
1
1
21
0
0
0
0
0
0
20
2
0
10
0
1
0
0
0
0
0
0
0
0
11
0
5
16
30
10
0
0
0
0
10
0
0
20
1
1
64
0
0
0
0
405
0
20
0
0
2
424
8
0
0
0
0
0
20
0
20
0
0
0
0
0
0
0
0
0
0
1
20
1
0
37
0
0
0
0
0
0
0
0
1
387
0
387
3
0
21
0
2
32
444
0
1
401
0
1
412
1
0
0
0
0
0
0
0
2
0
0
0
0
0
0
0
1
386
0
0
0
0
0
0
0
0
0
0
0
0
0
1
0
0
9
445
386
26
9
121
20
8
51
23
33
136
0
2
0
59
0
81
61
0
2
56
1
2
1
0
0
0
1
1
0
1
1
3
0
1
0
0
0
4
7
0
23
0
0
0
0
0
0
83
5
27
0
12
0
23
63
12
11
0
0
13
4
0
0
0
16
0
0
82
8
1
16
6
65
455
21
38
9
2
4
0
19
1
19
1
11
5
2
0
3
20
16
4
5
0
6
11
33
7
35
0
24
18
1
392
5
9
19
16
5
8
6
157
6
19
12
5
17
20
0
0
51
0
0
0
0
6
0
2
22
5
1
0
0
