2
1
0
3
1
66
14
25
6
49
39
157
6
0
18
25
10
6
0
0
0
0
39
112
2
17
14
14
0
1
23
1
1
18
0
0
0
39
0
12
0
20
0
0
0
0
0
0
26
0
0
5
84
0
0
0
0
0
0
0
45
0
2
39
2
0
0
0
0
12
12
0
2
3
0
5
1
11
54
0
2
0
0
0
0
77
51
33
0
0
0
0
3
39
39
0
0
1
0
0
42
0
0
0
0
0
0
0
0
0
0
0
3
0
1
0
0
0
0
0
3
0
1
0
11
0
64
69
25
0
6
0
0
0
0
15
0
7
19
19
19
39
60
21
0
0
0
0
0
0
25
4
1
20
14
35
35
0
0
5
0
0
0
0
0
78
1
26
5
57
0
6
0
0
0
0
0
64
0
0
0
0
64
46
41
109
48
14
1
39
0
7
0
39
0
0
9
20
0
0
0
0
39
0
0
0
0
3
3
5
117
0
0
0
0
0
0
14
0
0
0
3
0
12
15
0
0
34
2
14
3
6
103
20
0
0
17
23
3
0
0
0
0
0
0
20
0
15
0
0
45
40
0
39
2
0
0
0
9
0
0
0
33
0
11
3
5
45
1
1
11
40
0
6
0
20
5
1
6
24
0
7
0
1
0
20
0
3
39
0
83
0
39
0
25
0
0
20
0
0
0
0
1
12
20
17
8
59
0
14
5
1
5
3
1
9
3
5
17
41
0
12
3
0
11
5
1
77
20
11
6
8
34
12
13
0
0
2
1
28
8
11
7
123
1
14
10
5
7
10
16
6
7
11
0
12
5
8
7
1
1
117
0
13
24
17
13
45
0
68
13
45
0
68
12
2
11
1
1
3
6
31
0
17
6
0
5
1
11
0
11
7
0
24
7
15
40
6
2
2
19
42
16
0
4
1
6
20
10
0
18
11
1
6
223
5
8
6
