5
86
0
0
0
1
2
6
20
0
4
5
0
4
0
0
2
0
6
3
1
6
0
5
0
3
3
0
0
12
17
2
0
0
4
0
1
0
0
1
3
5
0
0
0
10
1
0
45
5
0
0
0
0
0
0
5
6
0
3
3
8
18
15
8
0
39
27
0
0
21
12
31
0
8
0
0
0
0
0
5
0
17
6
7
10
21
1
17
0
2
0
10
16
0
0
0
0
0
0
0
0
0
0
1
14
0
13
3
1
0
2
11
12
11
11
2
21
0
23
24
0
17
3
15
14
0
22
20
33
14
15
0
57
0
0
75
41
1
1
15
11
59
1
74
5
5
1
0
26
0
0
0
35
20
18
15
8
11
1
14
3
0
10
10
10
0
10
10
10
2
12
3
14
24
46
13
32
1
0
0
0
0
0
0
6
10
13
10
10
1
2
11
0
1
0
0
1
25
21
22
11
16
11
2
10
17
4
3
1
0
1
20
4
29
0
13
4
18
21
2
4
0
0
2
3
21
13
1
0
21
2
1
24
0
1
0
2
1
0
0
0
5
61
1
10
14
4
5
20
0
7
1
10
20
3
1
33
0
0
0
1
15
0
4
0
4
6
0
15
11
4
0
1
20
0
443
394
3
7
0
1
8
0
0
1
1
3
12
11
0
18
6
0
8
6
10
6
7
4
1
5
13
11
8
7
3
1
3
3
0
14
2
0
0
12
0
6
1
13
10
417
7
0
0
3
0
0
0
3
0
0
1
0
1
0
6
0
0
6
0
11
0
37
0
7
0
13
13
10
14
0
11
2
1
6
15
127
5
17
89
0
0
10
16
4
0
3
0
4
3
13
0
2
0
0
21
11
19
6
33
13
29
0
10
171
1
10
6
45
5
25
9
7
19
5
13
4
12
3
0
439
7
7
7
0
0
15
0
0
16
0
0
0
0
11
0
0
0
0
0
0
0
0
0
0
0
0
0
0
0
0
0
0
0
0
0
0
0
0
0
0
0
0
33
0
0
0
12
16
11
8
19
34
11
0
15
1
10
25
11
5
0
11
5
10
0
0
0
0
0
0
0
0
0
0
1
2
7
47
32
12
6
13
5
0
1
11
1
10
0
2
1
0
1
0
4
0
2
0
0
0
0
10
0
1
21
12
1
9
3
0
3
0
0
0
0
0
0
11
7
19
10
6
1
1
0
6
0
0
17
22
0
1
0
0
0
3
0
0
0
0
1
13
4
5
4
1
2
1
0
5
0
0
1
1
0
0
1
39
0
0
0
0
6
4
5
1
2
29
1
4
0
23
0
22
0
0
11
3
0
2
0
1
0
13
11
10
20
