3
89
0
2
4
3
23
3
8
0
6
91
3
5
3
0
20
1
0
163
2
0
3
3
4
19
0
7
431
63
0
3
0
1
4
11
0
0
3
1
4
23
3
23
8
10
5
29
4
0
23
3
9
3
0
0
22
4
3
22
0
1
10
6
0
0
0
3
1
1
2
0
5
1
52
0
3
3
8
0
23
4
0
7
0
0
0
0
0
0
0
0
0
24
0
0
0
0
2
14
8
6
0
55
7
0
0
0
0
0
0
0
3
3
8
6
0
5
0
0
0
0
0
0
0
0
1
0
6
11
23
20
0
0
10
0
0
0
0
0
0
0
0
0
1
3
0
0
0
0
0
0
1
0
27
0
1
0
5
22
64
23
7
0
0
0
1
1
0
145
20
32
4
24
1
5
709
11
3
30
22
22
1
0
0
22
1
0
0
0
0
40
574
129
0
0
0
0
0
0
0
20
0
0
0
0
0
0
0
445
0
0
0
0
0
0
0
0
0
0
0
0
0
0
0
0
0
0
25
5
1
1
0
0
0
52
28
449
0
3
602
4
9
3
3
425
23
3
3
5
21
15
6
431
18
3
26
0
0
0
0
0
2
2
6
5
1
0
7
0
1
1
33
0
1
31
0
65
7
4
6
1
0
2
9
456
0
427
13
3
9
0
7
0
0
64
6
14
0
13
0
29
7
0
16
0
6
2
9
0
321
385
1
0
0
7
0
7
5
99
7
1
36
9
120
426
9
90
7
10
1
0
0
0
4
1
147
3
232
4
182
0
172
0
9
0
38
2
0
0
3
0
0
2
0
0
3
0
2
1
123
1
39
13
234
0
5
5
1
5
3
17
1
242
1
0
0
0
0
0
0
0
0
0
2
0
0
0
4
0
0
0
0
0
0
0
0
0
0
0
5
0
0
0
0
0
0
0
0
0
