0
17
0
0
3
1
0
0
1
2
0
5
1
0
22
8
0
24
44
9
1
0
18
0
6
4
6
13
1
7
12
17
50
0
0
0
0
15
7
12
33
2
14
7
5
2
0
7
5
7
0
0
0
0
0
1
0
5
0
0
1
0
0
8
5
6
2
3
0
3
0
1
21
56
0
60
5
0
0
0
2
2
2
0
0
9
0
0
0
0
0
0
0
0
19
10
10
0
1
3
0
14
0
0
7
1
0
0
4
7
2
4
0
2
0
0
0
5
23
0
0
0
0
2
0
4
0
16
0
4
0
0
0
2
7
11
0
2
2
7
0
1
0
3
1
502
0
0
0
0
0
0
0
0
0
0
0
0
0
0
1
1
1
0
0
0
3
0
0
0
0
0
0
0
0
0
1
0
1
0
0
0
0
0
0
0
1
1
0
0
1
0
0
22
0
2
58
2
42
0
3
21
0
1
1
6
0
0
0
0
389
7
3
0
0
0
0
0
0
0
0
0
0
2
0
0
1
0
0
0
0
0
0
0
0
0
0
0
2
0
1
0
91
5
3
0
7
0
7
18
0
1
1
1
7
3
0
0
16
0
0
0
0
21
0
6
7
7
2
0
5
2
4
0
0
1
0
10
0
0
7
0
0
0
5
4
0
6
0
6
2
6
0
0
0
9
0
6
0
0
0
5
2
0
2
0
0
0
3
1
0
82
23
5
12
16
0
0
5
10
5
7
11
6
2
0
2
0
0
0
0
1
0
0
1
22
7
5
0
0
6
0
10
9
0
0
5
0
19
0
3
0
0
0
9
0
1
5
1
2
0
0
0
5
64
455
23
410
20
397
0
24
0
3
20
0
9
0
6
5
0
2
2
0
4
12
0
8
5
3
4
7
8
0
12
9
0
0
0
4
2
12
23
0
22
394
0
8
0
2
0
0
5
14
4
15
0
392
0
6
0
386
0
1
9
8
6
0
94
0
1
2
0
6
11
0
9
18
1
34
0
0
12
33
6
2
2
8
1
0
0
5
0
11
9
22
1
5
0
1
2
0
3
5
6
0
9
0
9
0
16
0
0
14
0
9
0
66
8
1
45
0
56
0
8
21
0
0
1
0
0
0
8
5
7
22
0
0
7
18
0
7
4
6
5
6
6
14
16
0
17
14
0
18
1
4
0
9
0
0
33
0
13
16
1
5
11
2
5
7
3
16
1
0
5
4
0
5
0
1
130
0
9
0
0
17
0
0
2
0
1
8
5
0
154
0
9
4
8
2
15
33
0
125
0
14
0
1
31
0
0
15
1
0
0
0
2
145
0
6
134
0
0
131
0
0
1
0
1
