0
99
0
0
0
1
0
6
1
9
5
13
2
3
0
12
0
0
1
447
423
0
0
0
7
17
25
437
6
0
6
0
21
1
10
1
73
1
6
1
2
0
6
2
2
0
0
0
17
2
54
0
49
0
0
0
0
0
0
0
5
8
417
7
0
0
0
0
10
6
4
0
5
0
27
0
0
0
27
0
0
0
0
0
20
20
8
0
0
1
5
16
0
0
0
0
0
0
0
0
0
0
0
0
0
0
0
0
0
0
0
0
0
0
2
0
0
0
0
0
0
0
49
0
0
0
0
0
0
1
0
1
1
1
0
1
0
0
0
1
1
4
0
1
0
6
0
414
1
0
2
0
0
0
0
0
0
0
0
0
0
49
0
49
1
0
0
0
0
0
0
0
27
0
0
0
1
0
0
0
0
0
0
0
5
1
0
0
0
0
0
0
0
0
0
0
0
5
5
0
0
8
7
0
385
3
0
10
11
1
2
0
0
0
0
36
0
0
0
0
0
0
0
0
0
0
0
0
0
0
0
0
10
0
407
0
394
0
0
1
0
0
0
10
0
71
482
20
0
0
0
29
0
0
0
0
0
0
422
0
20
0
49
0
517
473
394
5
0
0
0
1
29
405
1
408
3
0
0
3
29
0
0
0
9
0
0
19
0
3
0
9
6
0
125
0
0
0
0
0
1
0
1
0
39
0
0
8
19
0
19
0
0
0
0
1
0
29
0
0
14
0
0
170
23
405
0
1
20
20
161
8
4
67
0
23
9
0
2
0
23
25
111
1
0
0
20
0
0
0
0
5
3
20
0
0
0
1
6
30
8
0
5
0
13
0
0
8
0
8
0
10
0
3
0
0
1
22
1
0
2
13
391
84
14
20
10
97
0
0
7
6
12
396
0
28
3
9
2
12
68
13
7
12
30
5
6
7
5
2
118
13
0
29
2
12
7
3
386
18
5
0
31
92
28
93
0
381
152
0
12
15
15
0
7
5
8
180
0
30
4
5
13
27
6
32
49
6
106
29
0
12
0
5
89
0
0
9
5
5
40
7
9
5
22
429
15
5
241
24
1
8
20
20
1
6
6
26
0
1
10
19
0
6
3
32
10
2
6
5
22
0
5
11
29
0
21
1
1
23
0
14
0
10
123
3
6
129
8
6
386
6
18
65
15
5
13
17
36
100
7
2
5
0
6
29
0
5
20
91
16
18
30
11
1
1
183
25
2
131
5
6
7
0
74
0
12
397
9
8
3
0
1
483
85
3
29
10
1
0
0
0
0
0
0
0
0
0
9
0
20
17
0
3
0
0
0
0
0
0
0
3
