1
11
11
0
1
1
0
0
16
38
1
1
16
9
0
0
0
24
40
16
0
17
1
1
1
18
0
0
7
10
0
0
0
1
0
1
7
22
53
68
0
0
0
99
1
0
5
0
20
0
0
0
0
1
3
0
12
0
0
3
0
0
1
1
1
1
19
4
2
0
5
0
1
17
0
5
9
1
3
0
2
18
0
0
21
0
0
1
13
1
6
1
0
0
0
3
0
0
0
0
2
0
0
0
0
1
2
3
0
0
16
0
12
0
0
0
0
0
0
0
2
0
0
1
2
0
1
0
0
0
0
0
127
2
0
0
8
13
1
5
1
0
0
34
0
0
0
0
0
0
0
12
2
1
0
0
0
0
106
1
0
0
0
0
0
0
0
0
0
0
1
7
0
0
15
1
2
1
0
0
1
0
7
0
0
8
10
0
39
5
25
20
47
15
15
0
23
14
0
0
0
8
36
15
14
0
14
0
0
0
3
0
34
0
20
5
0
180
0
0
149
0
149
23
0
0
0
0
2
0
0
20
42
15
1
10
1
33
0
0
19
10
9
4
0
4
7
42
0
0
0
33
0
0
0
0
0
14
0
15
1
2
57
7
15
26
0
0
0
9
9
0
0
14
0
0
0
0
1
0
73
35
0
15
1
0
20
20
1
0
0
0
0
5
64
9
0
14
20
0
0
0
0
0
0
0
0
20
2
0
0
0
0
0
0
0
2
0
0
0
14
0
0
0
0
0
0
0
0
0
0
0
20
0
20
16
1
0
0
0
0
0
0
0
0
0
9
0
0
1
0
0
4
2
6
5
0
4
1
11
17
1
11
63
9
2
4
0
8
1
6
19
5
8
6
0
10
63
49
1
163
5
1
9
0
0
0
7
1
30
1
6
13
6
3
0
3
1
15
1
19
116
0
34
47
13
21
6
0
5
0
5
12
11
0
6
25
0
32
48
20
6
7
14
1
6
6
3
21
9
42
7
0
40
24
5
8
7
5
29
1
8
0
7
6
1
387
5
130
26
6
8
6
4
4
59
15
5
21
0
6
10
1
137
0
5
0
1
6
0
21
0
0
14
113
1
72
5
25
20
10
1
0
5
0
0
0
0
0
0
33
36
0
0
5
0
0
0
0
0
0
2
0
0
29
2
0
5
0
45
6
5
20
5
29
23
0
3
0
0
0
3
0
0
0
0
0
14
0
0
0
0
0
0
0
0
0
49
3
0
0
0
0
0
14
3
0
0
0
0
0
0
0
0
0
1
0
0
3
0
0
14
0
0
0
0
0
3
0
0
0
14
0
0
0
3
0
1
0
0
0
0
0
0
0
0
0
0
0
0
0
0
0
15
0
0
