2
18
0
11
30
0
2
0
60
11
10
0
3
33
23
17
0
11
8
0
0
442
142
8
2
23
34
11
4
85
0
0
0
2
2
20
0
21
5
29
2
26
1
26
16
4
0
0
26
15
23
1
0
0
15
1
16
5
0
6
3
0
1
2
6
0
117
26
6
2
1
541
466
536
34
11
1
67
3
12
0
0
3
2
37
9
13
1
1
0
0
0
0
2
0
33
0
35
1
23
0
0
0
0
0
0
0
0
0
0
0
0
0
0
0
20
0
0
0
3
34
20
60
34
61
3
21
0
16
18
18
6
1
14
0
1
21
0
0
3
1
0
35
0
20
12
21
23
21
100
20
33
58
463
0
43
468
53
425
0
33
0
0
0
0
0
0
0
0
0
0
0
0
0
0
0
0
0
0
0
0
0
0
0
0
2
0
0
0
0
0
0
1
0
0
0
0
0
0
0
0
0
0
0
0
0
0
0
0
0
0
0
0
0
0
2
1
6
0
0
0
0
0
0
0
0
0
0
0
0
0
0
0
0
0
0
0
445
0
0
0
0
0
0
0
0
0
0
0
0
0
0
0
2
0
0
0
0
0
0
0
0
0
0
0
0
0
0
0
0
0
0
0
0
0
0
0
0
0
447
530
454
551
0
0
2
1
0
449
64
451
3
1
3
0
0
26
479
1
446
3
4
24
0
10
446
2
0
6
12
1
0
0
12
11
22
39
10
34
27
2
2
25
0
8
6
15
21
6
16
6
0
1
38
1
0
6
0
2
1
0
32
17
29
0
1
161
148
454
1
0
12
20
6
14
0
0
0
13
20
31
21
0
392
5
6
6
1
8
0
16
0
8
5
49
0
5
6
6
16
0
0
5
7
32
116
427
15
20
91
2
64
149
12
21
13
27
136
21
5
14
12
1
102
489
5
91
23
0
177
3
36
38
53
7
10
15
17
456
37
93
13
3
0
19
165
5
