5
40
0
5
10
0
1
3
1
4
16
7
0
14
0
1
5
0
20
12
1
0
4
14
0
17
0
0
5
0
0
0
5
0
4
1
3
13
11
4
4
1
5
1
0
2
423
0
387
1
2
12
3
0
4
6
28
8
28
1
6
0
8
94
32
28
158
17
3
5
4
4
7
14
0
1
0
0
1
0
0
1
9
0
0
8
4
1
0
3
5
0
0
0
3
1
0
8
0
10
5
4
405
0
0
411
8
0
1
0
0
3
2
0
0
1
2
9
0
2
0
15
6
0
0
10
528
0
385
411
385
385
405
385
0
385
389
414
39
455
0
5
1
0
2
385
0
0
5
1
0
16
2
3
398
123
1
1
0
0
2
395
385
0
0
0
0
0
0
0
0
0
0
0
0
0
0
0
0
0
0
0
14
1
1
3
5
0
52
619
21
9
0
1
9
11
16
4
2
1
12
0
0
0
0
0
395
385
0
0
0
0
0
0
0
0
0
0
0
0
0
12
406
386
385
400
1
386
396
8
3
385
0
3
13
436
0
11
0
11
0
6
0
2
1
5
0
2
5
5
1
6
2
0
36
0
0
7
0
5
0
0
419
20
0
12
390
9
10
0
0
83
6
11
0
70
460
5
0
3
16
1
143
42
22
0
0
211
0
0
2
8
0
8
25
7
3
37
20
7
63
17
6
30
35
7
3
386
0
6
2
14
244
0
0
5
420
51
0
6
66
7
6
7
8
6
37
5
0
0
5
60
8
17
0
14
1
5
232
17
21
17
0
0
1
0
0
4
18
6
9
3
123
0
7
385
38
1
6
1
20
0
2
167
27
11
25
4
4
62
69
85
22
195
15
6
5
0
0
0
403
1
71
7
5
5
0
12
1
6
0
0
0
0
12
0
2
0
0
0
0
0
0
0
0
9
