1
82
0
0
0
23
1
26
1
259
1
0
20
1
73
0
85
2
14
1
0
0
0
90
17
20
0
0
14
40
39
0
18
2
0
0
1
56
98
52
54
0
99
0
0
0
0
0
44
0
30
10
87
0
20
0
0
0
0
39
2
0
0
0
37
0
10
0
0
0
39
0
22
0
59
0
0
10
0
20
1
24
13
1
21
0
15
5
0
0
2
0
15
75
44
0
2
6
0
0
1
12
0
24
22
0
2
21
35
21
21
0
0
13
0
0
0
1
12
20
1
0
3
0
0
0
0
0
0
0
0
0
0
0
0
0
0
0
0
0
0
16
1
2
0
0
4
4
0
22
12
21
1
0
0
1
13
3
0
13
0
0
0
0
0
0
0
0
0
0
0
15
66
1
33
19
15
5
12
12
3
0
1
8
1
0
0
0
0
0
0
0
0
0
23
1
12
0
1
1
0
8
0
0
0
6
3
1
0
12
5
47
1
2
44
0
1
1
0
0
20
0
0
73
27
4
17
93
72
0
20
0
0
0
0
0
0
0
1
0
1
0
2
0
0
5
5
0
5
0
0
0
18
0
13
0
0
3
30
0
0
0
0
21
20
11
0
1
3
0
12
0
109
0
15
4
4
26
0
4
0
24
2
11
0
1
37
0
26
66
16
3
3
10
0
0
0
5
3
5
1
6
1
0
8
418
2
128
0
50
12
265
0
0
12
88
6
6
47
0
12
6
3
6
28
1
12
10
1
12
10
7
18
31
12
6
6
0
0
3
0
8
0
12
11
17
4
6
14
23
23
0
0
22
9
0
13
5
1
15
0
10
20
1
6
132
69
1
20
0
9
31
58
12
68
19
12
72
7
5
120
427
15
23
0
12
65
18
1
40
0
51
29
5
17
34
25
5
18
29
0
12
1
0
39
0
443
85
25
0
1
11
20
0
0
0
0
1
7
5
20
14
3
414
1
1
154
33
76
1
168
1
6
12
1
21
0
5
18
36
9
19
19
0
9
10
36
16
82
0
5
6
88
2
10
95
0
2
11
10
5
1
1
9
0
113
1
6
189
2
8
6
0
0
0
0
0
0
0
0
0
0
0
0
0
0
0
0
0
0
0
0
20
1
59
45
0
0
0
3
15
10
22
10
10
6
0
0
0
0
33
0
0
76
0
0
0
55
0
5
0
0
0
5
5
1
1
20
1
0
0
0
0
0
0
1
0
0
0
6
0
0
0
0
0
0
0
0
0
0
0
0
0
0
0
0
0
0
0
0
0
9
0
0
0
0
0
0
0
0
0
0
0
0
0
0
0
0
0
0
0
0
0
0
0
0
0
0
0
31
19
14
16
0
0
0
6
18
0
0
0
0
0
9
0
0
0
0
0
0
0
0
0
0
0
0
0
0
0
0
0
0
0
0
0
0
30
0
0
9
0
0
0
20
0
0
20
20
20
79
2
0
29
0
0
0
1
0
