4
11
12
0
5
13
44
0
170
0
1
4
2
18
3
88
13
4
2
17
4
20
1
1
12
14
0
4
1
1
1
0
11
2
0
14
0
0
0
0
6
0
0
6
0
14
0
16
0
0
1
1
0
11
13
30
30
10
33
35
0
396
23
33
24
12
11
0
18
9
21
508
20
10
9
402
10
6
12
0
22
20
19
15
13
18
0
11
0
5
5
23
0
0
0
0
57
85
5
14
15
0
10
3
30
388
11
10
0
22
8
0
30
18
17
5
0
10
1
0
0
11
0
0
76
0
13
1
385
0
0
10
4
10
14
9
11
1
6
12
17
6
0
11
0
3
0
12
1
0
0
5
389
0
385
21
0
0
0
0
0
0
0
0
11
0
11
0
0
10
0
0
0
10
0
0
14
11
7
0
1
0
0
415
1
398
16
3
396
2
10
3
1
386
401
21
20
387
13
385
2
386
400
20
13
385
18
0
0
0
6
0
0
0
0
0
1
0
0
0
0
0
0
0
0
0
0
83
30
0
389
2
0
0
24
0
10
3
13
3
11
13
0
0
15
0
0
1
12
28
0
12
6
0
1
0
385
1
407
13
12
1
14
0
11
12
44
1
0
0
11
12
0
3
15
37
19
5
13
3
30
3
4
6
1
0
5
0
0
0
0
77
0
0
17
5
1
7
27
5
15
1
6
1
5
430
7
5
0
10
16
0
76
76
64
455
23
83
15
9
14
17
5
0
0
0
0
76
76
76
0
13
10
417
10
39
14
21
14
12
0
6
11
21
90
88
117
98
21
9
8
11
113
29
11
6
0
0
7
2
6
0
9
0
0
2
7
0
0
6
11
7
10
15
9
6
6
16
11
0
2
8
388
5
0
0
0
4
395
6
6
0
0
0
0
10
5
82
0
10
96
0
10
5
4
12
0
86
9
5
6
16
6
9
22
5
2
9
7
10
6
19
0
1
4
7
83
4
6
6
0
25
0
9
93
10
5
5
10
54
18
5
14
3
6
20
5
0
19
7
18
4
5
12
20
11
8
11
0
0
0
0
0
0
10
0
0
10
0
0
10
0
0
10
0
0
10
