10
0
0
7
0
0
5
0
6
0
8
2
10
5
15
0
1
14
0
20
30
144
5
5
1
0
0
0
3
0
5
3
0
0
22
1
18
21
0
2
0
13
0
10
5
0
5
5
9
5
0
7
0
0
0
0
5
0
0
0
0
0
0
0
0
0
0
0
0
6
5
0
0
3
5
0
1
2
0
0
20
0
10
20
7
5
0
0
5
3
0
0
0
0
5
0
5
0
0
0
5
0
0
3
0
1
0
0
0
0
0
0
0
0
0
3
0
0
0
0
0
0
20
0
0
0
0
0
0
2
0
1
0
0
0
0
0
0
0
0
0
0
0
0
0
0
0
0
0
5
0
0
5
0
10
0
6
0
1
0
0
6
0
0
0
0
0
0
0
0
0
0
0
0
0
0
0
0
0
0
0
0
0
0
0
0
0
0
0
0
0
0
0
0
0
0
0
0
0
0
0
0
6
3
1
6
6
0
7
10
0
5
0
0
0
0
8
0
8
5
0
0
0
1
0
0
0
0
2
2
0
0
0
0
0
0
0
0
0
0
0
0
0
7
0
0
0
0
0
20
10
0
0
0
0
0
0
0
0
0
0
5
0
0
0
0
0
0
0
0
0
0
0
0
0
20
1
0
20
0
0
0
3
0
0
0
0
0
25
0
1
0
1
0
1
0
0
0
0
0
0
0
0
0
0
0
0
0
0
0
0
0
0
0
0
0
0
0
0
0
0
0
0
0
0
0
0
0
0
0
0
0
0
0
0
0
0
0
0
0
0
0
0
0
0
0
0
0
1
0
0
0
0
0
5
0
0
0
0
0
0
0
0
0
0
0
0
0
0
0
5
5
0
1
0
0
0
0
0
0
0
0
0
0
0
0
0
1
10
0
0
0
0
0
0
0
0
1
9
0
0
0
0
1
0
0
0
0
0
0
0
0
0
0
0
0
0
0
0
0
0
0
0
0
0
0
0
0
0
0
0
0
1
0
1
0
1
3
0
5
5
24
0
6
0
11
0
0
0
0
0
0
0
0
0
0
0
0
0
0
0
0
0
0
0
0
0
0
0
0
0
0
0
0
0
0
0
0
0
0
0
1
0
1
5
5
5
0
0
0
3
1
3
1
6
0
0
0
49
9
392
0
1
0
2
1
26
5
35
0
5
1
15
3
5
24
0
14
0
8
1
10
47
594
0
2
735
22
0
129
1
20
0
18
15
6
398
5
0
124
0
122
9
19
5
0
0
0
0
0
18
0
0
0
0
0
0
0
5
0
0
0
1
0
0
0
0
0
0
2
0
0
5
3
0
0
0
0
0
0
0
0
0
0
0
0
0
0
0
15
0
0
0
0
0
0
0
0
0
0
0
0
0
0
1
0
2
0
0
5
0
0
0
0
0
0
20
0
5
0
0
0
0
0
5
0
0
0
20
0
0
0
0
0
