15
407
0
16
0
0
1
1
16
25
6
0
50
5
53
3
46
0
0
0
0
1
1
405
2
18
0
4
14
5
1
0
1
0
1
15
6
394
80
0
0
56
112
1
17
36
17
11
27
3
0
0
0
0
0
5
2
5
0
2
6
0
83
34
34
36
0
0
0
48
1
16
16
7
23
8
48
0
22
15
0
16
15
20
0
3
10
21
0
20
39
0
0
15
0
33
0
33
0
0
0
8
1
0
36
33
2
33
21
2
39
0
0
26
0
0
0
5
9
0
1
34
0
0
21
0
0
0
0
0
0
0
0
0
0
0
0
0
0
0
0
25
0
5
20
30
16
15
8
0
0
0
5
3
9
0
0
0
6
3
0
0
16
0
0
12
12
0
4
0
0
0
0
0
0
0
6
0
0
0
6
56
0
3
10
10
0
14
1
0
40
10
7
10
0
0
10
10
10
0
0
5
0
34
6
0
2
6
0
0
1
15
16
0
0
0
0
1
0
0
0
0
0
1
5
15
0
11
0
1
32
15
43
1
1
1
59
16
0
15
3
0
0
1
0
26
22
2
0
0
0
15
1
1
2
5
0
0
1
15
15
0
0
10
16
200
5
30
18
3
0
15
14
96
419
0
20
38
16
16
20
33
0
20
0
16
0
41
18
15
9
15
398
60
22
23
26
21
0
14
0
127
23
22
11
15
15
415
0
18
26
0
69
4
0
21
5
17
33
20
13
19
35
0
5
14
8
12
15
1
5
15
16
410
385
21
104
20
3
5
1
17
18
21
330
15
168
15
0
50
6
0
153
15
50
3
14
0
0
40
5
34
0
0
43
11
21
85
20
197
0
5
16
43
16
35
25
40
15
26
19
26
39
15
15
23
16
21
16
6
5
5
11
18
10
12
0
5
28
21
23
16
9
18
25
18
11
0
15
13
0
5
0
50
14
6
15
7
5
15
15
85
18
8
1
13
0
101
70
9
3
2
60
54
119
132
20
25
15
12
20
12
19
11
0
0
3
11
17
42
85
2
9
24
17
18
5
140
0
6
21
15
52
1
32
1
0
0
0
0
0
36
0
1
15
18
1
2
20
6
10
5
91
0
0
