0
0
0
0
7
0
1
5
0
0
0
0
45
49
468
0
0
0
0
15
60
0
2
0
0
84
38
0
22
0
5
50
468
78
0
0
0
22
2
0
0
12
0
2
0
8
0
0
2
0
3
5
0
0
0
3
46
0
0
0
0
1
0
0
0
2
5
10
0
10
64
7
6
0
0
0
0
2
0
0
1
109
0
0
1
0
0
0
1
0
0
0
72
3
1
21
0
0
61
508
63
54
6
61
478
425
0
434
25
1
3
8
9
84
447
51
0
0
0
5
11
5
6
2
0
7
15
0
0
0
5
1
5
20
27
1
0
36
0
0
0
1
3
0
0
0
6
7
10
0
0
19
1
55
56
45
45
46
0
62
50
39
44
0
49
50
7
39
47
39
5
39
39
5
385
5
42
5
39
49
0
39
20
0
44
0
39
385
385
496
6
431
456
489
386
463
452
5
416
426
385
0
0
0
5
385
2
1
463
1
9
436
0
20
425
51
0
22
0
0
2
386
18
0
436
385
0
385
385
385
51
0
1
0
45
39
21
0
29
5
454
385
385
0
0
8
5
1
6
0
11
65
4
414
15
1
5
0
39
45
4
5
6
3
6
65
455
19
1
6
0
10
0
9
5
1
6
1
5
3
16
1
3
4
2
0
6
0
11
49
10
15
385
3
0
0
386
5
114
426
2
0
0
5
0
0
9
12
0
5
3
0
1
2
20
5
0
12
0
17
1
6
1
0
7
39
5
2
2
9
4
14
0
2
21
0
0
0
0
132
0
2
59
15
0
30
0
69
69
130
6
5
