0
86
0
6
5
21
20
0
0
6
0
0
5
12
12
10
156
26
25
42
5
0
4
0
20
6
78
86
84
0
0
0
0
20
2
0
87
5
31
5
84
105
83
5
20
2
0
99
241
0
0
35
0
0
0
0
0
0
25
0
0
0
0
6
5
0
0
0
0
0
0
0
0
0
0
0
0
0
0
0
0
0
0
0
10
0
0
0
0
0
5
20
0
0
0
0
1
0
0
0
2
6
76
12
27
0
0
0
0
0
57
0
6
19
2
137
1
0
512
0
74
20
0
0
0
0
0
17
0
0
0
0
0
15
0
0
0
0
0
0
0
1
0
0
0
0
0
0
0
0
0
0
0
0
0
1
0
30
0
0
0
6
0
0
0
0
0
0
0
1
0
0
0
0
5
0
0
0
0
0
3
0
0
18
477
4
29
0
2
20
0
12
1
0
5
9
0
0
2
2
0
0
12
14
445
56
479
550
0
5
75
20
20
5
0
59
425
425
0
425
425
0
0
0
21
0
25
494
23
2
7
11
0
0
2
9
0
0
0
0
24
0
66
69
0
15
0
5
0
16
5
59
59
60
1
0
0
15
1
0
71
8
20
0
0
0
0
430
1
1
5
10
0
445
433
0
0
4
0
2
6
1
17
20
0
0
123
0
7
6
58
455
32
5
10
9
5
0
5
7
0
5
14
14
10
36
3
0
27
4
22
5
120
426
29
9
11
10
41
6
2
47
136
0
11
167
0
2
157
68
22
0
19
0
21
0
0
24
0
2
33
10
1
2
130
0
125
15
44
7
83
3
1
