2
340
0
0
0
45
1
3
52
0
5
8
0
439
0
0
5
22
0
9
5
6
0
2
11
17
75
0
50
40
1
2
0
4
6
1
1
2
88
50
0
0
0
117
21
0
162
117
141
6
137
0
45
46
50
0
0
0
49
49
0
0
0
13
0
0
24
28
40
0
0
4
0
0
15
0
0
0
0
0
0
0
0
0
0
0
0
0
0
0
0
0
0
0
0
0
0
0
49
49
0
0
12
0
0
0
39
0
0
0
0
0
0
0
0
0
0
0
0
0
0
0
0
0
0
0
0
0
57
0
0
0
0
39
0
0
5
1
10
177
4
0
0
56
0
4
0
0
0
49
30
3
0
0
0
0
0
0
2
6
0
0
0
0
0
5
1
0
0
10
0
4
1
1
0
1
0
0
0
0
0
0
0
0
0
6
0
0
5
90
0
0
1
1
0
12
0
0
4
0
5
0
15
10
2
0
22
1
10
12
217
108
82
0
0
30
10
0
0
0
0
0
0
0
0
0
0
0
0
0
0
0
0
0
33
2
64
30
57
50
110
27
5
30
0
581
515
22
30
129
514
514
99
514
514
514
0
0
0
0
514
0
0
0
0
0
71
1
251
0
13
0
26
13
127
0
14
0
0
0
0
0
0
0
0
0
0
0
0
14
0
0
5
0
18
0
38
49
366
24
32
5
39
44
1
26
0
0
89
40
15
14
1
2
0
15
0
45
62
0
276
0
0
12
0
63
385
0
0
0
0
0
0
0
0
0
0
0
0
0
0
0
0
385
0
0
0
0
14
0
1
30
0
0
724
385
1
385
74
2
0
31
429
386
61
129
155
475
425
430
424
385
2
108
0
76
0
0
4
0
21
0
12
10
13
14
1
11
13
12
4
56
150
1
41
73
9
70
449
64
455
23
135
41
134
387
17
15
130
39
1
3
21
1
12
10
0
39
6
0
5
12
0
1
48
31
26
27
223
53
6
97
16
18
7
0
4
9
9
15
0
5
26
5
11
39
13
11
0
0
45
3
79
5
7
33
11
410
2
44
0
56
0
12
21
299
41
28
351
127
6
0
15
4
0
57
50
0
20
78
33
0
13
412
20
28
44
31
9
2
48
6
11
6
35
29
1
102
4
12
1
206
54
0
22
101
11
6
122
0
52
0
3
0
22
0
5
0
6
2
0
13
13
0
0
0
4
13
0
0
55
44
25
2
0
33
0
2
5
0
416
2
0
0
0
144
144
504
385
0
14
3
1
20
0
0
0
76
0
0
0
0
0
0
0
0
0
0
0
0
0
13
0
0
0
0
0
0
0
0
0
2
1
0
0
0
0
0
13
0
0
0
0
0
0
0
2
0
0
0
13
0
0
0
0
0
36
14
0
34
13
468
0
416
4
5
2
1
61
5
429
39
5
46
0
15
