1
26
0
7
17
11
7
0
6
16
11
5
0
11
34
0
0
7
0
0
0
49
31
23
84
16
37
4
5
77
11
19
0
458
0
34
491
1
407
410
503
431
519
5
15
6
401
1
38
10
2
8
0
1
40
0
0
0
0
0
0
0
0
0
0
0
0
0
0
1
26
6
511
0
5
8
0
0
0
0
5
0
0
0
0
0
0
0
12
1
0
0
0
0
0
0
0
0
1
0
0
0
0
0
67
10
10
0
5
0
388
1
3
0
0
6
1
27
0
11
9
0
0
0
0
5
10
65
64
0
4
43
22
0
386
1
12
432
34
5
0
18
0
142
0
12
0
5
0
0
0
0
0
0
10
30
10
39
14
4
11
10
11
64
1
1
122
0
16
26
2
38
0
87
27
0
20
0
0
0
0
0
82
37
43
0
10
0
0
0
3
0
0
0
0
0
0
15
0
0
434
0
0
434
0
0
0
0
0
0
0
0
0
0
0
0
0
0
0
0
0
0
0
0
0
0
0
0
0
0
1
407
20
487
0
64
451
13
468
1
3
72
404
0
0
424
389
1
0
415
415
5
0
0
1
0
14
3
0
0
0
0
0
0
3
0
0
0
0
0
0
0
0
0
0
0
0
0
0
0
0
0
0
0
0
0
0
0
453
0
2
5
415
0
0
0
0
0
0
458
424
28
27
0
87
385
415
415
12
17
387
386
400
3
0
0
0
0
1
0
14
3
0
0
0
0
0
3
385
0
0
0
0
0
0
0
0
0
21
0
10
0
10
0
10
385
0
0
0
0
0
0
0
0
440
387
385
6
0
0
408
26
27
0
0
31
82
26
6
19
34
21
1
404
0
0
1
0
0
14
3
0
0
0
0
0
0
0
0
0
0
0
26
404
404
0
0
0
0
20
5
0
385
0
0
0
0
0
0
0
0
385
0
0
0
0
0
0
444
388
5
0
6
6
0
395
390
397
2
6
391
1
5
3
26
26
2
10
1
149
8
9
7
73
7
160
21
7
78
0
34
6
7
11
45
23
1
183
404
63
64
455
26
1
7
0
6
95
387
31
118
410
2
114
426
1
0
0
81
43
13
34
10
44
6
96
0
20
2
44
7
52
6
0
411
5
95
6
0
0
6
13
1
7
6
147
6
212
392
11
10
19
0
0
0
0
0
48
11
36
8
0
0
0
9
18
0
0
0
0
0
0
0
0
0
0
0
0
0
2
0
1
15
2
0
14
11
20
0
74
19
0
19
10
0
0
