29
11
0
14
6
6
29
29
0
6
21
9
0
1
15
5
3
7
5
4
34
7
6
2
0
18
0
0
14
1
6
0
2
1
0
0
0
1
0
17
5
17
13
4
9
0
5
0
5
0
15
1
0
9
1
1
102
170
1
8
4
2
95
6
1
14
8
0
0
3
10
0
0
10
0
3
0
10
0
10
0
0
0
0
0
0
0
0
10
0
0
0
0
0
0
0
3
0
5
5
5
0
9
0
20
5
0
0
19
20
0
46
0
10
0
5
59
5
10
10
11
0
0
0
0
28
1
1
0
0
0
0
0
0
6
0
0
0
65
0
0
0
5
20
10
1
0
0
23
21
0
0
36
0
1
20
0
6
16
0
2
0
0
0
81
0
0
0
3
0
23
29
65
6
0
0
1
6
0
2
1
1
3
1
23
3
0
0
7
6
3
0
0
26
1
0
28
12
0
10
9
0
8
0
6
0
0
3
0
13
20
0
0
0
3
0
7
0
12
0
5
1
0
20
25
15
15
0
0
81
12
8
29
6
0
0
1
0
11
1
0
6
0
5
0
6
0
26
6
0
0
0
0
3
5
0
3
5
8
6
9
0
5
16
3
7
1
5
2
6
16
6
15
6
513
0
425
2
6
0
2
0
9
0
7
10
4
1
12
14
15
10
6
12
5
17
1
2
0
0
26
6
4
0
5
6
0
1
0
0
0
11
15
6
10
14
0
5
20
0
0
10
0
8
0
6
10
9
24
11
21
33
0
0
5
9
26
17
28
13
15
29
14
10
6
0
0
65
0
0
12
0
65
8
0
12
79
1
7
4
4
8
6
1
5
6
0
0
0
5
20
31
9
0
5
11
6
0
5
1
0
20
25
0
3
60
72
0
17
1
17
2
0
72
63
0
17
1
0
0
17
1
17
2
0
32
2
0
112
75
0
11
0
11
0
0
0
5
0
0
0
30
0
0
0
1
0
0
0
0
0
8
1
6
