0
1
7
11
0
3
11
0
1
1
0
0
5
0
65
0
0
3
0
21
5
162
168
4
0
5
6
91
127
0
15
0
0
1
534
5
23
2
10
8
1
0
56
4
102
12
12
6
3
0
3
4
13
1
0
0
0
0
1
0
0
0
1
0
1
0
0
1
0
12
1
0
5
0
5
0
0
0
14
14
0
0
0
128
23
131
79
21
0
49
0
0
0
13
5
0
4
0
0
3
0
0
0
11
0
0
0
0
0
0
0
23
0
0
6
3
3
1
65
14
12
3
16
0
0
15
0
14
59
13
0
0
19
14
1
49
0
0
24
3
5
0
0
24
78
0
0
14
1
0
4
16
0
0
0
0
0
3
6
0
0
0
79
23
5
82
11
77
14
36
0
0
4
1
98
14
8
17
14
1
0
31
0
0
77
11
129
17
0
75
5
3
63
1
15
0
0
77
3
77
88
85
15
79
0
1
65
0
0
5
0
0
0
1
0
15
2
1
0
0
0
0
14
0
1
5
0
13
5
6
0
2
42
1
0
0
11
4
15
11
8
3
15
0
42
396
12
47
73
9
70
455
23
24
6
17
11
0
11
385
0
3
0
18
4
6
46
2
5
47
16
26
0
1
6
394
14
6
6
6
1
10
6
6
2
64
17
11
75
39
15
28
7
73
7
12
1
0
11
21
1
33
7
13
8
0
42
0
0
1
2
3
21
399
1
10
0
7
24
7
23
47
6
5
7
5
37
18
0
66
7
0
385
14
236
0
0
18
12
1
31
9
30
0
4
0
30
0
4
140
6
6
9
34
0
0
0
0
9
9
14
0
30
0
69
10
33
0
12
10
9
1
5
5
0
5
3
0
17
24
6
10
24
3
0
49
55
49
62
49
14
13
14
0
126
0
0
6
50
0
0
0
0
0
0
0
0
14
0
83
0
82
78
