160
0
0
7
3
52
0
0
3
4
49
41
6
54
5
50
3
119
95
83
4
9
5
1
52
49
54
10
1
91
4
0
0
49
54
20
0
0
0
31
10
10
0
0
0
0
0
1
0
0
8
0
1
0
1
0
0
1
6
0
36
0
5
16
5
49
444
87
10
134
5
0
0
0
0
11
0
16
59
10
0
27
0
0
0
0
156
2
117
54
54
0
1
5
2
0
5
147
0
0
49
0
0
27
0
0
0
0
0
0
0
0
0
0
0
0
0
0
0
0
2
0
49
0
5
14
0
50
1
5
55
0
0
27
0
0
0
0
0
0
0
0
0
0
0
0
0
49
5
62
1
2
21
0
25
22
0
0
1
4
0
10
0
24
5
36
0
0
0
0
0
0
0
0
0
0
35
0
1
1
0
0
0
0
0
0
0
1
1
0
74
61
20
14
34
2
1
117
454
19
137
14
25
85
72
24
57
0
0
0
0
0
0
217
385
242
86
0
0
0
0
0
0
13
449
5
5
59
137
3
0
0
0
0
0
0
0
0
0
0
0
0
0
0
0
0
385
385
0
0
0
0
0
0
0
122
2
68
0
0
0
0
0
26
20
0
0
9
1
1
4
0
12
0
0
0
411
385
0
0
0
80
24
389
13
3
20
0
0
0
20
0
0
0
3
0
2
25
19
0
49
1
81
20
219
20
126
52
99
22
15
130
137
82
81
4
23
0
52
50
50
3
0
20
85
0
22
2
20
11
19
15
0
1
14
15
0
26
5
131
0
8
80
0
4
193
0
31
83
5
119
0
0
12
89
69
8
97
0
4
112
7
13
45
3
14
6
13
70
455
23
43
15
93
5
5
3
0
0
0
169
20
14
18
0
1
8
1
13
25
20
7
0
3
21
21
1
12
22
0
77
117
1
33
13
6
18
25
124
6
7
11
3
18
16
2
50
6
1
28
21
16
26
5
128
0
161
2
18
3
31
9
126
0
5
12
131
0
203
0
29
12
320
0
0
3
150
0
21
10
118
5
7
159
1
6
39
5
161
2
126
0
9
144
73
132
0
97
0
13
97
0
20
21
191
2
245
0
1
5
11
23
121
0
2
5
0
5
6
0
0
1
11
118
41
0
133
27
117
0
5
2
0
22
21
26
96
53
0
0
0
0
85
64
0
61
0
0
0
27
6
11
0
0
0
2
0
0
25
27
0
0
0
0
0
0
1
1
0
0
0
1
0
43
3
0
2
1
0
0
1
3
7
2
2
0
0
0
0
0
0
0
0
0
0
25
31
1
20
1
27
21
