1
0
1
0
0
0
4
16
3
0
0
3
20
0
49
3
0
19
21
0
29
8
3
8
0
414
0
17
3
19
20
27
0
0
15
15
46
21
17
1
26
12
0
65
9
3
3
5
8
48
0
132
13
4
15
24
18
0
402
15
20
15
25
8
2
2
1
28
31
68
10
400
14
17
0
0
0
0
49
22
15
0
0
21
23
0
6
0
15
15
19
0
0
0
0
0
0
0
0
0
0
0
0
0
0
0
1
0
0
15
0
0
0
0
0
49
3
0
3
3
0
0
0
0
3
3
0
0
49
0
5
0
50
49
49
0
5
0
0
11
3
15
16
0
0
0
0
0
0
0
0
0
0
0
0
0
0
0
0
0
20
0
0
0
0
2
0
0
0
0
0
0
0
0
0
0
15
0
10
27
0
0
0
57
49
0
0
1
0
18
3
18
0
7
19
49
0
0
0
0
0
0
0
3
6
1
0
0
164
0
0
5
1
0
23
23
0
0
0
2
0
1
5
20
27
135
35
0
38
0
0
0
0
0
18
0
0
0
0
0
0
0
0
0
0
0
0
0
0
0
0
0
59
15
0
0
1
0
394
1
391
3
10
2
0
1
0
10
0
20
23
98
3
0
74
38
5
59
41
59
391
43
53
38
0
0
0
0
0
3
8
1
0
0
0
0
19
31
393
7
0
20
0
15
0
24
6
43
0
18
6
18
0
0
0
3
0
0
0
15
0
0
0
0
5
0
0
15
0
0
10
5
0
0
391
11
16
0
0
38
0
16
0
0
14
45
1
40
10
0
0
15
4
0
29
15
388
0
0
0
15
6
0
3
32
18
0
0
8
3
28
3
38
0
15
3
4
0
0
0
15
16
3
0
22
23
25
1
22
24
9
37
59
6
19
1
0
1
31
9
122
19
11
0
12
11
19
8
1
0
0
31
15
16
2
130
15
12
1
51
5
1
0
15
28
5
19
2
9
15
0
5
1
0
165
1
1
15
4
1
1
0
3
0
0
0
0
0
1
1
6
4
0
4
4
10
3
0
1
38
147
98
1
422
0
6
27
3
0
0
44
