42
114
0
9
15
15
39
11
13
16
0
16
0
29
0
117
83
29
0
0
6
15
16
0
25
28
2
0
0
9
0
118
0
31
0
418
0
420
385
22
25
21
25
0
15
0
11
10
16
3
0
11
27
36
0
0
156
209
200
1
22
25
0
0
61
0
121
1
0
0
0
385
4
5
395
1
25
0
1
20
1
15
1
0
0
0
16
21
0
31
0
0
14
1
0
122
10
5
32
129
4
1
15
37
0
36
54
11
1
16
0
17
1
390
1
27
17
10
0
10
1
10
1
12
5
0
0
0
0
27
24
10
0
10
1
0
0
0
0
15
11
12
12
3
10
23
0
10
28
30
2
21
0
0
40
1
0
16
15
0
0
6
61
54
61
0
0
0
80
0
11
0
11
0
0
0
0
0
0
0
0
5
3
0
0
0
0
4
1
2
0
18
124
22
0
2
0
20
0
428
33
0
0
506
0
0
14
135
25
0
4
62
19
17
1
31
0
20
20
7
120
127
20
449
423
404
0
80
15
391
33
52
59
120
13
56
0
16
46
20
8
386
402
461
0
13
10
2
0
23
411
1
28
15
535
0
0
1
0
0
0
0
33
18
28
153
0
36
23
64
28
6
0
0
12
5
1
0
0
7
0
0
386
0
19
29
0
33
12
0
0
17
405
38
0
28
29
27
61
39
1
28
59
21
11
2
0
1
1
2
61
0
0
0
28
10
0
0
0
0
0
0
0
7
1
0
16
47
19
0
470
0
0
9
17
20
15
0
11
15
91
1
114
15
114
0
9
1
120
0
21
64
455
15
3
11
13
85
83
13
13
8
21
9
1
0
10
3
10
9
117
1
66
39
125
1
152
37
57
11
25
46
18
16
151
13
43
2
12
7
134
1
134
0
26
134
0
15
142
20
143
9
124
0
11
46
14
20
10
411
21
20
11
49
88
11
36
0
1
55
0
0
0
8
415
0
0
0
0
0
0
0
0
0
0
0
0
0
0
0
0
505
0
0
18
0
28
0
20
0
0
0
475
26
10
0
6
0
20
0
0
79
46
9
0
0
0
0
0
0
0
0
0
0
0
0
0
77
