22
121
0
25
2
0
6
0
51
15
57
12
164
126
6
43
21
0
0
3
3
11
2
22
48
99
7
119
141
1
0
55
6
0
0
69
3
48
51
23
143
0
99
1
19
9
0
8
0
0
0
0
0
15
13
6
74
105
3
7
0
0
0
0
0
0
0
5
8
0
25
0
21
20
26
0
0
0
0
0
0
0
0
0
0
6
1
12
2
7
7
0
0
0
2
1
15
0
0
0
2
0
0
0
0
14
7
2
22
0
155
124
67
0
12
0
83
0
0
20
0
0
0
0
0
0
0
0
0
0
0
0
0
0
20
0
0
0
0
0
89
26
42
83
0
34
0
1
1
0
66
59
52
0
29
92
126
0
119
0
20
0
1
10
1
8
100
0
64
18
0
0
0
0
1
83
63
0
0
0
53
0
0
33
42
0
86
0
8
26
62
29
6
22
52
7
6
15
0
0
0
0
37
30
110
127
5
1
0
3
59
0
0
0
20
134
135
17
16
4
0
0
1
0
6
0
4
0
0
0
0
0
0
0
0
0
2
0
1
10
1
0
0
0
0
0
0
0
0
1
33
0
0
0
0
0
20
33
0
0
0
0
0
0
0
3
0
33
0
0
0
0
33
0
0
0
0
0
133
59
75
0
20
0
0
0
0
0
20
0
0
0
51
31
0
0
5
22
2
0
22
20
3
0
0
2
20
33
0
0
0
0
2
87
1
21
1
33
1
36
0
83
0
1
74
4
5
7
24
19
110
26
6
11
18
69
7
18
151
21
13
17
5
6
16
21
10
31
7
39
15
101
26
35
6
11
15
6
17
63
179
30
1
32
25
7
5
68
1
248
58
7
6
10
24
1
6
3
15
37
20
17
28
7
87
24
12
105
23
4
63
1
79
6
15
30
9
121
15
5
134
15
64
14
296
21
23
4
281
17
89
1
21
122
21
12
11
1
6
0
0
0
0
0
0
0
0
0
1
0
0
0
0
0
0
0
0
0
0
2
1
26
20
0
20
0
0
64
0
0
51
185
83
0
83
0
0
0
0
0
0
0
0
0
0
0
0
0
0
0
0
0
0
0
0
0
0
0
0
0
0
0
0
0
0
0
0
2
0
1
0
0
0
0
0
0
0
0
0
0
0
0
0
0
0
0
0
0
0
0
0
0
0
0
0
0
0
0
0
0
0
0
0
0
0
0
0
0
0
0
0
0
0
0
0
0
0
2
0
45
1
1
0
0
0
0
0
0
15
0
8
19
27
0
0
0
0
0
20
0
0
0
20
0
0
0
0
4
0
20
0
0
0
10
20
0
76
0
20
0
0
0
20
0
0
0
0
0
27
0
0
0
0
0
0
20
0
20
0
0
0
0
0
