2
133
0
1
2
3
11
64
179
1
1
1
0
12
195
1
17
40
50
0
0
6
1
0
23
45
4
27
0
0
388
424
2
1
4
1
47
21
0
5
1
83
0
184
1
0
4
112
53
0
1
0
0
186
1
4
0
65
117
0
0
1
0
312
1
2
32
0
385
5
1
21
0
179
0
1
0
180
1
4
548
63
0
186
120
178
0
0
0
0
0
4
4
0
1
0
0
5
4
5
10
6
31
24
0
2
5
1
8
5
8
0
7
9
0
0
0
0
0
0
0
0
0
0
7
0
0
0
0
68
0
0
0
0
0
0
8
0
1
0
0
1
1
0
7
0
0
0
0
0
0
0
0
0
11
0
0
63
0
28
0
0
5
0
0
0
0
0
0
0
0
0
0
0
0
1
2
0
0
0
0
0
0
0
0
0
0
0
1
1
1
0
0
1
7
0
2
179
0
0
0
0
0
0
1
0
0
0
0
0
0
0
1
0
0
0
184
1
0
0
2
1
1
5
0
0
0
1
2
4
0
0
1
2
16
0
0
0
0
0
0
11
20
20
411
424
0
426
0
0
453
385
0
0
385
385
389
0
20
0
400
1
0
1
0
0
0
1
0
0
0
0
0
0
0
0
0
0
1
0
0
0
1
0
0
0
117
0
17
0
0
0
52
0
63
385
0
1
2
32
1
7
412
413
11
20
23
4
0
400
19
0
4
401
116
118
2
24
2
0
0
37
0
15
3
0
9
15
0
15
0
7
10
0
0
0
1
5
0
26
0
5
6
1
0
0
0
47
1
0
0
6
6
1
2
0
21
0
1
0
2
0
256
385
10
153
0
1
4
0
7
1
2
0
2
8
15
6
82
0
64
455
28
6
1
0
15
6
12
0
6
9
0
6
1
34
2
12
415
1
2
116
0
124
0
136
5
6
39
0
6
25
0
4
385
36
385
10
8
1
49
3
0
33
18
1
34
15
14
3
6
0
0
0
6
0
1
0
9
0
6
5
1
46
23
1
0
45
7
6
390
10
12
11
6
393
0
12
3
5
1
0
0
1
2
12
131
5
1
1
0
0
2
5
0
26
7
0
21
0
1
1
128
2
117
6
0
64
10
11
50
12
1
0
0
124
385
149
0
5
103
404
132
8
139
9
0
2
1
139
21
0
0
6
0
13
0
0
1
2
1
2
0
0
0
0
0
0
0
0
0
64
0
0
0
0
0
0
0
0
0
0
6
4
0
0
0
0
0
0
6
34
20
0
0
2
1
0
0
0
1
13
0
1
7
1
1
2
0
0
0
1
474
398
3
492
394
496
5
4
4
388
0
387
35
385
0
0
0
0
3
30
10
0
0
0
1
6
0
0
5
2
8
21
1
1
0
0
0
12
13
31
1
40
20
94
7
6
0
28
2
5
9
12
