2
13
10
0
1
2
2
0
0
22
32
2
2
0
0
0
11
0
0
4
0
4
0
0
0
0
0
0
4
0
0
0
12
12
2
2
2
3
1
2
1
22
31
34
2
17
22
2
0
0
1
32
21
21
0
0
0
0
1
0
28
16
0
78
5
35
11
18
13
0
0
0
0
0
0
0
0
0
10
0
30
0
0
0
0
0
0
0
0
0
0
0
0
0
0
10
0
1
0
16
16
0
0
0
6
16
0
0
0
0
0
0
0
0
0
0
0
0
0
0
0
0
0
0
0
0
0
0
0
0
0
0
0
0
0
0
0
0
0
0
0
0
0
0
0
0
0
0
0
0
0
0
0
0
0
0
0
0
0
0
0
0
0
0
0
0
0
0
0
0
0
0
0
0
0
0
0
0
0
0
0
0
0
0
0
0
0
0
0
0
0
0
0
0
0
0
0
0
0
0
0
0
0
0
0
0
0
0
0
0
0
0
0
0
0
0
0
0
0
0
9
10
0
0
0
0
0
0
0
0
0
0
0
22
0
2
0
0
0
0
0
0
0
0
0
0
0
0
0
0
0
2
0
0
0
0
0
0
0
2
0
2
0
11
0
0
0
0
0
0
0
2
1
0
1
0
0
0
19
2
0
0
21
0
0
1
1
16
0
0
1
0
0
0
0
0
1
0
93
0
53
0
0
0
0
0
0
59
0
62
62
12
1
0
22
0
0
0
0
0
0
0
8
0
5
12
6
20
3
0
0
0
0
0
6
16
16
6
0
6
0
10
0
0
6
0
0
0
0
0
6
1
0
0
20
17
0
20
4
0
0
4
0
0
0
0
0
0
0
0
0
0
0
0
0
0
0
0
0
0
0
0
0
0
0
0
0
0
0
0
0
0
0
0
0
0
0
0
0
0
0
0
0
0
0
0
6
0
0
0
0
0
0
0
0
6
0
0
0
1
0
0
0
0
0
0
0
0
0
0
6
0
0
0
1
0
0
0
10
87
21
20
22
22
12
0
0
8
0
0
4
22
33
1
0
1
5
0
2
0
0
4
1
0
0
0
2
7
0
0
33
63
9
0
0
0
3
2
0
2
0
0
0
1
0
0
0
1
0
0
14
0
1
0
1
11
0
20
5
0
0
21
0
30
0
0
28
0
51
21
12
0
0
2
11
0
1
0
0
0
30
0
17
0
1
0
1
6
0
17
0
0
0
4
0
1
