5
125
0
64
3
0
0
5
0
0
2
39
26
0
0
42
0
10
0
40
0
0
8
0
134
0
0
17
0
6
0
0
1
5
0
0
5
0
4
0
117
9
0
0
0
3
0
20
20
21
20
21
7
35
2
14
3
6
0
0
0
0
15
0
0
0
0
0
0
0
25
0
30
1
23
137
122
15
0
148
5
1
8
5
0
0
0
6
6
5
1
8
0
0
152
5
10
5
0
0
0
33
0
0
21
0
5
0
0
15
6
0
5
0
2
0
25
0
0
0
0
15
0
30
0
0
0
0
0
0
0
0
0
0
0
0
0
0
0
0
0
0
0
0
0
0
0
0
0
0
0
0
0
0
0
0
0
0
0
0
0
0
0
0
0
0
0
0
0
0
0
0
0
2
9
0
0
0
0
0
0
0
0
0
0
6
0
0
0
0
0
0
0
0
0
0
0
0
0
1
1
26
2
0
4
2
22
0
76
0
5
0
121
0
0
15
9
10
0
1
4
0
9
5
21
20
0
0
0
0
0
0
0
17
15
0
0
0
0
0
4
0
15
0
0
0
1
5
4
0
15
0
0
0
0
0
0
0
0
0
0
5
0
5
0
0
0
5
20
26
0
3
1
57
0
0
5
0
5
0
0
1
2
0
0
0
0
0
2
0
0
1
0
0
0
0
0
0
0
0
0
0
0
0
0
0
0
5
1
20
0
0
0
0
0
20
0
1
3
20
15
0
0
0
0
0
0
1
0
0
25
0
0
0
0
0
0
0
0
0
0
0
0
0
0
0
0
0
0
0
0
0
0
0
5
0
27
7
0
0
0
0
0
0
0
0
0
20
0
5
0
0
5
0
7
0
0
0
0
0
0
0
0
0
0
2
0
0
0
0
0
0
0
20
0
9
21
5
4
20
5
419
27
14
5
21
6
7
5
157
5
8
11
4
5
125
5
30
6
5
1
31
5
37
15
0
20
6
410
26
5
5
18
5
1
20
119
25
119
296
27
23
5
7
49
26
84
0
5
98
20
407
90
50
6
4
38
44
6
2
5
2
1
8
1
33
6
1
3
1
5
4
5
192
26
7
89
74
0
