0
49
0
22
9
21
0
0
74
1
0
38
0
22
1
7
122
0
12
9
0
0
1
21
17
7
1
1
14
2
20
1
1
2
0
12
30
12
0
0
28
1
119
83
16
81
2
21
1
0
0
1
0
6
0
21
6
8
3
0
8
0
33
1
81
25
0
70
23
1
62
0
0
26
0
20
5
0
6
1
6
22
1
1
12
21
0
0
21
1
5
21
24
1
1
0
0
5
3
0
0
0
0
1
3
1
0
5
1
11
8
16
14
18
16
1
10
1
18
5
0
0
0
0
0
0
82
49
33
10
12
3
0
19
0
83
18
3
12
0
19
2
5
0
10
140
20
20
0
0
1
0
1
1
0
0
0
104
15
9
83
6
20
0
67
0
2
0
0
0
0
0
84
0
2
51
0
19
0
2
81
0
1
46
1
0
4
0
0
0
0
7
0
0
55
9
43
124
0
0
0
0
0
0
0
0
0
0
0
33
2
1
0
81
0
0
0
0
0
0
43
0
0
0
20
1
1
59
59
0
21
1
10
0
2
18
81
51
81
1
1
53
18
2
18
0
3
57
0
19
0
6
0
9
3
0
1
3
0
3
0
0
0
60
0
1
5
60
50
51
1
2
5
81
0
3
3
3
1
1
1
1
1
22
0
54
11
0
1
0
1
0
1
18
0
12
7
4
0
17
0
34
0
1
0
59
28
7
0
3
6
7
25
11
95
87
10
12
0
238
5
237
22
17
0
101
1
66
116
9
1
102
0
28
1
82
6
24
20
8
7
17
2
42
15
0
10
6
138
1
14
0
41
26
13
1
30
11
21
15
34
0
12
7
20
28
19
6
18
45
285
13
16
28
120
1
38
20
29
2
119
55
32
20
22
5
0
106
0
5
51
81
0
0
0
0
0
0
53
19
0
0
2
0
0
2
0
0
0
0
0
0
60
0
4
0
1
3
1
0
3
1
1
0
4
0
6
0
1
60
