24
155
121
0
15
7
0
6
15
0
52
7
28
39
40
0
11
140
3
163
0
17
23
6
0
0
23
16
0
21
25
23
24
2
12
19
11
0
35
20
33
22
24
18
6
31
2
1
7
16
84
7
0
16
0
1
0
22
12
82
16
0
8
27
1
0
0
11
12
0
0
22
23
56
15
0
6
15
13
15
21
15
0
0
0
15
16
7
4
4
57
1
0
3
84
63
18
15
15
0
5
16
15
0
0
65
20
22
3
66
15
9
0
0
0
0
0
0
0
0
0
0
0
19
9
64
0
0
0
0
0
0
0
8
38
0
0
0
0
15
0
1
0
1
0
0
0
0
0
1
0
0
15
0
44
26
12
9
15
2
0
1
0
2
0
0
0
0
0
0
10
10
0
0
0
0
0
0
0
0
31
1
0
0
0
0
0
2
2
1
15
2
1
0
21
1
38
110
89
0
36
0
17
0
0
0
0
0
0
0
0
0
0
0
0
0
0
0
2
99
0
0
0
0
6
1
0
0
0
0
0
0
0
0
0
0
0
0
0
0
49
0
0
28
2
0
11
0
2
99
0
2
34
15
2
31
65
25
9
0
26
10
80
7
8
9
32
9
21
33
0
15
20
10
24
13
7
0
10
2
89
0
6
6
0
0
0
0
0
0
21
83
0
0
0
0
0
6
0
0
6
0
0
0
0
0
0
0
0
0
0
0
0
39
0
15
21
2
7
1
48
0
7
14
25
90
6
93
0
1
1
23
180
77
0
0
6
0
26
84
20
35
0
1
6
7
0
0
0
0
89
0
1
0
1
10
0
10
2
2
0
23
19
6
2
501
0
0
16
167
0
6
169
0
5
15
21
14
23
104
69
202
18
75
455
31
20
4
17
6
251
15
23
28
9
129
15
15
21
11
1
40
1
10
1
131
18
14
2
29
15
16
15
293
15
10
18
184
30
14
0
0
103
0
10
10
15
14
1
9
9
1
22
7
20
0
139
0
1
15
0
0
2
1
413
2
24
48
50
0
33
0
24
29
8
7
1
22
40
0
18
6
4
15
46
9
196
41
38
0
191
1
80
38
6
23
6
35
104
23
19
