0
7
11
0
14
1
7
1
0
24
2
1
3
15
2
8
5
0
9
1
2
0
0
5
0
18
5
0
8
0
8
0
2
12
0
2
0
1
2
5
0
11
0
9
0
20
0
146
0
2
0
3
2
14
2
0
0
2
0
3
6
0
0
13
2
0
0
6
0
2
2
0
0
20
0
9
6
4
6
1
9
6
0
0
1
2
0
6
0
1
8
7
0
0
10
10
11
11
0
10
10
10
10
1
10
0
15
0
12
0
12
11
17
24
443
13
15
0
13
13
20
1
2
11
0
2
0
0
16
5
1
0
0
20
0
0
3
1
0
0
1
0
47
0
0
8
3
2
0
464
0
0
0
3
0
1
0
12
0
20
0
0
20
0
0
0
0
20
1
1
0
27
0
3
11
5
25
2
15
0
0
0
8
0
0
0
40
0
0
0
0
1
14
0
0
0
2
0
5
20
0
415
9
401
0
20
0
529
399
5
12
0
41
0
0
0
0
0
400
3
0
17
24
4
9
1
0
24
4
14
1
13
3
9
2
13
1
1
13
2
41
2
1
1
0
27
0
7
3
0
0
5
3
0
0
0
0
22
0
0
0
0
0
6
7
0
0
0
6
6
6
6
14
0
4
8
0
0
0
7
2
9
0
0
0
9
8
5
0
2
5
0
5
5
10
0
0
0
0
0
0
0
0
12
6
0
0
8
0
4
2
11
6
2
0
0
0
1
0
18
8
16
20
19
1
123
17
14
6
9
0
0
4
0
6
23
10
11
6
2
2
0
2
17
16
27
0
5
8
0
5
11
6
12
0
1
24
2
11
6
3
6
0
4
48
13
6
0
0
6
2
10
5
6
