7
232
0
0
6
2
2
6
5
0
0
265
0
6
15
11
10
13
1
5
22
3
180
11
17
0
0
0
0
5
1
0
1
1
0
22
54
0
6
7
2
0
15
7
6
424
425
471
0
1
18
80
5
10
15
5
15
0
6
54
15
0
5
11
5
8
14
10
17
7
11
5
0
16
6
1
15
0
63
1
0
0
1
10
2
3
5
0
0
1
5
1
6
5
11
124
1
1
1
8
0
6
0
0
43
100
449
499
51
0
148
0
3
10
5
30
27
1
4
2
6
7
5
11
0
5
8
11
17
17
1
0
2
440
446
0
1
0
456
0
0
9
425
10
5
0
0
5
1
0
20
29
4
17
9
1
1
0
459
0
0
0
59
5
0
7
0
0
1
5
59
4
17
25
20
1
7
96
3
6
10
4
5
15
17
15
10
2
1
1
0
0
0
6
1
0
1
3
0
70
4
1
1
64
4
37
33
2
35
20
0
1
166
443
0
105
6
2
1
1
15
6
2
71
11
1
2
21
2
2
0
0
20
4
41
0
2
0
0
64
455
13
11
4
0
128
0
5
5
9
9
7
5
0
115
426
0
0
16
0
91
0
5
6
8
6
7
6
5
6
0
10
24
6
211
392
197
14
13
6
0
280
17
70
6
39
14
185
0
0
