0
19
0
0
478
7
6
1
0
5
115
117
0
13
122
34
1
28
5
0
18
0
10
0
18
15
234
54
255
0
6
0
1
0
6
0
507
404
0
7
489
36
2
1
0
0
0
408
9
5
0
0
395
0
0
0
0
0
0
9
0
0
0
0
0
90
9
0
9
0
11
1
0
86
0
0
25
7
91
515
0
0
0
0
69
17
0
0
0
0
0
0
38
9
0
63
586
0
0
27
0
0
20
1
0
5
1
22
0
6
5
12
0
0
0
0
0
0
0
0
0
0
0
26
0
0
0
0
0
0
21
3
0
15
0
0
0
4
3
33
9
12
0
0
0
0
0
0
0
0
13
33
13
0
2
0
0
0
0
0
0
0
0
1
0
0
0
0
0
1
1
0
0
2
1
81
449
16
35
4
242
145
0
25
0
0
12
0
0
0
0
21
0
6
99
251
403
505
386
82
43
119
43
385
5
13
0
458
0
457
0
0
0
0
0
0
0
0
0
0
0
0
0
0
458
308
9
0
20
0
0
385
477
20
31
72
0
387
74
0
0
0
457
0
0
0
0
0
0
0
0
0
0
0
0
0
0
0
0
0
0
0
0
0
0
0
0
0
0
0
0
0
0
0
7
20
1
1
20
3
6
1
0
0
457
0
21
1
0
410
6
0
3
77
110
11
19
199
28
6
12
0
7
27
11
0
0
207
13
7
392
0
5
70
455
14
33
6
5
4
0
0
12
26
70
0
0
2
15
21
46
9
8
33
46
5
8
26
12
16
5
1
10
9
6
3
195
403
44
7
0
15
0
0
3
6
5
11
0
12
6
7
0
0
0
5
15
0
20
7
26
136
2
14
7
63
7
0
5
0
5
44
0
4
4
10
5
5
129
5
10
2
87
7
45
9
225
7
5
128
23
7
14
160
0
63
1
117
0
411
50
127
0
0
129
6
1
2
0
4
292
0
6
107
0
391
6
186
6
149
19
14
171
31
14
31
0
6
2
