1
1
0
0
0
0
1
0
1
4
4
4
5
29
3
5
4
1
1
1
1
1
10
0
4
1
14
12
0
18
1
17
3
1
0
0
0
0
0
3
0
0
1
0
3
0
1
0
1
21
11
0
1
0
0
479
26
5
11
5
0
133
92
3
129
396
60
0
1
411
6
1
0
1
0
1
0
6
5
5
0
3
39
2
0
2
0
0
0
0
1
0
6
0
1
1
1
3
18
6
1
1
0
6
1
18
0
3
0
3
0
0
0
0
0
0
1
0
0
0
0
2
0
4
0
0
1
3
1
0
5
0
0
0
0
0
0
0
0
0
0
0
0
0
1
1
1
1
1
0
0
0
0
7
0
6
0
1
14
0
1
11
19
1
0
2
0
5
0
5
73
15
0
14
1
1
6
0
1
0
0
0
0
5
12
23
443
412
25
0
54
0
2
0
0
1
0
31
23
14
0
25
3
0
0
134
22
2
3
11
12
0
5
0
0
0
5
19
447
388
20
461
24
0
2
0
0
0
0
0
0
0
0
0
0
1
0
0
1
1
13
0
63
0
140
0
59
0
0
2
0
0
0
0
0
0
9
57
14
6
0
0
13
0
0
0
0
7
0
7
1
2
1
12
11
17
1
17
0
0
14
2
0
2
0
2
6
10
392
3
1
13
24
1
6
22
12
1
17
7
6
9
1
6
9
0
1
6
9
26
425
1
6
0
5
12
2
73
0
7
0
20
8
0
15
1
0
69
455
23
13
1
164
390
385
0
0
0
0
82
2
1
6
0
1
0
110
405
0
0
0
0
138
0
6
443
85
1
6
390
10
12
11
6
393
0
0
0
0
1
4
12
8
1
1
2
0
0
5
0
20
0
1
11
8
0
0
1
0
1
0
6
5
53
15
6
0
0
0
1
0
17
0
2
3
0
0
0
0
12
0
0
112
475
114
0
17
0
0
15
0
2
0
0
0
0
0
0
0
0
0
0
1
0
0
0
11
0
0
0
0
0
0
0
0
0
0
0
0
0
0
1
0
0
0
0
0
0
0
0
0
0
0
