385
97
0
4
428
389
0
4
385
428
20
465
4
32
0
12
388
388
6
404
7
415
11
439
1
5
5
8
0
391
1
17
4
6
546
0
407
434
81
82
3
0
0
0
27
0
0
0
0
0
0
20
0
0
0
385
386
0
34
15
0
4
0
386
76
0
0
0
0
0
0
0
0
0
0
0
9
415
0
0
0
4
63
1
4
1
77
5
0
0
0
0
0
0
0
0
0
0
0
0
0
0
10
0
0
389
5
0
1
6
1
1
2
2
15
0
10
0
10
16
1
0
5
0
63
0
184
0
1
0
66
0
0
403
385
385
385
0
0
0
0
0
0
0
0
0
0
0
0
0
0
0
0
0
0
0
0
0
0
0
0
0
0
0
0
0
0
0
0
0
0
0
0
0
0
0
0
0
0
0
0
0
0
0
407
0
60
14
420
0
1
0
30
0
29
1
0
0
1
1
117
2
1
6
0
1
117
0
402
0
0
18
385
502
385
385
0
520
0
0
0
0
0
0
0
0
0
0
0
0
0
0
0
0
0
0
0
0
0
0
0
0
0
0
0
0
0
0
0
0
0
0
0
0
0
0
0
0
0
0
0
0
0
0
0
0
0
0
0
0
0
0
0
0
0
0
0
405
30
69
385
10
10
70
21
2
1
430
409
21
385
386
0
406
385
424
0
385
387
405
415
6
385
1
0
22
1
1
20
3
0
0
0
0
0
0
0
400
399
386
1
5
61
0
0
12
387
385
385
0
1
0
0
0
0
385
0
0
0
0
385
1
1
533
0
21
0
1
61
21
0
1
0
1
0
1
0
0
0
1
385
0
0
0
385
390
5
21
385
385
1
13
2
385
386
390
4
9
387
10
386
3
601
234
392
0
200
469
386
385
2
1
390
389
386
405
390
0
2
10
0
3
0
6
1
205
664
385
34
3
52
454
0
0
211
1
8
6
11
8
108
385
206
0
385
203
0
396
7
385
385
109
424
114
426
91
0
36
91
0
12
0
21
399
19
407
15
15
87
0
6
0
63
89
385
33
385
81
385
41
6
49
6
169
385
5
6
4
10
5
0
8
411
20
1
31
9
141
5
232
0
68
199
0
199
0
1
42
407
0
3
0
17
0
0
60
59
0
0
0
0
1
0
385
24
395
7
2
0
1
0
0
0
0
0
1
0
13
63
0
394
0
9
9
0
0
0
0
9
385
0
0
0
0
0
0
385
0
0
0
0
0
0
0
0
0
0
18
385
0
0
0
0
0
0
0
0
0
0
0
