15
0
0
7
4
3
15
15
35
33
83
0
15
274
8
3
16
15
17
89
3
144
35
27
37
4
3
0
4
0
11
3
7
3
9
0
4
31
7
6
0
1
8
10
0
6
6
5
0
0
16
1
0
0
0
0
0
0
0
2
0
0
18
3
4
3
4
5
32
3
0
11
5
5
0
0
0
1
3
3
0
0
0
15
5
5
15
3
8
20
5
41
0
0
0
39
41
11
3
10
3
214
172
0
1
11
0
3
42
8
75
0
93
5
37
9
0
30
103
15
145
15
120
67
3
9
18
8
1
3
0
0
0
0
0
0
0
0
1
0
0
0
13
3
18
0
9
0
0
17
3
0
0
0
0
23
17
0
3
25
0
13
3
1
0
4
8
3
9
0
0
0
0
0
12
87
12
27
4
3
31
30
65
31
33
36
0
0
0
30
0
0
30
0
0
0
0
0
0
0
0
0
0
0
0
0
0
0
0
67
35
19
17
1
31
38
35
27
10
0
0
36
0
0
3
149
3
3
33
35
6
0
5
15
5
72
5
3
16
9
3
0
23
65
8
3
0
94
15
23
0
23
2
0
59
0
3
3
9
23
4
9
3
0
4
1
5
3
1
24
14
0
3
3
15
16
15
0
4
4
15
7
6
6
0
0
0
3
7
42
5
1
2
21
10
22
1
12
7
3
1
3
12
3
9
0
18
5
3
13
26
17
95
5
0
7
4
2
33
0
0
5
0
5
1
19
2
14
67
455
23
7
0
0
52
0
10
1
58
0
3
1
23
15
3
8
19
28
22
2
47
23
5
18
5
16
9
5
3
10
15
9
0
13
0
4
0
18
0
11
32
3
16
27
0
3
12
27
0
9
11
91
0
1
21
6
208
0
8
6
133
5
17
2
63
28
0
17
0
3
0
4
3
6
34
15
17
12
7
91
13
14
44
0
20
3
11
8
0
29
3
10
22
19
13
216
9
9
40
6
5
0
1
0
3
2
0
207
0
2
6
77
2
6
15
186
36
7
154
18
28
154
8
16
9
0
0
8
18
15
7
11
6
0
13
7
7
6
5
17
9
0
0
0
8
10
0
16
15
0
0
17
20
3
0
0
15
3
0
12
0
0
0
14
0
17
0
22
3
0
0
0
0
0
3
0
0
5
2
3
3
0
3
0
3
3
3
0
3
0
3
3
0
0
3
30
0
0
0
0
0
0
7
30
0
0
0
0
0
0
1
0
0
0
0
0
0
0
0
0
0
0
0
0
0
0
30
0
0
0
0
0
0
0
0
0
0
0
0
0
0
0
30
0
0
0
0
0
0
0
0
0
0
0
30
0
0
0
0
0
0
0
0
0
0
59
0
0
