0
202
0
0
1
3
1
0
1
9
0
3
3
29
0
5
12
0
144
2
0
0
44
152
102
143
36
17
0
20
2
5
0
0
2
9
1
11
59
12
9
0
9
3
0
0
118
13
0
15
29
3
117
118
7
0
1
8
5
10
28
1
5
20
117
20
1
21
5
0
1
0
6
4
1
1
10
1
6
0
5
5
0
0
0
0
0
0
20
0
0
49
0
0
0
0
0
1
3
0
0
0
6
0
0
5
5
6
0
5
5
0
0
0
2
0
8
8
6
0
0
0
0
0
0
0
0
0
0
0
0
0
0
0
10
16
20
0
0
0
55
75
71
2
0
65
0
0
0
0
13
0
1
0
0
0
0
0
0
6
0
0
1
26
0
0
0
0
0
0
0
0
0
0
0
7
1
0
5
0
0
0
0
0
0
0
0
0
0
0
0
0
0
0
0
0
0
0
0
0
2
0
15
0
0
0
0
0
0
10
0
2
485
1
7
0
20
117
433
426
23
0
11
439
35
15
18
2
4
0
0
0
0
15
0
0
0
0
0
0
0
0
10
0
0
2
0
0
1
72
56
0
10
0
0
0
0
0
0
0
0
0
94
5
0
0
0
0
0
0
15
15
36
39
6
1
10
6
5
5
0
0
0
0
0
0
0
7
0
0
0
0
0
0
0
7
10
15
6
22
16
49
5
0
0
0
0
0
27
65
1
24
0
5
5
0
15
0
1
3
15
36
25
21
0
4
9
0
8
0
24
10
392
0
2
193
0
2
0
23
5
17
9
9
1
2
2
5
21
64
25
0
386
10
0
35
9
8
5
7
5
6
142
20
17
1
0
24
64
0
0
12
5
1
14
1
14
5
5
0
20
51
15
0
11
1
251
64
118
6
319
0
216
1
206
19
300
5
84
20
138
19
121
0
64
5
