0
1
95
0
3
63
6
0
1
0
8
1
18
60
0
1
3
0
19
2
0
1
1
1
0
0
9
0
17
0
0
39
6
1
2
1
7
1
1
118
0
1
1
2
0
0
0
0
0
13
505
1
20
0
0
418
4
444
3
407
60
416
0
0
1
79
0
0
415
0
415
385
445
434
0
0
0
0
0
0
0
0
0
3
0
0
0
0
0
4
416
62
9
477
448
3
405
1
4
0
0
0
0
0
0
1
0
5
0
0
0
0
0
0
0
1
0
0
0
0
0
0
0
0
0
0
390
0
0
0
0
0
0
0
4
6
20
2
2
0
0
0
0
0
0
6
2
1
2
6
6
0
0
0
454
416
20
0
4
0
1
425
20
2
416
417
0
1
0
14
3
0
9
0
0
0
0
0
0
0
0
415
0
0
0
0
415
415
415
405
385
385
0
0
0
0
0
0
0
0
0
0
0
0
0
0
0
0
0
0
1
22
0
37
5
0
1
0
0
6
6
420
415
0
0
1
401
2
0
0
415
0
0
20
0
415
385
0
0
0
475
21
68
0
0
0
0
0
0
0
6
415
0
2
1
0
8
5
1
420
1
1
1
5
0
0
0
0
0
0
0
0
416
59
5
16
4
113
5
0
415
0
0
1
0
6
0
415
385
0
0
0
0
0
0
65
33
9
8
422
0
0
385
5
0
2
2
1
20
10
17
59
0
421
0
1
415
385
0
0
0
0
0
0
9
0
0
0
0
0
0
0
1
0
1
9
0
10
1
12
6
0
2
3
7
47
1
62
38
2
33
2
26
12
8
1
3
6
0
1
1
7
0
0
0
0
13
16
17
2
517
0
0
3
12
2
22
181
100
6
1
45
3
14
7
4
4
80
455
21
1
18
8
10
2
76
0
0
205
401
110
424
116
430
1
48
4
7
3
1
1
0
447
85
6
2
29
8
59
61
12
12
5
1
23
1
67
6
78
8
7
1
21
0
31
9
141
6
22
2
42
7
59
0
178
2
150
2
5
9
0
10
51
2
466
0
0
0
1
480
1
417
456
1
1
0
1
1
1
0
1
6
60
8
12
1
3
23
1
0
0
82
0
117
0
0
0
14
1
0
14
3
0
0
0
0
0
0
0
0
0
0
415
0
0
0
0
0
415
385
445
20
424
0
0
0
0
0
0
0
0
0
0
0
0
0
0
0
0
0
0
0
0
0
0
0
0
0
0
0
0
0
385
0
0
0
0
0
385
0
0
0
0
0
0
445
0
0
0
0
0
20
0
0
0
0
0
0
60
425
0
0
415
385
20
0
0
0
1
416
388
1
0
8
0
1
0
0
4
0
5
0
0
0
0
1
0
0
0
10
5
0
0
0
5
1
0
0
1
1
8
8
0
3
3
1
0
0
0
0
0
0
0
0
0
0
0
