16
76
0
17
78
1
206
40
0
20
7
22
1
15
15
15
0
0
0
16
8
0
17
0
99
1
431
2
5
6
20
102
0
0
0
15
385
3
0
0
0
0
0
0
0
1
1
16
1
0
1
21
16
7
1
1
1
46
9
0
5
0
0
0
0
0
22
20
0
27
0
0
0
0
0
0
0
0
0
0
0
0
0
0
0
0
0
0
0
11
9
0
5
0
0
0
0
0
0
0
14
2
5
28
1
15
21
8
11
5
20
12
2
94
0
44
0
0
0
0
0
2
85
2
0
0
0
1
6
0
0
0
0
0
0
20
2
16
63
16
18
22
1
35
1
6
7
1
47
2
0
1
16
16
16
17
6
11
23
0
1
0
11
0
0
0
0
0
15
32
2
0
36
15
23
15
0
15
0
0
0
0
0
0
0
0
269
0
0
0
0
0
0
0
0
55
6
3
2
2
13
11
4
105
43
18
12
0
0
80
0
0
1
16
149
21
35
63
12
84
15
15
15
15
0
0
0
0
55
0
0
15
75
21
89
74
0
19
63
1
0
0
33
16
0
0
0
15
0
0
0
0
0
0
0
59
15
3
16
21
1
1
21
0
0
19
0
0
5
16
0
0
15
0
15
0
0
0
0
0
0
0
50
35
0
0
96
15
1
2
1
1
1
0
1
1
51
0
162
287
15
21
15
394
2
1
48
59
7
76
1
23
0
15
0
0
0
11
19
20
15
69
449
9
15
96
26
0
18
60
164
25
10
9
21
18
422
18
53
72
19
22
23
63
19
20
26
25
3
15
174
35
45
177
21
157
15
211
63
117
1
126
18
6
15
6
18
6
27
14
24
22
48
16
28
137
25
6
15
168
16
19
0
27
19
0
15
24
15
152
16
6
17
2
1
0
0
0
0
0
0
0
0
1
0
18
0
15
15
63
17
17
22
0
0
0
17
