10
0
41
3
2
0
0
0
43
49
6
126
32
8
9
222
1
5
11
14
0
6
25
8
6
6
166
4
0
17
8
120
0
40
3
5
529
0
0
455
6
0
0
7
0
5
18
40
7
39
9
2
41
78
46
164
5
0
118
78
40
0
1
12
0
7
0
117
7
4
0
0
0
14
140
0
0
0
6
77
127
23
563
0
0
3
47
1
0
0
0
0
0
27
0
0
5
0
5
0
56
0
0
0
0
29
26
5
0
0
1
9
44
0
27
0
0
7
0
39
39
39
0
0
0
0
0
10
0
39
0
0
42
44
7
86
0
0
0
27
39
42
10
10
9
11
7
70
5
32
5
0
1
2
1
0
16
15
542
461
527
425
31
0
525
460
460
0
138
504
5
116
0
0
0
0
0
0
425
0
0
0
0
0
0
0
0
0
0
0
0
0
0
408
0
0
0
0
0
0
0
0
0
0
0
20
5
6
0
519
0
0
0
137
6
20
0
447
457
0
434
0
17
0
0
4
14
172
0
428
1
0
0
408
408
408
116
425
0
0
0
0
0
0
0
0
0
0
0
0
0
0
0
0
0
0
0
0
0
0
0
0
0
0
0
0
0
0
0
0
0
0
0
0
0
0
0
0
0
0
0
0
0
0
0
0
0
0
0
0
0
0
0
0
0
0
0
0
6
386
408
452
6
2
1
0
1
0
9
0
0
1
6
0
116
10
0
0
408
168
0
131
74
35
40
39
40
9
0
0
0
166
425
9
9
0
0
0
0
0
9
4
132
8
198
0
1
164
116
9
48
20
0
585
0
72
116
8
12
43
3
3
0
11
0
9
0
87
39
4
7
57
4
16
0
9
10
3
10
1
2
3
12
10
65
5
9
2
12
20
5
0
10
8
11
2
34
1
6
0
0
64
455
13
14
7
141
41
41
1
5
211
0
2
0
6
0
6
9
6
0
12
0
49
7
21
3
21
5
8
14
16
20
5
38
1
22
0
121
0
16
1
5
19
20
27
15
64
18
28
9
8
97
4
28
9
0
2
12
0
1
6
0
82
44
10
9
12
27
20
1
14
1
6
20
12
15
5
28
6
5
29
58
13
0
1
18
8
0
5
10
39
16
2
127
426
12
6
0
0
7
0
1
14
0
12
9
3
5
39
0
56
0
12
6
0
12
0
12
0
18
231
5
12
24
34
0
25
6
445
37
8
0
6
10
0
6
12
1
60
0
6
6
39
0
12
6
34
11
114
0
32
1
6
0
6
6
19
36
9
9
0
9
133
0
5
7
123
209
0
6
12
351
102
20
6
237
0
24
0
1
23
0
0
36
7
0
7
150
44
1
87
32
24
5
76
54
6
87
18
65
6
111
103
404
52
0
9
79
5
7
6
0
0
428
22
35
9
440
425
36
26
1
0
6
13
141
12
4
8
12
0
0
0
12
184
425
0
0
0
0
0
0
12
3
0
37
0
12
0
18
561
179
84
425
155
0
0
0
0
0
0
0
425
0
0
0
0
0
0
0
47
450
0
404
68
7
92
0
0
0
0
33
435
430
0
0
0
0
0
0
0
0
33
1
0
102
9
3
531
0
0
1
34
0
15
0
116
403
425
0
0
0
0
0
0
0
0
0
0
0
0
0
6
40
425
448
0
10
5
8
7
6
1
7
15
0
0
432
0
0
0
0
0
11
431
0
0
0
0
0
0
6
6
0
0
0
0
0
1
1
1
1
7
0
0
0
7
0
447
0
14
14
7
8
6
0
