10
8
112
0
0
122
3
0
0
142
0
3
4
0
59
18
1
118
134
7
129
0
17
1
70
0
64
10
0
10
2
28
87
4
0
61
1
9
117
50
117
68
71
100
85
0
84
0
32
0
88
21
63
5
83
0
23
0
5
123
16
1
0
0
0
0
0
1
0
122
0
0
49
0
49
0
0
0
53
0
15
0
0
0
1
0
0
43
64
0
0
6
119
0
0
0
47
0
0
0
2
0
0
0
0
0
0
21
22
1
0
65
15
0
0
0
0
110
78
0
6
0
0
0
0
0
0
0
0
0
0
0
0
3
101
0
3
7
1
2
0
3
0
1
1
21
2
1
0
0
77
18
3
4
3
1
29
25
32
58
18
0
209
0
0
0
0
0
0
0
0
0
0
0
18
5
18
1
77
0
135
18
0
21
7
59
0
0
0
0
0
2
117
29
6
4
1
0
0
0
0
0
0
72
121
0
0
5
5
1
4
0
59
1
90
0
65
27
1
59
21
179
51
51
49
67
0
49
0
0
0
0
0
0
0
0
54
49
9
118
0
0
0
1
0
4
1
49
5
0
10
0
2
1
0
5
5
0
39
70
64
454
5
6
12
0
0
15
2
23
79
9
8
424
5
0
5
48
3
1
465
3
11
63
211
164
2
219
2
0
7
0
0
4
2
9
0
26
3
0
1
13
126
6
394
1
4
0
187
9
137
0
231
6
0
4
6
46
6
128
0
119
63
0
