1
18
0
6
26
0
453
21
1
21
33
1
5
1
0
0
1
0
21
1
0
0
482
0
17
26
428
425
446
437
0
2
2
1
0
0
0
5
0
2
0
0
3
0
0
0
448
20
0
1
454
426
5
1
1
428
0
0
0
8
0
20
446
426
426
446
425
463
0
434
0
0
0
0
0
0
0
0
526
0
0
0
0
0
0
0
0
0
0
0
0
0
27
0
0
430
1
432
20
0
0
0
0
0
0
25
0
0
0
0
0
0
0
39
24
16
22
20
0
17
0
16
0
1
0
0
0
16
490
500
442
0
25
1
510
1
1
5
426
1
0
0
0
0
15
426
0
0
1
425
445
455
425
508
425
0
0
0
0
0
0
0
0
427
1
20
44
0
0
425
0
0
446
0
0
0
23
479
68
97
506
430
426
427
445
6
431
59
445
1
520
0
0
0
497
426
504
1
5
0
484
427
494
504
504
445
4
485
60
6
0
1
0
426
425
59
0
0
0
0
0
425
425
0
0
0
510
5
425
487
1
0
0
0
0
6
425
426
0
0
0
0
425
0
0
0
0
0
425
0
1
0
0
426
0
0
425
445
0
425
0
0
0
0
0
0
0
0
0
0
0
0
426
1
27
11
0
21
4
1
4
1
0
446
20
0
5
25
2
0
1
5
1
5
6
447
446
426
20
0
11
0
4
21
21
1
69
449
7
0
70
6
26
4
0
0
9
4
3
0
62
1
133
20
136
20
119
426
5
5
1
10
0
0
21
10
7
1
13
1
25
6
0
5
5
77
2
31
9
92
9
197
3
295
22
87
1
5
