14
98
0
3
10
16
15
7
9
0
1
2
43
80
22
78
0
0
0
0
1
22
21
0
0
82
21
0
17
0
0
1
0
15
8
5
13
36
0
14
71
15
7
2
9
9
6
2
9
83
110
0
95
78
129
10
6
121
4
0
12
12
20
10
0
0
0
0
22
80
0
1
22
3
0
3
34
2
5
3
21
1
568
2
520
15
5
5
0
80
2
2
50
0
9
140
0
0
0
0
129
0
8
3
2
0
0
0
0
50
2
50
0
0
0
0
0
0
0
648
0
15
64
13
12
0
0
0
0
0
0
0
0
0
0
0
0
0
21
0
0
0
0
0
0
6
17
5
0
60
51
2
52
21
0
0
0
0
0
0
0
0
0
0
0
0
0
0
0
0
0
81
0
0
0
0
0
0
0
0
9
9
0
0
2
0
0
6
17
12
0
0
0
0
0
0
0
0
20
3
68
70
3
0
0
0
0
78
1
1
2
0
20
20
98
1
131
32
390
394
37
22
0
132
18
2
26
2
1
20
7
0
0
1
0
0
0
0
0
0
0
78
0
0
0
78
0
0
0
1
0
1
0
0
0
0
0
0
0
0
82
5
0
1
7
0
1
21
0
0
1
0
0
0
0
0
0
0
0
0
0
0
0
3
20
6
0
1
1
2
1
130
129
141
132
1
0
0
0
139
1
1
19
9
0
9
12
9
12
0
9
6
13
0
9
9
12
0
9
13
20
0
11
9
0
3
0
5
7
1
1
158
6
99
1
70
449
5
8
1
1
1
14
6
24
1
0
125
1
14
9
9
7
5
1
7
6
6
1
7
36
6
0
2
8
1
26
4
20
0
12
2
10
8
123
3
108
0
92
1
21
6
91
0
6
0
22
2
0
0
0
7
0
0
0
0
0
24
4
49
0
0
2
0
0
0
0
0
0
0
0
0
9
0
0
0
9
11
20
22
1
2
5
2
0
1
0
7
5
4
8
3
5
10
0
0
0
0
0
1
0
0
0
0
0
0
0
0
0
0
1
0
0
0
0
0
0
0
0
0
0
1
0
0
0
0
0
0
0
0
0
0
0
0
0
0
0
0
23
1
0
0
0
0
0
0
0
0
0
0
0
0
0
1
0
0
0
0
4
12
0
0
12
12
0
0
0
0
0
0
0
0
0
0
0
0
0
0
0
0
0
0
0
0
0
0
0
0
0
0
0
0
0
0
0
0
0
0
0
0
0
0
0
0
0
0
0
0
0
0
0
0
0
0
0
0
0
0
0
0
0
9
12
13
1
0
1
2
1
0
0
3
79
