7
0
0
1
4
20
25
1
0
35
7
1
32
0
26
0
33
82
0
12
12
7
6
40
69
7
35
61
233
2
0
9
0
15
76
0
8
7
0
26
0
0
16
8
0
13
5
2
6
5
0
7
0
0
0
6
0
0
0
0
0
0
0
0
0
0
81
0
64
13
7
0
0
0
0
12
1
0
51
6
1
1
1
11
88
213
28
28
26
2
0
0
0
0
0
0
0
0
0
0
0
25
22
16
0
0
0
0
22
7
0
0
0
1
0
0
0
0
0
21
1
6
16
0
1
66
34
19
53
34
1
19
1
19
34
1
1
1
34
19
71
45
0
20
14
0
35
28
106
9
0
90
54
84
0
29
126
133
0
20
0
0
68
79
574
0
0
25
25
0
5
7
17
9
0
0
1
0
0
8
3
0
184
545
0
0
5
1
37
0
47
5
0
0
574
24
20
9
61
26
2
33
66
30
106
30
11
9
15
576
91
34
45
0
48
0
20
0
9
34
25
0
35
6
0
18
0
21
18
0
6
20
6
0
0
0
54
0
0
0
0
0
0
0
0
64
0
38
57
0
0
0
0
6
7
3
18
18
52
15
0
0
0
0
0
18
0
46
7
8
20
18
35
78
33
0
0
0
11
22
20
227
0
0
12
350
0
20
228
0
5
7
70
455
23
20
7
6
6
16
0
12
7
0
0
6
7
0
1
5
15
0
0
11
7
1
7
116
0
7
6
1
6
406
4
13
137
5
0
6
3
19
53
7
165
0
6
13
1
18
44
6
14
42
444
85
33
0
13
6
0
6
11
231
20
11
237
5
6
13
2
5
108
404
1
25
0
0
0
6
1
0
0
6
0
0
0
0
0
6
0
0
1
0
0
0
0
1
0
0
1
0
1
0
6
0
0
0
0
0
0
0
1
0
0
0
0
1
0
0
1
0
1
45
0
45
0
1
1
1
0
1
0
0
0
0
1
33
1
33
51
0
0
0
0
0
0
0
0
0
0
0
0
0
0
0
11
13
33
0
13
18
0
0
1
0
0
33
0
41
44
9
9
59
59
25
0
1
0
0
10
18
1
0
0
5
0
0
0
0
0
0
0
0
6
40
6
40
6
51
6
20
6
0
6
1
1
10
