6
118
0
0
0
0
123
0
1
0
0
5
0
35
17
4
5
1
35
127
0
0
0
23
19
0
0
5
4
0
7
32
6
6
20
0
5
0
44
1
20
2
20
5
0
0
0
1
0
4
418
22
89
22
1
0
4
1
0
0
9
4
1
0
0
0
0
0
0
15
6
0
0
0
5
0
8
0
0
4
0
0
0
1
0
0
0
0
0
0
0
0
0
0
0
0
0
0
0
6
1
0
0
0
1
0
1
1
25
21
0
0
0
1
0
0
0
0
0
0
0
0
0
0
0
0
0
0
0
0
0
0
0
0
0
23
0
2
5
0
0
3
5
5
0
1
1
33
1
0
5
1
0
0
2
2
26
0
0
0
0
0
0
0
1
10
0
0
20
0
1
0
3
2
0
0
0
1
2
195
0
29
36
0
25
89
9
55
60
0
20
0
21
1
0
65
20
9
9
0
0
0
0
1
0
9
1
0
9
0
0
1
0
13
21
1
0
9
0
28
1
20
0
0
0
9
0
0
0
0
0
0
0
0
0
9
0
0
0
9
385
446
0
0
9
0
0
9
66
463
0
0
1
9
5
0
4
9
10
436
429
0
1
1
32
1
2
0
11
10
10
0
25
0
0
0
9
2
7
1
15
12
6
0
4
20
0
200
6
3
12
70
455
19
7
0
1
10
15
23
0
225
0
5
8
10
5
21
2
37
0
1
10
9
85
0
1
28
0
0
0
1
7
22
17
24
5
0
78
0
0
108
0
1
114
0
426
16
8
1
35
5
7
25
24
12
25
48
12
2
21
1
38
0
91
0
0
13
0
1
13
27
399
16
0
22
20
19
85
1
1
20
30
16
172
0
5
16
11
0
202
1
0
83
0
5
160
2
37
5
2
