169
0
1
1
0
42
1
12
0
0
0
11
3
15
5
0
0
1
26
0
18
0
47
8
0
0
14
0
0
36
0
1
41
534
0
0
35
0
22
0
3
7
0
33
23
8
49
0
41
20
0
0
11
5
21
5
0
2
0
9
36
361
8
3
5
0
0
0
0
0
0
1
1
0
0
5
1
35
0
449
6
0
400
3
0
15
0
0
0
2
0
0
0
0
0
0
0
0
0
0
0
0
0
0
0
0
0
0
0
0
0
0
0
0
0
0
0
0
0
0
0
0
0
0
0
0
0
0
0
0
0
0
0
15
15
3
3
0
3
0
0
0
0
0
0
0
15
0
0
8
1
450
0
0
0
385
0
0
0
0
0
0
26
0
0
0
0
0
0
0
72
49
0
49
0
0
0
0
0
0
35
0
0
0
0
1
0
0
0
3
0
0
0
0
0
0
0
0
0
0
64
0
0
0
0
0
33
0
0
0
0
0
0
0
9
6
26
0
0
140
0
0
1
64
0
0
1
0
0
0
129
0
0
0
0
0
0
0
0
64
0
0
0
0
0
0
0
0
0
0
0
64
0
0
0
0
0
0
0
55
15
1
0
0
31
1
0
3
1
0
1
8
11
9
9
415
0
427
81
14
27
433
63
20
6
0
0
18
102
21
0
161
126
413
0
20
77
0
0
475
0
21
0
0
413
20
0
464
0
0
0
0
0
507
479
418
0
84
0
0
0
20
21
400
70
5
5
2
2
51
0
0
1
36
16
5
1
65
0
1
1
1
0
0
400
64
0
2
1
1
64
0
1
1
3
65
1
0
0
64
37
0
0
5
5
19
0
5
4
21
1
164
6
5
113
5
2
64
455
14
6
8
1
8
9
3
7
18
40
2
18
1
1
13
4
17
0
14
13
0
0
22
0
1
1
12
18
1
13
6
1
6
12
0
53
1
0
20
13
6
1
6
7
1
0
41
15
17
23
1
6
35
0
1
14
10
11
14
0
0
26
40
5
6
3
9
0
6
1
12
6
2
7
123
35
5
91
89
7
96
37
6
85
45
13
6
49
8
0
54
10
5
