26
2
0
0
0
20
0
1
6
0
1
0
14
0
3
11
2
37
0
0
0
0
1
0
11
0
1
0
0
0
1
0
17
32
0
6
0
0
0
0
0
0
0
0
0
10
0
0
12
0
0
0
20
0
0
0
0
0
0
0
0
0
0
0
0
3
0
2
0
0
39
39
0
0
15
0
0
0
0
0
0
0
0
0
0
0
0
0
0
0
0
19
2
0
47
18
0
0
0
0
0
0
0
0
0
1
0
9
1
0
0
0
0
6
37
0
6
0
6
10
27
18
0
0
0
10
0
0
2
16
0
0
0
0
10
0
15
10
0
0
0
18
0
0
0
8
16
0
26
0
0
0
0
0
1
0
0
0
0
0
0
0
0
0
0
12
0
0
0
2
0
0
0
0
0
12
0
0
0
43
0
1
33
8
12
0
0
38
0
0
0
0
0
0
0
0
0
0
0
0
0
0
0
0
0
0
0
0
0
1
0
0
21
8
4
0
0
0
30
17
2
0
0
22
0
0
36
4
0
5
18
0
28
5
5
15
0
0
4
0
0
0
0
14
8
0
0
17
4
0
0
0
0
0
0
0
0
0
0
0
0
0
0
0
0
0
0
0
0
0
0
0
0
0
0
0
0
0
0
0
0
0
0
0
0
14
7
8
1
28
0
1
0
0
4
0
8
6
1
10
1
11
1
6
5
0
0
1
0
0
0
0
0
0
2
8
0
0
11
20
15
5
8
37
1
17
1
0
0
0
39
0
0
17
10
1
1
0
0
0
2
0
0
1
19
0
0
11
0
0
7
4
0
0
1
1
20
0
1
0
1
0
1
17
0
55
0
12
0
0
1
4
0
1
20
0
1
14
0
1
0
1
15
1
20
7
10
1
6
4
1
8
0
1
15
0
0
0
0
4
19
0
3
0
0
0
12
0
1
0
8
0
3
0
17
0
4
6
30
0
15
0
0
15
0
0
8
0
0
1
31
0
0
5
0
0
1
21
0
28
0
0
