63
144
450
429
0
16
3
72
489
3
87
7
95
67
0
0
12
6
66
64
66
64
0
16
64
80
1
0
3
265
84
64
64
188
65
22
12
77
491
21
60
1
494
7
2
136
92
0
0
0
0
80
18
31
0
0
27
0
0
0
0
147
16
3
27
0
0
0
0
0
117
63
23
81
92
10
18
66
64
3
15
6
3
40
88
64
164
150
63
63
65
80
0
0
0
18
0
0
1
29
23
4
0
4
0
0
0
0
0
0
0
0
0
0
0
0
0
0
0
0
0
0
0
0
0
0
0
0
0
0
0
1
1
3
0
63
0
0
64
0
0
0
0
7
6
1
2
0
0
0
0
0
0
0
0
0
0
0
0
0
0
63
63
0
0
0
0
8
0
32
0
9
8
0
0
0
11
122
1
3
7
21
6
0
0
0
4
83
1
74
1
1
37
0
0
9
20
32
73
15
148
117
1
1
29
8
0
3
70
1
6
1
1
0
4
0
59
566
59
66
0
21
66
72
0
1
64
0
428
3
0
1
0
0
0
0
0
0
0
0
0
0
0
0
0
122
1
22
0
0
12
12
59
0
0
1
0
1
117
5
0
5
88
69
0
59
20
445
149
70
6
49
63
63
0
2
0
0
63
10
4
65
1
33
2
0
0
0
0
0
0
64
33
0
0
0
0
22
0
1
0
1
36
3
85
7
0
10
0
0
59
5
0
63
0
0
6
63
82
81
136
5
99
5
3
5
10
43
63
64
63
83
63
3
2
0
2
90
19
77
449
6
1
177
20
12
0
1
88
0
0
5
1
9
9
45
0
5
115
405
103
0
22
91
69
115
0
426
22
31
185
0
2
239
1
13
0
6
104
0
77
88
0
3
33
1
0
64
44
0
26
21
159
2
29
4
14
0
36
9
126
0
5
128
15
0
64
103
15
89
35
3
0
0
0
0
0
0
0
66
0
0
0
63
0
0
0
17
23
0
0
0
0
16
16
0
0
0
27
27
16
0
0
0
0
0
16
0
0
0
0
0
0
0
0
0
0
0
0
0
0
0
0
0
0
3
0
0
0
0
0
0
0
0
0
0
0
0
0
0
0
3
0
0
0
0
0
0
0
0
0
0
18
0
0
0
0
0
0
16
0
0
0
16
0
0
0
0
0
0
0
64
19
0
0
0
0
0
0
0
0
0
0
0
64
0
0
0
0
0
0
0
0
5
0
0
63
0
0
5
0
0
0
0
1
0
0
0
0
0
0
0
0
0
0
0
0
0
0
0
63
64
0
0
0
0
7
39
0
1
5
9
27
0
0
0
0
0
0
21
0
0
0
0
0
0
0
0
0
0
0
0
0
0
0
0
0
0
1
0
0
3
0
0
0
0
0
0
0
0
0
0
0
0
0
0
0
0
0
0
0
0
0
0
0
0
0
0
0
0
0
0
0
0
0
0
4
8
0
0
0
0
0
0
0
0
0
0
0
0
0
0
0
0
5
18
0
63
6
1
36
0
0
0
10
0
0
0
11
0
0
0
117
0
15
117
0
183
31
0
0
0
10
151
138
0
0
0
70
0
0
0
0
0
0
5
117
24
5
137
0
103
16
0
1
5
21
0
63
89
128
27
0
10
1
430
64
34
444
129
153
3
117
0
18
15
0
2
2
0
0
0
455
15
506
81
23
65
0
0
65
21
0
