0
161
5
7
0
0
0
45
1
0
62
2
81
6
3
6
10
2
0
12
0
0
0
4
7
2
25
16
11
4
30
3
16
17
3
21
57
147
21
52
59
8
3
0
0
12
59
560
9
1
40
0
0
2
49
0
2
0
2
2
53
0
0
0
0
4
9
22
8
15
6
15
0
1
0
1
0
0
4
39
4
50
17
39
39
39
0
39
87
45
10
67
5
1
15
64
58
70
10
5
0
0
0
0
82
0
0
0
20
0
0
42
25
0
49
74
6
0
15
43
73
0
20
6
39
87
100
37
83
26
2
71
45
117
71
0
0
0
5
0
0
0
0
0
0
0
41
0
1
0
0
23
0
6
11
10
21
451
216
46
1
0
5
22
400
434
386
19
25
7
0
1
154
3
1
11
57
0
2
0
2
385
82
0
689
0
0
0
0
0
0
0
0
0
0
0
0
0
0
12
16
134
1
3
21
39
39
23
26
20
0
507
0
48
9
634
501
69
40
153
57
1
596
1
11
47
126
521
27
267
108
49
59
0
1
77
436
502
59
0
74
50
88
52
23
46
88
210
148
159
0
0
0
0
0
0
0
0
22
0
0
11
0
100
41
1
0
0
445
39
33
425
39
0
3
0
13
64
143
0
0
84
1
21
21
203
0
0
1
2
0
0
0
1
1
4
5
25
0
34
6
8
8
6
1
2
12
6
12
6
39
0
67
46
7
64
455
14
36
3
12
7
5
7
153
20
12
148
5
4
21
1
41
20
5
37
0
1
2
5
24
116
0
15
43
115
426
41
5
8
20
39
6
10
1
14
25
48
12
10
16
14
39
0
13
140
0
200
16
0
0
305
2
18
3
56
2
136
0
145
0
39
14
150
0
5
19
96
5
4
238
0
2
11
8
28
39
39
21
0
89
0
5
5
466
3
0
0
441
0
444
445
0
10
4
25
