5
125
0
3
6
0
5
9
5
0
1
2
8
0
9
15
0
16
11
41
39
1
16
17
0
5
21
1
7
7
6
2
22
33
0
0
0
5
11
3
0
27
1
6
1
11
0
3
4
0
44
5
0
7
8
6
26
31
48
6
16
1
0
1
0
0
1
15
0
37
11
5
0
0
5
17
10
16
11
10
2
1
40
5
5
0
0
0
0
0
0
0
10
0
0
2
2
5
81
86
94
11
13
2
10
0
0
0
0
0
1
10
0
1
0
0
0
25
17
5
10
11
0
0
1
11
0
15
10
0
0
0
0
0
6
20
421
11
24
0
2
2
24
11
0
6
24
16
24
11
141
0
0
0
0
63
0
12
0
0
15
46
81
22
22
2
3
0
1
66
0
13
0
2
81
63
107
12
0
0
1
33
22
23
5
5
10
0
0
0
0
34
0
5
0
0
0
0
0
0
0
63
0
0
0
22
0
0
0
0
0
0
7
0
0
0
0
0
0
0
35
6
0
3
26
1
5
1
0
3
1
0
2
3
18
0
5
0
0
0
0
0
0
0
0
0
0
0
0
0
0
0
0
0
2
1
5
1
2
8
5
0
0
0
0
0
0
0
5
0
0
0
22
0
0
0
0
1
1
0
1
1
11
1
0
1
6
7
0
15
1
8
0
7
21
17
7
24
7
6
1
210
30
0
122
16
14
16
5
6
13
5
36
18
6
99
0
16
89
0
21
17
0
66
6
23
0
43
7
0
11
147
36
22
116
0
98
6
169
0
18
144
0
9
1
359
0
0
242
0
21
0
34
22
7
56
5
5
11
5
13
0
45
0
56
0
25
11
19
48
12
91
0
6
55
19
12
12
15
1
17
28
7
129
5
6
63
12
35
9
25
1
184
23
8
10
6
58
5
15
0
