49
76
4
0
0
52
52
0
51
66
9
4
2
0
1
3
49
0
0
0
53
54
137
0
137
17
0
72
5
60
60
0
0
51
1
0
0
60
12
0
0
0
0
0
0
0
0
0
0
0
0
0
0
0
0
0
0
0
0
0
0
0
0
0
0
0
0
0
59
15
21
0
0
0
80
52
51
65
5
63
69
60
49
51
0
0
49
2
60
49
53
0
2
10
0
0
53
49
6
2
73
69
60
49
49
61
70
49
61
55
54
0
0
3
60
60
0
50
49
52
49
69
49
52
49
69
2
0
0
0
0
0
0
0
0
0
0
0
0
0
0
0
0
0
0
0
50
86
3
0
25
0
0
0
0
0
0
0
84
3
0
0
0
0
0
0
0
0
0
0
0
0
0
0
0
0
0
0
0
0
11
0
11
0
0
20
60
5
10
7
0
0
62
0
0
1
4
79
49
3
9
49
4
53
62
0
53
1
1
23
0
17
94
81
0
1
0
150
438
0
0
0
0
0
1
10
5
0
0
0
0
0
4
0
0
2
5
0
0
0
0
0
0
0
0
0
0
0
0
0
0
0
0
0
0
0
0
0
0
148
2
405
51
0
13
61
0
0
51
51
42
0
20
0
0
0
385
0
3
0
200
0
0
0
0
0
0
0
0
0
0
0
0
0
0
0
0
0
0
0
0
0
0
0
0
0
0
0
0
0
0
0
0
0
0
0
0
0
0
0
0
0
0
0
0
0
0
0
0
0
0
0
0
0
0
0
0
0
0
0
0
0
0
0
0
0
0
0
0
0
0
0
0
0
0
0
0
0
0
0
0
0
0
0
0
0
0
0
38
0
11
9
0
0
0
3
4
5
2
49
15
69
52
1
69
0
49
161
20
0
0
61
51
49
0
53
49
0
2
94
9
88
0
49
2
69
0
76
4
0
0
0
0
2
398
0
480
0
3
0
130
50
81
6
8
3
1
3
14
0
12
9
9
4
3
2
3
1
1
59
1
2
0
0
0
3
32
1
174
3
16
0
0
95
0
3
1
27
11
8
3
42
1
85
24
6
11
0
0
1
0
0
3
20
2
51
1
9
2
2
0
1
13
20
59
1
12
4
42
385
6
6
15
1
0
12
1
1
0
1
5
0
49
135
20
46
6
99
9
109
8
0
0
71
2
0
0
0
0
2
51
49
0
0
0
0
0
0
50
0
1
0
0
0
5
2
0
0
0
0
7
0
0
0
0
0
0
0
0
0
0
0
2
0
0
0
0
62
51
2
0
0
0
0
0
0
13
14
0
10
0
2
13
137
1
3
43
0
0
0
1
0
1
0
24
99
3
17
59
418
38
475
73
386
0
415
66
2
0
0
0
2
0
0
1
10
0
9
10
