25
86
26
0
0
5
21
22
3
385
0
5
167
21
14
0
95
5
11
3
10
20
42
4
16
34
17
15
1
1
1
0
9
17
17
0
438
0
0
8
0
20
0
0
0
135
4
18
27
5
0
23
38
0
0
84
59
0
0
0
22
38
0
5
0
2
0
0
0
0
3
0
35
63
30
30
7
10
15
64
392
20
20
0
11
15
41
0
0
0
0
15
49
11
0
36
33
0
0
0
0
31
0
0
0
0
0
0
0
0
0
0
0
0
0
0
0
15
0
1
21
21
20
26
1
28
30
0
30
5
0
0
0
0
0
0
0
5
3
0
0
0
0
0
0
0
10
21
0
24
10
10
13
0
15
0
0
15
0
19
4
59
23
51
1
0
0
0
0
0
0
0
0
0
0
0
0
0
0
0
0
0
28
0
0
0
0
0
0
0
0
0
3
0
0
0
0
0
0
0
0
0
0
0
7
0
0
0
10
0
0
12
39
18
12
7
12
0
0
0
0
0
0
0
0
0
0
0
0
0
0
0
0
0
0
3
28
1
0
0
0
6
21
1
0
5
40
0
37
3
1
37
0
0
0
0
0
0
0
8
103
1
31
10
0
29
11
26
59
51
8
0
32
61
10
0
118
0
25
79
137
31
62
0
77
134
13
0
0
0
0
0
0
0
0
0
64
0
0
0
0
0
0
0
0
0
64
0
123
13
13
38
33
0
61
0
19
449
5
59
464
415
405
0
13
17
3
3
7
0
0
0
0
1
0
385
0
0
0
0
0
0
0
0
13
0
0
0
0
0
0
0
60
25
0
36
0
7
59
3
1
62
0
3
0
59
1
90
3
81
8
22
7
4
0
1
0
84
7
3
37
1
8
18
79
1
181
6
3
2
70
449
18
5
13
2
25
6
9
6
424
0
8
8
13
15
60
385
20
16
9
10
2
0
107
0
169
7
27
11
21
0
5
0
18
1
3
11
9
33
18
13
13
130
15
110
8
51
3
171
28
90
8
7
3
1
4
7
157
63
7
26
241
1
268
0
91
12
12
6
0
7
0
67
0
0
0
0
5
23
14
65
27
15
0
0
0
0
0
0
0
0
0
3
0
0
18
54
1
10
0
0
0
4
11
0
0
11
0
5
0
0
0
9
0
488
422
0
0
1
3
0
0
0
0
17
0
0
13
0
16
0
62
15
0
30
59
75
0
0
