184
0
2
1
1
28
3
0
20
239
10
121
1
37
0
12
23
0
0
1
10
3
33
3
6
0
32
11
2
52
1
12
10
14
12
17
12
12
93
21
6
20
0
0
11
11
31
1
190
16
30
11
0
0
1
0
9
501
22
385
11
386
1
16
13
0
0
0
0
0
11
0
0
1
0
0
0
2
11
0
0
0
13
11
12
19
0
0
24
0
0
3
1
0
11
18
3
0
0
0
0
38
0
0
0
0
0
0
0
0
11
0
0
11
0
0
0
11
0
103
1
46
1
22
79
12
466
11
1
11
0
0
0
0
0
0
0
41
13
0
0
5
0
7
0
11
23
0
0
10
0
4
0
1
0
101
0
22
30
10
455
0
0
0
0
20
33
6
10
3
42
23
38
76
405
20
1
12
0
4
0
0
5
0
0
33
33
0
0
0
0
0
0
0
0
0
0
0
0
0
0
20
1
32
12
0
4
100
10
15
10
10
58
0
2
0
20
0
27
0
1
20
2
0
0
0
0
3
0
6
20
10
0
0
5
0
0
5
0
0
0
0
0
3
2
33
0
0
0
0
0
0
385
0
0
0
0
0
0
0
5
20
0
0
20
0
16
20
0
0
12
0
0
1
0
0
1
11
0
0
3
0
20
20
0
0
466
388
0
51
13
12
0
497
0
5
20
0
89
13
385
20
80
11
79
20
6
20
0
10
0
0
24
10
10
22
15
10
10
35
5
0
51
10
1
5
0
0
0
0
0
9
0
87
201
2
12
135
391
12
8
11
2
34
1
70
455
23
216
20
5
0
6
0
101
5
22
7
21
7
11
0
1
12
0
12
14
8
6
0
36
8
20
5
14
17
5
2
3
29
6
24
40
7
0
5
16
9
22
18
5
28
6
5
8
37
13
1
18
6
20
0
1
12
22
5
0
1
319
0
5
0
15
5
12
6
4
1
0
19
53
7
9
6
2
1
13
0
83
21
37
5
29
9
160
0
1
26
1
121
0
137
5
103
3
106
6
7
218
0
0
136
0
22
121
6
1
0
3
2
516
0
25
1
0
5
86
31
0
5
0
20
20
21
20
5
0
0
33
33
0
0
0
0
0
0
0
0
0
0
0
0
0
0
0
0
0
0
0
0
0
0
0
0
0
0
5
1
0
0
27
5
25
5
33
46
0
26
27
58
10
46
20
31
36
5
15
0
5
0
0
33
33
0
0
0
0
0
0
0
0
0
0
0
0
0
0
0
0
0
0
0
0
0
0
0
11
23
18
13
23
466
82
0
1
0
0
0
0
0
0
5
0
2
0
0
1
0
0
0
0
1
0
0
0
0
0
0
5
0
0
0
0
0
0
1
0
0
0
0
15
0
0
0
0
0
13
21
33
0
0
0
405
0
0
0
0
21
2
1
385
6
0
20
10
