0
6
40
0
21
36
6
6
20
1
70
0
15
6
0
0
6
0
10
135
20
0
0
23
55
0
0
0
1
7
55
0
55
0
0
0
55
6
1
71
6
4
0
5
7
10
3
0
10
3
0
26
3
0
0
0
12
20
0
0
1
8
0
101
21
69
0
21
1
6
35
84
112
28
0
6
35
35
134
0
10
5
99
0
0
0
15
0
5
0
6
0
0
0
0
0
10
1
6
0
0
20
0
58
0
78
6
2
16
0
50
0
0
0
0
0
0
0
0
0
445
135
63
6
0
0
0
448
0
0
2
1
0
15
0
1
0
2
5
0
1
0
0
0
7
7
0
0
0
0
0
0
0
0
0
9
1
50
64
7
20
2
7
11
7
0
5
5
0
0
3
0
0
5
0
7
10
3
10
0
18
0
0
0
0
0
0
0
3
0
0
3
3
0
17
0
0
10
1
3
0
0
1
11
11
0
0
18
0
6
0
1
0
4
0
0
1
0
0
2
10
0
0
33
15
0
0
88
0
5
12
0
109
0
0
159
0
0
0
0
0
0
161
51
0
0
415
0
0
2
84
96
117
86
159
0
0
0
0
0
0
117
0
124
99
19
20
0
0
0
21
0
0
423
0
20
51
55
390
0
21
20
36
1
0
0
0
37
0
12
60
99
0
0
0
0
20
29
0
0
5
1
11
0
0
0
3
0
6
0
0
0
0
0
6
0
0
5
0
0
0
0
4
6
5
35
29
5
70
455
23
10
6
12
21
3
18
6
0
0
0
3
5
2
4
9
12
13
9
12
14
0
0
0
22
15
21
5
16
49
13
35
3
12
36
10
6
15
5
13
6
0
0
0
0
28
3
6
7
8
15
12
89
35
109
0
49
28
3
6
6
5
46
10
6
8
0
72
0
13
15
20
13
124
0
11
14
72
5
7
4
0
29
0
5
4
5
23
128
7
12
124
54
7
203
30
12
8
40
13
48
20
12
138
0
6
1
59
15
5
11
0
0
0
98
5
13
204
33
6
60
0
14
178
5
8
6
