0
235
0
4
2
2
4
0
1
0
0
0
0
0
20
12
0
120
40
0
2
0
0
2
114
71
3
0
1
0
70
1
0
66
59
0
1
0
1
9
30
17
1
21
0
0
0
23
0
0
20
2
20
20
0
64
0
0
1
0
0
0
0
0
20
0
0
64
423
9
0
0
0
0
0
0
20
0
0
0
1
0
6
0
9
5
0
0
0
0
0
0
0
0
0
0
0
0
404
64
62
0
20
0
0
1
0
66
0
21
60
59
59
50
10
40
0
0
0
5
6
0
39
40
1
0
1
1
1
1
1
2
1
5
0
1
25
0
20
0
0
44
0
0
0
0
0
0
0
0
0
64
5
9
12
0
0
0
0
0
0
0
0
0
1
0
0
0
0
0
33
0
0
0
0
0
0
0
0
0
0
0
0
0
0
0
0
0
0
0
0
0
0
0
0
0
0
0
0
0
0
0
0
38
2
0
0
0
5
0
0
18
0
0
0
0
0
0
0
0
0
9
0
0
0
9
0
0
0
0
0
0
0
0
0
0
0
1
8
10
0
18
0
0
33
0
0
0
0
0
0
0
0
0
0
0
0
0
0
0
0
0
0
0
0
0
3
3
9
1
1
0
0
0
0
0
0
0
0
0
0
0
0
0
0
0
0
0
0
0
0
0
9
9
2
1
0
1
3
0
405
1
1
0
20
0
0
1
3
0
0
0
0
33
0
20
0
0
0
1
0
1
0
0
20
20
53
34
0
1
1
1
1
20
0
0
0
0
0
0
0
0
2
0
0
0
50
113
0
1
0
0
0
64
232
0
6
7
22
1
20
20
0
0
0
20
418
0
12
2
105
69
8
70
455
23
25
1
2
0
7
7
12
88
0
6
463
0
46
0
14
245
6
8
126
390
21
6
58
12
24
0
7
90
0
10
24
0
6
19
53
7
7
0
0
91
0
5
153
13
6
6
0
0
0
0
64
74
64
0
402
2
23
0
1
56
17
7
5
0
56
17
1
5
5
20
22
0
1
0
0
0
0
9
51
0
0
0
0
0
20
0
0
0
0
1
0
1
0
1
0
0
0
7
6
7
0
7
0
0
0
0
0
0
2
0
0
0
0
0
4
0
0
0
0
0
0
0
0
20
0
0
0
0
0
0
0
0
2
0
0
0
0
0
0
3
0
23
0
0
0
0
0
0
0
1
0
0
1
25
15
0
2
20
0
10
5
10
0
0
0
5
33
0
0
0
0
0
0
0
0
0
0
0
0
0
0
15
6
8
9
10
6
10
11
8
10
55
0
0
0
0
5
2
2
2
2
2
3
3
2
1
0
