4
87
0
25
7
0
1
0
0
9
89
234
0
0
0
3
0
0
0
17
11
75
2
0
4
2
1
31
0
18
26
8
1
22
25
2
3
0
74
22
0
1
0
0
0
3
1
21
86
2
0
6
73
0
2
1
0
0
153
0
85
0
0
0
2
69
8
0
3
0
118
99
1
413
0
21
20
0
0
0
69
65
25
9
38
29
63
607
87
1
0
0
63
521
1
26
67
8
0
0
5
1
0
10
1
0
0
23
0
12
0
461
8
0
1
2
21
0
0
5
523
83
0
0
488
7
11
14
3
1
430
488
8
17
1
5
5
5
5
0
10
3
0
0
0
0
0
0
0
0
0
0
2
2
6
34
51
6
1
3
0
0
0
20
0
107
0
119
0
31
1
3
1
14
0
65
4
64
56
71
0
445
0
0
2
0
0
0
0
0
0
0
0
0
508
2
0
0
0
0
0
0
0
0
0
0
0
0
0
0
0
0
0
0
0
0
0
0
506
22
18
468
0
466
488
15
20
462
2
3
1
11
2
493
0
0
0
0
0
0
0
12
1
0
447
0
2
3
14
6
0
20
425
2
0
0
0
0
0
489
0
1
0
27
425
0
5
4
3
5
60
457
59
20
0
0
0
0
59
0
0
68
0
0
1
1
0
0
12
0
1
0
0
0
4
17
20
84
0
0
0
0
0
0
0
0
1
0
6
0
0
0
0
1
0
6
1
130
9
0
3
59
20
1
6
99
69
64
386
69
2
15
51
5
206
0
10
8
1
0
0
110
424
28
96
5
114
426
113
9
12
11
1
15
418
1
7
2
0
0
8
45
6
11
2
0
0
1
0
5
17
8
0
0
0
11
0
0
135
0
1
0
166
9
13
40
7
44
6
5
2
2
1
122
0
6
1
147
0
2
0
