22
80
0
6
22
2
0
0
10
415
61
59
1
1
5
87
36
1
7
0
0
6
0
0
16
6
0
0
16
0
0
17
0
0
16
0
29
49
1
104
143
117
227
10
108
0
16
24
1
0
1
32
12
10
14
20
2
0
2
10
3
0
12
62
0
486
61
1
27
0
46
12
1
0
0
107
32
19
18
71
19
13
58
49
0
21
10
117
446
407
10
404
46
4
65
20
6
2
402
24
0
0
0
6
30
0
0
0
0
0
0
0
0
0
5
2
25
0
0
0
0
0
21
0
0
1
0
0
15
0
0
0
0
0
0
0
0
0
0
0
0
0
0
390
0
10
385
8
402
15
0
1
1
0
2
0
0
0
399
0
0
0
0
0
0
0
5
102
0
5
0
0
0
0
0
0
0
0
0
0
0
7
2
1
0
0
0
0
0
0
0
5
0
11
0
0
5
49
0
0
2
0
0
20
6
0
0
20
0
1
0
1
1
25
385
103
91
11
60
0
0
0
0
0
1
410
449
0
19
3
386
407
0
76
20
0
20
37
86
1
8
4
47
5
20
0
490
386
428
1
6
0
0
0
0
0
0
0
9
0
26
1
26
39
1
6
67
0
2
5
7
1
1
22
79
1
0
0
0
0
0
0
0
0
0
0
0
0
0
0
0
0
21
15
0
9
0
0
0
0
0
0
0
0
2
0
0
24
5
1
7
0
1
0
14
0
1
11
0
0
4
0
4
64
391
2
14
7
0
1
0
187
15
0
0
0
13
5
10
405
9
6
142
20
218
0
14
9
389
0
10
0
14
0
13
231
0
14
13
20
3
385
51
9
333
24
23
1
92
20
18
6
6
21
122
0
7
27
15
421
30
0
0
61
24
5
6
2
15
202
0
16
141
0
5
5
