20
1
0
0
3
5
2
4
109
20
0
1
126
8
0
12
0
0
4
0
1
64
69
0
116
67
2
2
14
4
0
0
21
0
14
19
11
2
76
7
0
1
3
3
1
41
4
30
1
1
0
0
1
11
5
0
6
0
2
0
3
0
5
0
1
5
0
0
0
1
0
6
18
7
4
5
1
1
0
0
69
82
456
0
0
0
2
2
30
54
385
0
2
81
0
423
4
1
413
89
0
41
242
21
0
1
0
65
5
0
0
18
0
75
1
64
1
0
0
1
1
0
0
0
0
1
0
0
0
0
0
0
3
1
2
0
0
0
0
9
0
0
0
0
0
3
187
3
24
20
0
0
18
22
149
43
0
66
0
0
5
1
428
20
424
0
1
0
0
9
3
0
0
1
0
0
1
0
0
0
0
0
0
387
0
0
0
0
0
0
0
0
0
0
0
0
1
3
3
26
389
1
135
4
0
0
66
149
0
1
0
0
0
118
1
1
3
2
0
3
0
0
0
0
0
0
0
0
3
6
2
0
1
1
2
0
0
0
0
0
0
0
2
0
35
1
0
1
0
0
0
2
0
0
0
6
1
34
17
16
0
0
0
0
0
0
0
0
1
3
2
0
0
10
11
0
0
0
0
0
10
1
2
4
1
2
0
0
6
2
1
5
2
3
0
64
0
1
15
3
0
0
11
2
6
7
7
154
43
5
13
0
0
9
0
90
69
8
116
20
69
455
23
25
1
22
5
0
12
1
6
0
405
1
5
88
0
6
6
8
1
117
6
0
35
1
116
0
15
0
143
2
14
25
48
12
26
28
25
0
444
85
23
0
1
17
8
6
0
7
5
8
9
0
5
6
3
0
0
0
0
6
17
33
9
0
130
151
0
0
12
65
15
5
87
18
71
3
0
