8
302
0
8
0
7
0
2
20
0
2
45
10
15
195
20
0
0
0
0
2
7
39
0
12
0
22
2
11
61
0
2
2
46
2
0
20
46
23
27
0
22
4
1
48
0
0
0
0
0
0
0
0
0
0
0
0
23
1
2
40
1
0
0
5
17
35
7
63
0
19
1
3
3
13
0
0
0
0
11
82
0
68
0
0
0
0
17
6
0
14
27
40
20
42
20
25
25
0
9
89
17
5
20
0
20
26
1
0
0
25
25
18
25
0
20
20
20
0
0
20
0
0
27
0
1
27
0
0
0
0
0
0
0
0
0
0
1
4
0
0
0
0
0
0
0
1
5
0
2
0
0
0
0
0
0
0
0
0
8
0
0
9
0
1
0
0
0
0
1
5
0
0
0
0
0
0
0
4
0
0
0
0
0
0
0
0
0
6
0
0
6
1
0
0
19
0
0
19
52
9
12
94
41
64
0
12
0
0
0
52
0
0
0
0
0
0
0
10
0
0
0
0
30
47
0
65
20
20
9
20
29
0
19
27
26
0
0
0
0
0
0
0
0
0
0
32
0
10
2
10
8
20
0
1
90
25
0
0
0
0
0
0
0
0
0
0
0
0
0
0
10
5
37
22
20
30
37
0
0
21
44
2
1
0
2
1
10
0
11
22
0
0
0
0
0
0
0
2
8
25
0
1
206
2
7
36
8
0
6
183
0
0
100
4
0
1
4
0
22
33
5
19
55
2
26
24
1
11
0
0
0
0
6
0
1
4
8
7
17
0
7
5
6
286
19
50
193
8
120
26
14
0
6
5
12
19
89
3
0
6
23
18
135
8
47
45
8
29
7
12
29
9
6
3
1
28
11
9
9
4
0
30
0
15
0
18
12
0
90
13
6
6
5
5
15
22
15
16
5
37
9
36
0
18
140
29
59
8
155
0
0
7
19
8
10
6
1
25
0
8
0
1
2
0
0
108
12
0
2
5
0
1
0
0
0
0
0
0
0
0
0
0
0
4
