75
124
0
26
10
12
12
83
6
13
0
9
49
24
12
0
5
21
0
30
61
26
0
36
52
11
11
2
0
33
20
61
14
0
37
90
0
12
21
13
90
124
98
46
0
20
9
27
0
0
0
98
0
33
49
10
0
11
9
0
9
0
0
9
40
0
0
0
6
22
80
0
0
0
0
63
28
0
15
0
9
70
15
61
24
0
0
117
58
27
10
0
12
0
36
12
12
21
20
13
0
0
12
8
12
0
0
12
27
0
7
9
0
0
0
1
0
5
0
1
0
12
12
12
0
0
0
0
41
12
20
32
0
0
0
0
0
0
0
0
0
0
0
0
0
0
0
2
0
18
7
0
38
0
0
4
132
3
10
15
1
0
33
30
48
0
0
116
5
42
0
59
34
0
78
20
53
33
0
20
0
0
0
0
0
0
48
25
0
0
0
0
0
0
0
0
48
77
4
7
8
18
91
32
116
27
0
0
28
10
19
0
0
0
0
0
0
22
16
0
0
12
13
12
0
3
1
2
13
4
24
26
10
1
13
13
22
27
12
0
3
81
13
3
27
14
10
97
12
13
12
79
83
37
224
63
12
0
10
0
12
12
0
13
31
0
0
0
6
0
0
4
19
5
17
19
20
0
19
85
58
21
27
13
13
1
0
218
21
1
1
11
14
64
5
16
1
1
14
14
6
2
0
392
2
12
417
0
18
11
93
5
18
9
27
11
11
52
6
124
27
5
9
24
31
48
12
6
64
0
90
4
11
6
12
28
7
19
14
1
8
4
91
5
1
82
21
13
6
21
6
16
0
29
9
5
11
77
1
25
19
20
21
9
18
23
6
6
9
6
99
17
216
36
15
0
0
