26
219
0
20
13
59
9
0
17
31
10
50
2
46
20
0
5
0
0
6
0
236
10
19
338
31
10
10
74
26
12
42
38
5
11
19
9
1
1
0
0
2
3
2
60
2
12
0
0
405
221
93
20
11
90
1
449
16
386
59
15
12
269
0
17
81
111
87
5
17
4
0
0
120
0
0
0
0
1
0
0
0
0
0
0
0
0
0
0
8
2
0
0
516
17
144
69
21
1
387
415
3
0
6
22
5
0
5
0
0
134
0
0
3
3
0
0
21
16
27
39
23
9
27
0
0
0
1
52
21
0
0
78
0
0
27
27
0
0
0
0
15
49
0
0
0
0
0
0
0
15
30
0
1
24
19
14
0
0
0
0
50
0
0
0
0
0
1
0
0
0
5
0
0
0
0
0
0
0
0
27
0
0
3
0
0
0
0
0
0
0
1
2
0
0
5
81
2
0
0
2
0
21
146
4
16
413
385
15
79
20
22
0
196
85
81
20
154
119
0
101
130
6
122
88
428
633
519
10
32
3
2
106
40
0
421
407
2
0
0
0
17
1
12
0
0
2
2
3
2
0
0
10
103
10
11
0
59
11
12
27
0
26
17
1
0
0
0
0
0
0
59
1
381
2
545
0
0
0
0
0
0
0
0
0
0
0
0
0
0
0
0
59
1
2
0
0
0
0
14
19
2
16
1
30
2
2
2
0
1
31
0
0
64
0
2
0
1
0
0
0
0
0
0
0
0
0
0
0
0
0
36
2
16
29
11
60
22
194
1
6
162
9
5
0
70
455
23
60
2
11
41
14
0
103
9
11
14
15
6
31
15
5
61
11
64
2
13
14
4
86
0
6
15
0
0
98
0
34
1
17
0
16
13
94
5
6
14
0
224
0
1
15
15
0
6
3
42
33
13
6
6
80
7
27
20
6
41
0
411
22
91
0
4
10
10
12
10
24
0
5
0
24
0
5
0
132
90
1
21
45
5
32
9
10
84
7
208
29
12
168
98
0
14
411
27
173
24
4
101
4
6
6
