15
0
0
37
37
25
20
1
5
66
20
8
14
8
72
15
0
11
0
20
0
10
0
15
12
12
27
0
15
0
3
0
0
0
1
63
3
0
1
28
28
1
2
17
40
1
21
5
17
7
0
0
0
5
26
7
7
69
0
6
36
27
17
411
29
10
1
1
5
10
0
96
0
0
0
0
0
0
0
0
0
0
50
15
15
0
0
1
0
20
0
28
0
13
1
500
404
16
39
58
2
33
53
0
123
1
458
0
0
0
0
0
385
3
9
0
9
439
0
112
0
62
4
2
1
2
0
0
20
0
12
0
29
0
1
4
3
0
0
0
0
0
2
4
445
9
1
4
432
0
0
0
14
6
0
5
0
0
385
0
0
0
0
1
1
407
5
5
5
459
118
0
0
0
0
9
0
0
1
18
27
404
0
0
0
0
4
21
0
0
0
0
0
1
5
5
8
3
3
0
13
0
0
0
394
0
0
430
385
0
1
0
0
0
0
36
49
0
0
3
385
0
0
0
0
0
0
15
1
17
425
2
8
19
0
14
1
73
11
0
15
0
0
60
0
0
1
25
20
1
0
0
20
30
1
0
3
8
21
12
9
19
499
0
3
12
2
36
36
1
8
2
3
67
455
23
13
1
5
7
4
2
5
12
138
402
2
37
203
396
12
107
26
130
405
6
2
12
1
426
1
6
0
7
10
34
15
17
34
0
1
0
15
42
6
22
9
44
91
0
5
114
0
0
11
65
15
5
6
6
0
1
18
17
26
13
414
0
1
6
414
0
1
6
65
1
146
0
5
142
0
6
16
2
44
7
6
0
0
15
0
0
3
0
0
17
475
66
12
24
9
34
20
17
0
3
3
28
0
0
0
0
0
0
0
0
0
0
0
0
0
0
0
14
0
0
0
0
0
0
0
0
0
0
0
0
0
0
0
0
0
0
0
3
0
2
6
0
0
0
3
4
0
0
0
0
0
0
3
0
0
0
0
0
0
0
15
0
0
