112
0
5
0
0
84
0
129
17
90
0
92
4
30
155
0
0
136
6
0
0
1
60
63
77
4
124
5
61
0
15
56
20
0
0
0
0
0
0
98
0
181
11
0
0
0
10
1
13
10
0
0
0
18
0
0
10
0
0
0
0
0
17
2
59
66
0
1
11
0
1
1
0
0
1
0
0
0
0
0
0
0
0
0
0
0
0
0
0
0
0
0
0
0
0
4
0
0
2
0
0
0
0
0
0
0
0
0
6
0
0
10
0
0
0
0
100
0
2
9
0
8
0
1
69
16
0
0
0
0
0
0
0
0
0
0
3
0
64
0
32
0
6
0
0
41
1
7
10
63
63
0
0
0
1
1
0
0
0
0
35
0
5
1
10
10
0
0
5
0
0
1
17
0
0
12
4
0
0
2
0
0
1
2
16
1
0
4
14
1
69
1
10
3
0
0
13
0
2
3
0
0
4
1
0
0
0
20
0
10
0
0
55
39
16
1
0
0
0
0
0
0
0
0
0
0
0
5
0
5
0
10
5
0
10
0
10
11
0
12
0
20
1
31
0
0
1
39
0
1
10
0
110
11
6
0
0
5
0
10
10
10
14
2
11
0
1
4
10
15
58
1
1
0
7
0
0
1
1
4
0
0
5
21
5
0
59
0
0
0
0
0
10
0
10
0
0
0
0
10
0
10
0
6
1
6
21
0
84
75
0
0
0
1
4
74
1
63
79
19
14
76
25
1
59
5
23
12
101
0
0
6
0
0
0
14
63
69
6
6
1
1
0
34
35
18
64
19
0
391
1
8
15
0
25
6
1
0
6
8
0
16
9
65
35
385
394
10
47
73
9
8
5
0
1
6
3
16
112
4
28
20
0
1
0
0
9
0
7
5
8
9
63
1
6
0
2
7
14
0
2
22
21
0
10
10
21
15
31
14
11
42
4
30
0
0
0
0
31
9
10
20
21
9
21
17
6
145
5
117
0
9
0
57
63
5
51
0
100
4
0
0
2
1
1
0
0
1
1
59
10
0
0
0
0
0
69
10
0
0
0
0
0
10
0
1
1
10
0
10
3
0
0
0
0
65
4
0
0
1
0
12
5
1
0
0
0
0
0
0
0
10
10
0
11
29
25
1
10
5
1
24
0
0
0
1
1
0
0
0
3
1
0
0
9
0
0
0
0
0
0
0
0
0
0
0
0
0
0
0
8
0
0
7
10
0
16
0
0
0
2
0
0
0
