6
0
1
0
0
98
6
18
10
1
12
97
17
167
74
8
21
20
20
12
7
15
26
25
5
1
0
0
0
85
1
63
1
1
19
1
21
63
4
24
0
10
11
0
11
1
1
1
20
0
11
1
0
2
7
7
19
6
0
11
90
5
64
1
1
3
1
2
0
63
68
1
21
90
198
6
0
7
0
0
0
16
467
401
153
28
8
0
3
4
0
34
5
5
2
0
10
20
0
20
0
5
2
6
3
417
3
20
387
0
3
20
416
43
0
6
457
2
401
2
2
6
0
0
1
389
0
21
23
3
1
0
1
10
20
6
23
35
24
15
17
411
438
407
21
440
5
0
0
0
0
0
0
0
0
0
0
0
0
0
0
0
0
0
0
0
0
0
0
0
0
0
0
0
0
1
11
414
385
385
385
0
0
0
0
0
0
0
0
0
0
0
0
0
0
0
0
0
0
408
11
0
0
0
0
0
385
385
385
385
0
0
0
0
0
0
0
0
0
0
0
0
0
0
0
0
0
0
0
0
0
0
0
0
0
0
0
0
0
0
0
0
0
0
0
0
0
401
26
19
21
405
1
0
20
27
22
418
0
385
6
385
551
3
3
1
42
15
34
400
0
23
0
0
0
385
385
385
0
0
0
0
0
0
0
0
0
0
0
0
385
385
385
385
385
0
0
0
0
0
0
0
0
0
0
0
0
0
0
0
0
0
0
0
0
0
0
0
20
79
7
8
15
209
123
219
214
117
67
46
75
48
0
0
438
0
16
162
117
430
406
20
1
21
0
35
6
0
4
8
7
0
0
11
24
2
0
12
0
16
16
7
6
0
11
2
10
24
0
0
187
8
13
113
26
13
14
8
12
6
0
0
66
455
23
20
0
5
53
5
6
26
12
18
14
16
20
8
0
21
10
2
4
6
8
0
0
4
2
0
6
5
11
10
6
0
0
0
7
15
6
11
13
6
16
12
15
26
0
9
0
0
1
47
16
28
140
8
12
132
9
8
9
37
7
113
14
12
7
3
37
0
20
7
0
10
10
9
16
9
11
5
0
0
0
9
7
38
0
0
84
4
11
0
11
11
6
0
0
390
7
36
0
13
15
1
79
13
6
105
15
123
426
2
7
5
30
22
14
0
9
0
6
5
94
10
0
1
5
0
32
17
15
395
12
11
28
15
12
27
19
11
27
9
8
8
13
6
6
0
424
10
16
0
4
31
0
16
5
19
0
41
6
11
38
17
7
10
398
0
387
0
0
6
385
37
26
9
1
0
6
4
1
6
6
0
7
8
5
1
7
11
16
7
51
5
11
1
12
397
9
6
14
0
10
226
0
0
200
0
6
7
146
8
23
181
0
0
1
24
20
115
9
5
60
0
8
14
47
0
5
0
6
7
94
9
14
80
4
6
0
0
0
0
2
0
6
11
30
3
0
1
0
0
72
27
0
36
27
0
22
21
21
1
0
6
83
12
41
1
1
412
9
37
33
395
0
0
0
385
385
385
385
385
385
0
0
0
0
0
0
0
0
0
0
0
0
0
0
0
0
0
401
46
1
385
0
385
385
385
0
385
0
7
20
385
0
385
0
0
0
0
0
0
0
0
0
0
0
0
0
0
0
0
0
0
0
0
0
0
409
32
0
0
0
0
0
0
0
0
0
0
0
23
32
0
0
385
0
0
0
387
0
20
