6
194
0
25
0
72
117
142
0
0
0
106
0
47
103
1
0
15
101
0
0
20
7
6
117
16
70
68
12
8
7
162
233
51
70
0
132
71
0
0
0
70
0
10
0
0
1
0
75
2
65
70
86
0
0
0
0
0
10
68
5
75
0
12
63
72
529
63
63
0
0
0
3
63
0
0
0
0
1
0
0
97
97
12
9
1
1
0
0
0
27
0
0
0
0
0
2
71
17
10
90
0
0
0
0
0
0
7
17
0
0
0
0
0
0
0
0
0
0
0
0
0
0
10
10
27
0
0
0
0
0
0
0
0
0
0
0
0
0
71
0
0
21
70
70
138
1
9
0
5
0
0
0
0
0
0
6
42
1
0
0
0
16
24
0
0
13
142
70
103
32
2
17
0
10
1
217
14
90
42
29
42
37
1
25
4
5
83
190
126
112
14
36
50
0
35
72
55
70
46
0
64
100
100
70
0
16
13
0
0
16
0
0
0
0
0
0
0
0
0
26
132
20
100
0
0
0
114
85
30
1
91
139
30
162
0
7
26
25
25
0
27
0
0
117
6
127
32
100
84
51
12
26
0
5
100
0
0
70
1
5
105
75
103
1
0
100
7
19
7
0
18
24
16
0
16
7
112
0
0
70
79
16
27
38
47
1
45
48
77
43
124
0
6
8
99
0
5
9
64
4
63
3
2
387
0
0
2
0
0
0
0
0
0
0
0
0
6
0
0
0
0
0
0
0
0
0
0
0
0
0
0
0
3
0
3
0
0
0
3
0
1
0
0
0
0
3
0
0
0
0
2
15
80
70
1
0
227
77
0
3
44
0
91
71
71
91
0
71
0
0
0
0
54
16
150
22
5
12
5
513
0
9
1
64
455
14
32
64
6
386
140
3
127
6
4
7
22
17
28
5
1
196
20
14
8
19
27
0
1
4
30
6
19
48
12
38
0
9
5
0
9
428
0
4
13
19
0
28
6
261
20
12
8
1
48
1
12
103
3
184
36
7
6
