406
226
0
1
21
416
438
25
21
43
0
141
49
122
0
0
6
0
2
63
49
29
31
0
0
34
21
27
26
20
6
432
121
21
421
21
67
49
3
0
1
13
30
2
386
74
39
4
1
34
1
0
412
0
87
1
4
0
20
3
1
1
21
438
40
5
9
20
30
36
1
2
411
402
0
0
0
0
0
5
5
1
12
54
0
1
9
5
0
47
7
1
0
0
420
0
5
5
0
0
0
0
5
0
1
21
407
9
395
10
5
1
0
0
0
0
0
0
6
0
0
0
0
0
0
0
22
1
0
1
0
0
0
0
0
0
0
0
0
0
1
1
1
0
5
0
0
1
0
435
4
167
0
49
0
60
28
33
2
25
121
7
0
0
0
19
0
0
22
0
18
0
0
2
1
35
32
0
20
14
19
21
42
20
26
118
45
14
1
0
0
0
0
0
0
0
485
4
26
34
0
0
11
13
0
1
0
0
0
0
10
0
63
11
0
0
0
0
0
0
0
0
0
0
0
0
0
0
0
0
0
0
0
0
0
0
19
0
0
0
20
0
0
0
0
0
0
0
0
0
0
0
0
0
0
0
0
20
34
19
19
69
22
388
15
5
0
0
1
1
8
4
18
3
0
3
0
0
3
0
0
0
0
0
0
0
15
0
0
0
0
0
0
0
0
0
0
0
0
0
0
0
0
0
0
0
0
0
0
0
0
0
0
0
0
0
0
0
0
0
0
6
0
0
5
73
0
0
0
0
0
0
0
0
0
0
0
0
0
0
0
0
0
19
5
1
385
0
0
0
20
405
25
27
1
0
2
0
9
0
0
417
0
42
10
0
385
385
18
425
1
5
0
0
0
20
10
10
0
5
11
19
37
1
5
70
455
6
17
43
5
13
37
14
18
3
0
1
2
9
1
15
0
5
10
0
13
0
1
18
19
0
20
13
6
20
0
1
0
12
38
0
28
23
208
1
12
120
432
9
29
0
41
6
9
10
1
0
8
0
5
104
2
6
61
21
225
0
2
12
259
0
0
6
232
6
1
96
0
2
12
31
9
24
0
1
24
0
0
13
29
7
6
5
43
2
35
452
5
6
134
5
8
68
1
121
0
136
22
6
