390
120
0
0
0
0
0
0
1
0
8
391
12
390
385
0
0
15
30
0
5
0
0
0
10
0
0
0
0
0
0
0
0
0
0
0
0
0
176
134
0
126
2
3
136
1
169
0
3
0
395
0
1
385
1
1
0
1
387
10
385
391
20
0
0
31
521
385
385
29
0
3
22
99
44
5
6
0
0
0
117
39
0
2
397
0
5
6
1
423
385
391
385
47
5
5
390
396
1
385
1
0
1
0
0
385
400
0
5
388
28
27
0
0
0
0
0
26
21
6
0
0
0
0
0
0
0
0
0
5
6
5
0
0
0
0
6
0
6
0
0
1
1
0
6
0
0
0
0
0
0
0
414
0
0
0
0
0
0
0
0
0
0
11
0
0
0
0
6
0
0
0
5
1
0
7
0
3
1
24
0
0
3
0
0
0
0
27
0
0
0
9
5
5
0
0
1
2
0
0
1
1
385
0
0
0
23
6
1
424
389
0
0
119
0
0
0
3
0
392
5
0
0
6
0
0
0
0
0
0
0
0
0
0
0
387
11
0
0
0
0
0
1
0
386
27
11
0
0
0
0
4
0
20
4
0
20
0
2
0
0
130
22
47
99
44
0
0
444
392
386
411
22
15
405
6
1
18
0
0
0
11
4
38
21
5
24
2
4
21
1
0
0
38
59
0
390
0
399
551
385
385
385
385
0
4
0
0
20
0
0
0
0
0
453
385
385
385
385
0
4
20
28
392
0
0
119
23
386
546
385
385
385
385
0
4
0
20
0
0
0
0
0
0
0
0
0
0
119
0
28
0
0
25
413
5
2
15
1
390
385
392
390
0
385
467
125
1
66
455
102
429
84
0
44
94
0
46
10
10
21
1
12
1
128
0
16
9
52
0
1
27
21
32
11
20
0
23
28
32
27
27
5
207
36
7
70
0
44
6
176
33
13
64
0
5
130
39
125
49
13
93
0
0
101
0
3
0
