21
33
1
8
1
0
7
0
2
21
0
0
29
60
0
21
10
21
33
33
12
80
11
33
20
21
0
155
49
79
10
0
69
0
0
0
1
10
170
0
22
0
181
33
153
128
21
0
8
20
0
0
69
0
0
20
3
26
1
1
1
1
21
0
10
5
60
49
0
0
0
0
0
24
2
84
0
15
90
0
0
0
0
63
74
157
425
1
3
6
6
12
20
5
0
437
0
6
30
25
1
0
1
10
54
0
5
10
12
64
9
98
9
69
24
9
0
36
0
0
0
0
1
51
6
0
0
17
10
0
5
5
15
0
10
0
0
80
94
65
69
0
15
0
0
49
75
0
0
0
15
94
60
10
10
74
64
28
0
0
0
0
1
12
0
20
5
0
5
16
0
0
50
20
144
0
0
0
97
35
22
46
74
23
20
116
20
20
5
0
0
0
0
0
0
0
0
0
137
0
13
0
0
0
116
0
33
0
33
0
33
0
34
0
0
0
0
51
391
30
0
7
4
1
1
0
13
20
4
20
6
0
2
0
52
0
0
0
0
0
3
1
0
1
6
2
1
26
0
21
8
0
1
0
0
0
1
0
1
0
0
0
1
0
0
1
6
1
0
0
0
3
0
0
3
0
4
0
0
11
0
0
0
149
0
0
103
0
0
9
6
69
0
9
86
11
89
1
3
33
20
0
0
11
94
11
16
19
18
1
9
0
70
455
9
10
26
5
19
0
32
20
9
9
17
0
0
25
0
19
0
14
1
178
5
31
9
17
0
204
10
138
6
19
0
222
10
13
20
0
1
211
0
6
