0
52
0
6
0
16
67
0
40
0
0
0
59
0
0
0
0
12
0
0
0
27
1
1
3
0
0
1
0
0
0
0
19
1
0
55
42
0
1
0
0
17
1
20
1
4
3
0
0
3
9
10
13
1
31
3
3
20
21
0
8
6
81
11
6
16
30
0
25
0
0
0
0
15
5
1
0
0
15
0
0
0
25
17
5
26
1
17
396
5
0
14
1
0
0
3
0
6
39
56
2
3
39
12
411
461
0
39
13
1
21
3
130
0
41
1
7
57
1
51
42
4
1
6
2
0
1
0
0
0
5
3
0
3
3
21
0
0
0
5
0
1
1
21
1
16
20
10
149
1
393
425
39
10
1
407
0
0
3
20
6
43
20
388
42
0
0
0
0
0
0
0
0
0
1
0
0
0
1
0
42
0
26
1
0
39
0
0
0
0
0
1
6
3
1
39
11
13
0
0
0
0
0
0
1
0
39
2
0
0
0
0
0
0
0
0
0
0
0
0
0
0
0
0
6
1
40
0
41
0
26
41
39
0
1
39
0
17
39
1
3
40
41
3
5
40
0
2
20
0
0
20
0
6
0
22
0
21
44
43
0
1
44
2
4
1
0
1
5
41
1
1
23
39
40
0
1
5
21
11
0
41
0
0
6
23
7
6
18
0
7
8
10
31
63
9
46
16
6
138
5
18
6
0
2
0
6
64
455
23
11
5
0
6
6
0
19
5
8
6
0
12
1
6
1
2
15
11
0
5
0
5
2
0
0
0
385
5
2
0
0
0
0
1
0
5
0
25
58
12
88
41
12
6
20
4
20
87
10
2
5
0
13
6
12
6
6
0
19
11
21
6
0
33
13
6
9
0
1
6
390
10
15
0
25
0
5
3
33
0
0
6
5
29
3
10
13
5
6
8
6
2
6
18
0
0
1
0
0
27
28
0
0
2
2
20
0
36
2
5
3
6
0
16
11
17
34
1
10
0
0
16
0
0
0
10
0
0
11
10
1
39
0
39
0
3
0
0
0
1
91
0
52
0
12
0
15
39
440
0
0
