0
3
0
0
5
1
40
0
20
15
12
0
3
1
1
1
1
12
0
0
0
46
1
13
41
1
3
17
0
0
385
1
0
0
0
6
1
0
0
0
0
3
0
0
1
0
0
0
3
0
0
1
5
1
1
3
32
0
2
105
1
1
20
5
35
3
27
0
5
11
0
91
0
15
12
1
69
0
21
21
572
0
385
405
412
68
20
11
385
1
11
408
0
0
0
10
3
1
6
4
0
49
1
46
21
0
10
18
40
40
1
0
2
0
0
48
2
5
10
0
2
0
2
0
0
3
0
1
0
2
0
2
4
0
0
1
6
2
1
27
1
4
0
6
0
7
1
22
20
4
10
0
0
0
10
0
10
10
2
0
3
0
1
2
0
0
4
1
0
2
0
0
0
21
25
261
88
490
407
2
1
386
3
0
0
515
2
0
0
0
0
0
0
390
0
0
0
0
446
0
397
0
131
0
0
16
10
392
0
0
415
1
0
179
390
402
386
131
1
129
1
0
385
0
0
0
406
112
20
36
1
31
3
0
141
2
63
0
1
85
82
11
130
416
0
0
1
1
1
0
0
0
0
1
0
0
0
4
0
0
3
0
0
0
3
3
3
0
3
3
0
0
3
0
0
0
3
0
3
3
0
3
386
387
13
385
8
1
0
0
20
406
386
0
2
38
0
0
1
1
2
5
0
78
1
5
0
0
4
1
12
6
0
64
455
23
88
6
119
31
8
7
5
0
0
0
12
0
11
1
11
8
421
1
11
5
0
7
17
6
11
6
2
0
10
8
3
7
17
8
1
92
1
6
88
0
15
0
1
0
387
4
15
29
22
8
85
2
5
182
2
185
9
11
10
36
9
5
3
0
15
0
11
2
0
20
86
39
285
9
6
19
2
15
18
12
134
5
6
1
24
13
6
37
6
45
32
171
2
8
5
11
0
0
0
0
30
0
0
0
10
0
0
5
0
1
0
0
1
1
4
9
0
0
0
0
0
1
0
0
0
1
0
0
0
0
10
4
0
4
4
0
4
0
6
4
519
0
0
0
0
0
0
0
9
3
0
0
22
121
20
10
514
0
0
0
0
0
0
0
9
3
0
0
21
112
20
10
514
0
0
0
0
0
0
0
9
3
0
0
21
121
20
10
514
0
0
0
0
0
0
0
9
3
0
0
21
121
20
9
