393
1
0
1
12
11
84
0
454
1
0
17
1
393
5
0
12
0
0
0
0
0
1
10
0
0
14
21
2
0
1
1
20
9
4
15
3
2
10
0
2
30
3
400
101
5
51
13
0
169
42
88
14
0
0
0
2
19
15
2
17
0
1
19
18
10
15
28
20
0
20
2
1
12
10
15
1
0
30
0
4
11
1
20
16
1
0
11
2
16
10
0
0
0
0
0
0
39
0
2
0
0
1
0
0
0
0
3
1
2
25
0
19
1
4
0
16
13
2
0
12
10
10
0
2
0
2
3
0
0
1
2
0
3
0
1
1
15
12
10
0
7
1
1
2
26
28
126
0
0
0
0
0
0
0
0
0
494
0
0
0
0
0
117
0
29
0
10
47
28
0
0
0
0
0
0
0
2
0
14
24
0
0
0
0
0
0
0
0
1
0
6
0
0
10
20
15
0
2
0
0
0
10
2
0
26
29
0
1
0
26
0
0
0
0
29
20
1
5
1
531
501
59
26
0
0
0
0
0
0
0
0
385
14
425
16
0
0
0
0
0
0
0
0
0
96
0
0
68
50
15
4
22
0
30
1
15
10
11
64
0
439
0
458
80
0
59
0
0
0
0
0
0
0
0
0
0
0
0
0
0
0
385
14
0
425
0
16
0
0
0
20
59
1
0
2
0
2
7
0
1
0
80
0
0
10
0
25
27
0
0
10
0
2
1
0
427
0
0
0
0
0
0
60
11
0
39
2
0
0
26
0
0
7
1
0
61
9
6
5
414
0
20
1
0
0
1
15
15
35
21
20
1
2
0
3
10
32
0
18
0
2
6
385
6
15
11
38
1
5
483
39
0
6
0
0
1
0
4
16
6
7
10
15
6
64
455
20
16
29
16
7
391
22
7
3
15
11
99
0
386
14
4
7
5
8
36
5
0
0
0
4
385
0
2
19
34
21
24
5
15
53
16
28
11
1
17
0
0
4
0
0
2
11
2
10
5
1
21
6
390
3
23
0
30
1
0
11
24
21
1
0
9
17
4
6
12
114
426
0
1
89
0
10
3
0
21
0
0
6
1
11
0
33
19
28
0
15
17
22
0
16
5
34
25
17
25
4
10
1
20
2
3
16
9
42
6
385
29
6
23
11
7
5
6
16
36
69
408
1
1
13
0
385
14
237
0
0
18
2
1
0
10
4
4
2
13
0
124
390
10
42
15
3
10
20
0
10
0
0
0
0
0
0
0
0
0
10
0
0
0
2
2
2
0
2
2
2
0
0
0
0
0
0
0
0
10
10
0
0
0
0
10
10
0
0
0
0
0
0
0
0
0
0
0
0
0
0
0
0
0
0
0
0
10
10
0
0
2
2
60
0
2
5
0
0
0
60
40
15
9
0
0
0
0
62
1
0
0
21
0
80
2
2
0
426
15
0
0
1
0
1
0
0
0
0
0
1
0
0
0
21
0
1
425
0
