3
23
0
7
4
3
5
15
0
3
443
3
0
0
72
0
0
10
0
1
0
11
0
0
0
1
0
0
0
0
11
0
25
3
3
5
42
20
0
29
0
26
0
10
0
10
10
0
6
6
2
0
0
1
0
4
0
17
0
9
1
3
0
30
34
9
9
11
20
11
35
0
9
20
9
9
1
0
17
29
18
19
13
2
17
0
0
3
18
0
0
18
15
3
15
18
3
0
8
7
0
16
0
8
8
28
0
15
1
6
3
3
0
3
3
108
1
4
4
3
4
0
26
2
4
1
0
1
0
0
0
0
1
12
1
17
12
0
4
1
0
1
11
1
0
0
0
0
1
0
10
0
0
0
0
0
0
0
0
0
0
0
0
0
0
2
0
0
9
0
0
0
11
10
10
11
0
0
0
0
0
0
1
0
0
0
0
2
0
0
0
0
0
0
1
0
0
14
20
21
0
53
9
9
18
18
9
21
10
1
13
11
9
0
20
1
1
1
20
0
0
519
5
20
19
20
33
0
0
1
0
20
0
0
0
3
10
0
0
1
21
0
0
20
0
20
0
0
0
6
0
411
445
20
9
0
0
0
0
0
0
0
0
0
0
0
0
0
0
0
0
0
0
0
21
15
6
454
1
13
3
397
3
0
0
0
0
0
6
0
0
6
0
0
411
445
20
9
0
0
0
0
0
0
0
0
0
0
0
0
0
0
0
0
0
0
0
1
12
0
1
476
31
20
0
0
411
445
20
9
0
411
445
20
9
0
0
0
0
0
0
0
0
0
0
0
0
0
0
0
0
0
0
0
0
0
0
0
0
0
0
0
0
0
0
0
20
1
0
5
1
434
0
0
0
1
10
21
22
0
0
0
0
6
0
0
0
6
411
445
20
9
0
411
445
20
9
0
0
0
0
0
0
0
0
0
0
0
0
0
0
0
0
0
0
0
0
0
0
0
0
0
0
0
0
0
0
3
3
4
3
0
13
0
0
0
0
10
0
0
0
0
0
0
0
0
0
0
0
0
22
16
9
1
3
9
4
4
12
1
0
0
0
12
10
38
3
16
0
18
5
7
4
0
6
7
0
64
455
26
6
0
6
3
20
0
8
6
11
16
0
19
10
93
9
12
13
5
120
426
27
11
11
17
19
21
133
5
21
96
15
0
4
10
1
6
21
6
5
3
0
32
18
29
10
11
44
0
11
8
41
5
6
35
8
5
9
3
0
20
0
41
5
155
3
11
5
3
5
0
0
3
3
1
0
1
7
0
9
0
3
0
0
0
1
0
0
0
0
11
387
0
426
47
60
1
0
9
3
0
385
9
9
9
445
425
20
0
1
0
0
0
7
7
0
1
1
0
0
4
0
0
386
71
411
1
9
5
0
0
0
2
1
6
9
0
18
412
38
63
533
68
44
0
0
62
65
0
13
4
0
7
0
0
0
13
22
0
0
0
39
0
18
14
1
0
0
8
0
0
