0
1
0
8
4
0
4
6
405
0
0
0
0
0
1
0
0
1
0
0
3
3
9
5
0
9
3
0
0
0
25
3
11
0
40
4
54
0
4
0
0
10
10
0
0
1
0
0
83
390
385
1
0
21
0
3
1
3
0
9
0
3
6
0
0
0
0
4
5
0
3
0
3
0
0
2
0
6
0
0
5
0
0
6
12
2
0
8
5
1
0
0
0
3
1
0
69
0
0
0
0
0
0
2
0
0
0
8
0
0
0
0
0
0
0
0
0
5
0
11
0
0
0
0
0
0
0
0
0
0
0
0
5
0
0
0
0
0
0
0
0
3
6
1
0
0
3
7
3
1
82
60
0
58
60
1
0
0
0
1
11
0
59
0
3
0
4
0
5
0
0
0
15
0
15
5
0
10
0
0
0
0
0
0
0
0
18
3
40
2
9
0
0
5
87
1
0
3
0
5
59
59
0
0
1
1
25
20
26
8
15
0
438
0
0
2
2
24
411
0
33
18
0
0
73
0
0
0
0
0
3
0
62
80
474
0
385
406
11
20
23
1
31
411
4
417
0
0
0
0
0
0
0
0
0
0
0
0
0
0
0
0
0
0
0
0
0
0
0
0
0
0
0
0
0
0
385
0
405
0
385
0
7
385
3
2
1
6
0
5
6
6
23
411
20
13
414
0
63
55
0
0
0
57
65
57
392
85
3
0
0
0
5
0
0
0
14
1
60
411
13
0
0
0
1
0
462
9
0
385
0
10
13
471
4
0
3
3
3
0
3
0
0
396
0
0
4
73
1
0
6
3
0
0
0
0
0
3
3
415
0
2
4
0
4
0
20
0
1
0
1
5
50
0
7
0
0
0
30
0
1
0
0
17
0
1
1
10
5
1
0
0
412
0
0
61
462
39
0
1
0
3
6
3
0
0
5
4
3
1
3
0
6
0
0
43
70
3
3
2
5
0
0
26
6
4
7
50
1
3
8
1
5
2
50
1
3
1
18
5
64
455
22
1
2
5
0
0
5
20
11
7
0
0
0
15
16
0
1
0
9
9
11
0
11
0
6
1
3
1
6
0
4
0
3
0
14
0
7
0
3
3
2
0
7
0
7
0
5
9
81
400
4
0
9
5
16
0
0
0
2
0
0
0
12
0
0
15
0
0
0
3
0
0
385
385
3
5
3
0
2
0
0
0
0
0
0
0
1
392
9
5
1
0
386
3
49
0
0
0
0
67
0
0
0
2
388
2
1
68
1
0
59
21
2
3
0
0
1
1
1
5
1
0
0
0
0
2
0
415
0
0
0
0
0
0
385
9
9
20
2
0
20
16
385
0
1
3
2
0
3
2
0
4
3
6
2
18
7
1
5
1
4
4
4
4
4
415
0
0
0
0
0
0
0
4
4
4
4
4
415
0
0
0
0
0
0
15
0
0
0
0
393
