0
172
0
4
60
11
29
71
0
59
0
1
161
69
12
3
0
77
9
0
10
23
0
32
18
0
1
0
0
0
10
226
18
19
13
59
10
29
0
0
1
13
0
0
602
11
0
0
23
32
30
0
1
0
0
29
1
253
26
10
1
2
208
10
49
9
21
18
70
32
0
2
0
1
3
9
3
0
30
9
0
21
5
19
0
0
0
81
10
27
0
24
65
0
0
1
50
17
0
20
17
0
0
0
2
8
3
0
0
1
0
2
7
0
3
0
0
0
0
0
7
3
0
0
0
0
0
0
0
0
0
0
0
0
0
33
0
1
3
0
21
5
3
20
1
0
0
0
0
0
0
0
0
4
0
0
0
0
0
0
0
0
0
0
0
0
0
0
0
0
0
0
0
0
0
0
0
0
0
0
0
0
0
0
0
0
0
1
0
96
419
10
395
28
3
0
0
0
0
0
59
0
0
2
75
4
1
2
523
24
1
0
0
0
0
0
0
0
5
92
2
454
22
0
0
0
0
0
0
12
50
0
1
16
0
0
49
0
74
20
0
5
22
1
0
8
20
29
1
17
5
49
16
6
6
0
9
5
66
0
5
445
0
0
0
0
0
0
0
0
0
0
0
0
0
0
0
0
0
0
0
0
0
0
0
0
0
0
385
9
9
9
0
0
0
0
0
0
0
0
0
0
0
0
0
0
0
0
0
0
0
0
0
0
0
0
0
0
0
0
0
0
0
0
0
0
0
0
0
0
0
0
0
385
9
0
0
22
0
59
444
387
3
0
1
15
22
10
0
5
5
1
0
12
0
0
385
0
0
0
0
0
59
59
0
0
0
0
0
0
0
0
5
0
389
60
0
61
0
5
12
10
2
1
0
1
0
0
27
1
9
5
59
394
65
59
0
0
0
385
385
385
0
0
0
0
0
0
0
0
0
0
0
0
0
0
0
0
0
0
0
0
0
0
0
0
0
0
0
59
9
386
0
0
5
0
29
0
0
6
0
0
0
6
1
10
9
417
17
65
0
0
0
11
19
22
0
8
7
0
8
38
1
5
18
0
7
0
5
9
0
8
7
54
1
5
134
50
12
89
69
8
25
1
5
24
0
0
6
64
455
23
47
0
12
21
0
5
11
5
7
0
171
0
6
4
0
15
0
24
5
15
18
1
3
0
12
6
14
23
6
1
12
22
15
23
7
5
1
8
8
1
9
0
5
8
7
16
0
3
6
16
0
3
6
1
1
27
25
0
13
55
0
32
0
3
0
1
5
14
0
9
3
1
2
0
0
0
0
6
1
3
85
6
104
0
6
5
9
0
10
0
0
22
25
4
28
0
0
1
51
61
12
13
14
3
14
392
2
5
0
6
5
21
7
6
0
7
22
18
29
12
0
9
0
10
0
29
9
119
0
6
23
7
11
15
48
10
19
10
6
235
1
1
27
0
0
22
0
0
12
0
0
0
0
12
0
0
21
0
0
0
15
0
0
0
0
0
0
0
0
0
0
0
0
0
0
0
0
0
0
0
0
0
0
0
0
0
0
0
0
0
0
0
0
0
0
0
0
0
0
0
0
0
0
0
0
0
0
0
0
0
0
0
0
0
0
0
0
0
0
0
0
0
0
0
0
0
0
0
0
0
0
0
0
0
0
0
0
0
0
0
0
0
0
0
0
0
0
0
20
3
10
49
12
10
16
5
0
0
0
0
0
0
0
0
0
0
0
0
0
0
0
0
0
0
0
0
0
0
0
0
0
0
0
0
0
0
0
0
0
0
0
0
59
0
0
1
0
0
0
385
36
0
0
0
0
0
0
0
0
385
0
1
