37
0
6
1
0
1
37
0
0
1
2
23
50
1
0
13
25
3
0
118
0
0
107
27
85
3
0
431
40
4
0
523
57
37
112
2
0
0
0
0
0
0
0
0
0
0
0
2
3
1
5
416
12
2
1
0
0
0
0
0
0
0
0
0
0
0
0
0
0
0
17
8
0
0
0
0
0
0
0
21
4
8
0
0
3
0
0
0
119
7
0
0
21
0
0
0
0
0
0
0
0
0
0
0
0
0
0
0
9
1
0
0
23
0
7
0
137
1
2
21
2
0
0
0
0
0
0
0
0
0
0
0
0
0
0
0
0
0
0
0
0
0
0
0
0
20
0
119
4
50
502
23
0
86
411
26
2
3
0
0
4
1
1
0
0
17
0
1
0
1
1
0
0
0
0
0
0
0
0
0
0
0
0
0
0
0
0
0
0
0
385
0
0
0
1
510
0
24
4
0
386
0
401
406
0
22
1
2
37
64
0
0
21
1
24
12
2
1
9
1
0
1
1
0
0
0
0
0
0
10
386
0
0
0
17
0
0
0
0
0
0
0
0
0
0
0
0
0
0
0
0
0
0
0
22
1
0
61
2
1
1
118
6
14
1
0
0
5
0
0
0
21
17
0
0
0
0
0
0
0
0
0
0
0
0
0
2
25
0
5
0
15
4
0
1
425
408
416
1
385
415
0
1
1
1
4
2
0
4
4
1
17
0
1
0
1
0
1
0
0
0
0
0
0
0
0
0
0
0
0
0
0
0
1
1
2
0
17
0
400
0
1
0
0
0
0
0
0
0
0
0
0
0
0
0
0
0
0
0
0
0
0
389
415
395
385
0
416
0
4
0
27
394
100
385
11
109
102
106
86
146
37
1
19
1
37
21
1
37
0
0
0
10
25
518
0
14
13
5
1
1
67
8
327
385
39
0
8
24
5
5
1
69
454
391
1
117
468
4
424
10
37
13
11
10
1
8
37
13
1
19
27
208
397
15
4
15
0
114
404
10
0
0
26
0
113
4
0
12
39
21
99
9
386
4
0
1
21
3
8
0
7
38
19
20
10
11
19
87
10
28
10
14
37
16
64
0
0
13
41
8
3
30
6
114
425
36
0
117
1
1
450
85
9
1
91
5
23
396
395
2
1
448
21
399
29
1
1
1
0
1
7
1
5
2
1
3
395
18
1
94
385
11
6
81
385
12
385
19
1
141
5
123
2
1
6
13
23
5
62
63
0
0
0
32
14
0
20
10
46
6
92
21
94
22
102
5
32
1
20
0
14
0
3
0
0
0
0
0
0
0
0
35
0
5
0
