6
0
6
0
0
10
0
1
2
21
20
5
11
3
1
0
22
0
1
0
2
1
4
108
9
3
0
17
0
8
1
0
2
20
0
4
20
21
4
2
6
0
0
15
0
0
1
22
5
5
0
6
0
11
5
0
11
0
15
1
0
0
0
0
20
0
2
1
0
0
0
0
5
14
1
7
1
1
2
1
6
0
2
4
6
104
1
2
5
0
10
0
0
11
0
0
5
2
1
3
0
0
2
20
0
49
0
5
0
7
0
0
0
0
7
0
11
13
0
0
6
5
5
1
22
0
6
2
5
7
0
2
0
0
2
0
2
0
0
0
0
0
0
2
0
0
1
0
5
5
10
0
34
8
1
1
1
2
4
6
5
3
10
0
0
1
14
1
1
15
0
0
0
4
5
5
1
2
18
0
5
1
26
0
1
0
100
101
0
0
1
1
1
9
0
13
0
23
0
0
0
15
21
2
12
12
0
0
0
0
15
0
0
0
0
0
0
0
20
0
0
0
0
99
0
0
0
0
0
0
0
0
0
0
0
0
0
0
0
1
21
3
5
42
20
3
0
11
80
1
10
1
25
5
19
2
5
0
33
0
20
0
0
0
0
15
0
0
0
0
0
0
0
0
0
0
0
99
0
0
0
0
0
0
0
0
0
0
1
3
20
0
5
100
120
2
9
1
0
3
0
99
0
0
0
0
0
15
117
1
0
0
12
35
0
0
0
24
0
0
2
21
2
0
4
9
1
5
1
3
0
0
0
0
2
3
0
2
3
1
11
0
2
3
2
1
5
0
20
3
6
0
0
1
16
9
0
1
0
3
2
0
8
1
419
27
14
94
5
166
8
22
6
5
8
159
2
1
11
5
120
5
5
125
5
6
8
0
6
15
0
5
6
403
0
2
3
1
1
0
13
2
23
20
28
0
0
20
3
15
0
6
84
74
5
19
1
0
0
18
5
119
0
91
0
44
26
211
0
9
161
0
5
9
1
2
1
0
0
1
0
3
1
2
1
0
1
0
0
0
20
3
4
0
2
20
0
21
1
0
19
17
50
5
5
24
20
1
19
0
12
0
0
15
0
0
0
0
0
0
0
15
15
0
0
0
0
0
0
0
0
84
0
21
119
1
0
22
7
0
2
18
15
0
10
0
0
1
0
6
0
3
3
1
3
0
4
14
0
15
15
2
1
3
3
37
18
24
0
0
15
0
0
0
0
20
0
0
0
0
99
0
0
0
0
0
0
0
0
0
0
0
0
0
0
0
0
0
0
1
3
1
0
0
2
35
0
35
0
20
0
15
99
0
0
0
0
0
0
0
0
0
22
0
2
20
119
3
21
