203
1
0
43
1
0
36
1
6
0
185
1
197
16
30
2
1
109
53
0
1
4
9
6
3
0
1
5
0
5
6
0
0
0
21
3
1
429
490
0
0
0
0
0
0
0
22
24
0
0
1
7
0
0
0
0
0
0
0
0
0
1
8
516
21
1
5
0
0
0
0
0
0
0
0
0
10
1
0
0
0
21
1
0
0
0
0
0
1
0
0
0
0
0
0
0
0
0
0
0
0
0
386
4
421
0
0
0
0
0
0
0
0
0
0
0
0
0
0
27
4
0
27
1
0
0
0
0
28
0
0
0
0
0
0
0
0
0
3
30
5
0
0
0
0
0
0
0
0
0
0
0
0
1
9
0
21
0
0
0
1
1
5
0
0
0
1
0
0
4
1
15
31
6
7
1
0
0
2
3
0
0
4
449
75
20
92
10
1
7
0
0
0
0
0
0
0
0
0
0
0
0
0
0
0
0
0
0
1
0
0
10
0
0
0
10
0
0
1
0
0
0
0
0
0
0
0
0
0
0
0
0
0
0
0
0
4
0
0
0
21
11
1
4
2
0
25
0
2
1
2
1
21
1
1
0
0
0
0
0
0
0
0
0
0
0
0
0
0
0
11
10
1
0
0
0
0
4
0
0
0
4
21
50
96
6
20
1
15
0
0
0
15
6
2
4
0
3
3
1
0
0
0
0
0
0
1
1
25
1
0
5
0
6
4
107
41
0
32
118
11
0
0
0
0
0
0
0
0
10
0
21
5
0
0
0
0
0
0
4
0
25
2
49
47
15
0
1
0
1
109
21
22
6
21
4
26
13
0
14
13
6
39
7
1
109
5
1
205
22
13
16
7
5
20
8
12
1
2
21
0
64
386
69
23
40
9
8
0
8
12
43
6
9
18
0
19
8
18
0
7
6
191
0
0
12
197
21
6
6
31
5
15
0
18
227
22
13
18
1
9
52
0
9
85
13
19
1
8
15
5
19
0
391
14
6
0
5
6
12
8
12
21
7
22
15
15
7
37
5
13
40
12
15
28
0
8
8
5
1
0
37
9
151
26
212
4
12
37
13
7
7
0
396
2
0
391
10
7
391
7
10
16
11
6
15
7
9
22
6
1
0
0
0
0
0
0
0
10
0
0
0
0
0
0
0
0
0
0
0
0
42
2
15
0
2
1
0
0
0
0
0
0
23
456
2
12
36
1
13
0
0
0
0
1
0
4
6
1
7
0
0
0
0
0
0
0
0
0
0
0
0
0
0
0
4
0
0
0
9
25
1
2
20
0
0
1
21
20
0
521
26
0
21
402
0
0
0
0
0
0
402
17
0
0
0
0
0
0
0
0
0
6
0
0
0
7
21
21
0
418
1
0
0
0
0
0
0
0
0
0
0
0
0
0
0
0
0
0
0
0
0
0
0
0
0
0
0
0
0
1
0
1
