6
126
0
4
1
6
0
0
50
5
1
6
12
0
5
20
0
2
145
1
121
9
21
36
275
1
8
1
8
5
1
38
7
2
0
7
31
87
261
101
3
1
16
86
24
137
0
9
89
14
0
0
0
0
0
0
0
0
0
1
1
0
0
0
1
0
12
0
0
0
0
0
0
1
1
0
0
0
0
0
0
0
0
0
0
0
0
0
0
0
0
0
0
0
5
14
3
6
0
0
0
0
24
3
7
0
7
6
5
3
0
25
0
26
29
9
7
433
0
6
5
9
9
0
0
0
0
394
5
1
27
1
0
0
0
0
0
422
0
1
32
6
0
7
28
8
29
25
26
5
9
0
0
0
0
0
0
0
0
29
0
0
0
0
0
0
2
0
0
0
0
0
0
0
0
45
0
0
0
0
0
0
31
6
0
0
6
111
20
7
635
411
0
35
117
3
0
6
10
179
1
20
475
415
11
1
12
30
20
86
399
486
385
0
450
423
385
472
7
411
1
0
418
59
1
5
33
43
5
1
6
38
6
37
7
1
108
0
21
1
0
1
414
0
433
26
29
0
6
34
0
21
2
0
28
0
1
2
6
9
6
8
2
84
17
64
449
279
1
14
0
386
8
7
6
35
29
18
1
0
7
72
7
154
5
12
1
12
0
1
29
9
17
6
35
9
13
7
4
1
4
0
6
22
4
11
2
9
4
12
0
65
5
23
0
6
1
18
2
161
6
149
0
37
15
5
2
5
16
85
4
110
12
74
2
15
2
203
3
136
0
9
120
0
4
221
20
137
30
5
23
6
6
