3
3
0
0
3
4
53
1
25
6
0
90
0
15
0
5
5
19
0
5
1
0
117
0
4
8
0
1
1
3
0
56
21
1
3
0
0
27
61
1
78
64
4
11
81
0
0
10
26
0
50
63
4
32
2
0
137
14
0
64
30
0
3
0
28
2
0
0
0
0
0
1
0
0
12
1
38
0
0
0
64
0
63
0
0
64
91
5
1
0
0
0
65
10
0
11
11
36
2
8
0
11
23
13
10
0
129
63
79
132
0
5
7
14
0
0
0
0
1
0
27
0
0
0
0
0
76
0
1
0
0
0
0
0
0
0
0
0
0
0
0
0
0
3
42
1
5
37
0
0
0
0
16
0
0
0
0
0
0
0
0
28
0
0
0
0
5
15
0
0
0
0
0
0
0
0
0
0
0
0
0
0
0
0
0
0
35
1
39
49
13
0
55
9
5
14
103
20
0
57
23
0
0
0
11
1
0
0
0
0
69
2
1
69
20
4
11
22
0
0
0
0
4
0
3
2
24
2
0
7
29
0
3
0
2
5
5
73
0
15
0
0
0
0
1
0
0
0
0
0
0
0
0
0
0
0
0
0
0
0
0
0
0
0
0
0
0
0
4
0
16
10
0
0
0
10
9
13
0
0
2
0
9
30
12
4
3
22
5
10
0
0
0
0
0
0
0
12
13
1
419
30
91
1
10
126
0
0
135
0
0
15
0
0
9
3
98
2
9
2
146
0
5
84
0
47
0
71
385
25
7
0
6
6
1
17
107
20
5
220
31
246
11
122
20
77
1
0
99
68
159
4
6
32
2
9
17
132
20
9
52
12
6
5
19
0
7
40
5
0
23
10
3
6
36
2
10
0
14
12
35
79
29
63
1
15
1
65
1
29
0
12
1
79
13
78
16
0
76
12
0
0
0
2
0
0
0
20
0
31
0
0
0
0
0
0
0
0
10
1
2
2
5
38
0
0
