5
139
0
26
12
0
0
0
1
31
25
38
0
0
11
0
0
0
0
11
0
1
0
31
20
0
17
0
25
1
26
5
12
0
5
11
5
25
4
31
7
5
0
0
7
10
7
5
5
0
0
0
13
0
17
0
0
0
6
0
0
0
0
0
0
20
0
0
0
0
0
0
0
0
0
0
0
0
0
9
6
3
3
0
0
3
0
0
0
1
6
5
5
0
0
6
0
0
0
0
0
0
0
0
4
2
20
3
6
6
5
0
0
21
5
0
3
0
8
11
0
5
5
9
49
2
6
0
0
0
0
0
1
1
25
2
0
0
0
0
0
0
0
0
0
0
0
12
0
0
0
3
0
0
7
9
5
0
6
6
5
0
0
1
0
0
0
0
0
0
0
2
10
5
0
0
0
0
0
21
11
3
11
2
0
0
0
0
0
0
0
0
0
3
1
0
0
0
0
0
0
0
4
0
1
0
0
0
0
0
0
0
0
6
12
0
0
22
44
93
0
0
6
0
0
55
0
0
39
0
0
0
0
0
0
0
0
0
0
0
0
0
0
0
0
0
0
0
0
0
0
0
0
0
0
0
0
0
0
0
5
0
85
2
33
0
5
0
4
21
0
6
2
0
20
35
6
5
2
1
86
6
20
50
5
0
54
0
0
0
1
0
0
0
0
0
0
0
0
0
0
0
0
0
1
0
1
0
18
29
39
34
9
1
64
0
0
0
1
0
27
1
8
5
0
25
0
14
26
2
0
6
5
8
8
19
26
5
12
5
5
0
1
9
5
25
4
1
0
11
26
17
2
2
16
0
11
3
23
0
0
0
0
0
0
0
0
0
9
0
14
0
0
0
0
0
0
0
0
0
28
6
17
16
40
22
5
9
6
5
0
20
20
17
0
7
0
5
0
7
41
1
5
28
1
1
16
14
2
6
140
10
26
20
31
1
10
63
478
30
0
85
1
13
13
38
34
6
12
38
1
10
27
4
11
6
6
0
2
0
0
0
15
4
1
6
0
9
9
9
0
53
7
10
22
0
0
6
16
0
2
1
23
58
10
1
1
116
0
9
0
11
1
64
6
0
1
1
78
29
53
7
14
3
129
26
6
44
0
1
3
6
0
15
17
0
0
15
385
0
0
34
408
1
1
18
15
57
3
12
37
9
24
1
6
21
94
18
32
8
101
404
0
6
11
0
0
0
0
0
0
11
0
0
11
1
0
0
0
0
0
0
0
0
13
0
0
0
0
0
0
0
0
0
0
0
0
0
3
0
0
0
1
5
0
0
0
0
0
0
0
0
0
4
3
1
3
1
4
11
1
0
0
0
0
0
6
0
0
0
0
0
0
0
0
0
0
0
0
0
11
0
0
0
0
0
0
0
0
6
12
0
0
0
0
0
0
0
0
0
0
1
7
0
41
7
2
1
1
7
0
0
0
5
6
6
0
0
0
0
0
0
0
0
0
0
0
0
0
1
0
0
0
0
0
6
3
8
6
1
0
1
63
24
0
0
574
651
437
72
1
0
0
0
1
4
16
0
89
0
0
0
436
33
0
0
6
0
0
0
39
0
0
0
0
0
0
0
0
0
0
0
0
0
0
0
0
0
0
0
0
0
0
0
0
126
1
0
0
39
0
0
0
0
0
0
0
0
0
0
0
0
0
0
0
0
0
0
0
0
0
0
0
0
0
0
0
0
0
0
0
0
0
0
0
0
0
0
0
0
0
0
0
0
6
0
0
0
0
55
0
0
0
0
0
0
0
0
0
0
0
0
0
0
0
1
0
