2
209
596
0
0
1
1
3
2
1
0
152
16
12
0
0
2
0
158
132
38
21
10
0
0
17
17
9
0
1
2
1
82
0
396
0
6
6
109
0
23
5
0
12
134
0
468
3
9
43
52
31
1
107
14
0
0
81
16
1
0
23
6
23
9
10
0
0
15
0
0
0
0
0
0
0
1
8
1
0
65
0
4
452
21
427
0
64
0
64
0
0
0
0
0
0
1
1
425
6
0
10
10
10
0
0
0
0
5
39
40
0
33
15
0
0
0
0
0
0
0
3
29
3
15
27
0
0
0
0
0
0
0
0
0
39
10
0
0
0
0
65
0
1
0
559
0
15
39
0
0
0
0
0
0
0
0
0
0
0
0
2
3
64
0
0
0
0
0
0
0
0
0
0
0
0
0
0
0
0
0
0
64
0
0
0
0
16
0
0
0
0
1
1
0
0
0
0
0
6
7
39
1
12
0
0
1
1
69
17
0
133
1
23
6
39
1
0
45
19
41
1
0
0
1
0
0
2
1
0
0
10
0
10
0
10
0
0
0
0
0
0
5
1
0
0
2
0
7
0
23
20
3
108
5
5
0
95
4
7
0
0
2
5
0
0
0
0
0
0
0
0
0
0
0
0
0
0
0
0
0
0
0
86
10
105
59
0
33
1
1
6
7
17
0
17
19
437
399
0
0
0
23
0
0
399
0
0
0
0
53
0
2
0
0
0
0
0
0
0
0
0
0
0
0
0
0
0
0
0
0
0
0
0
0
0
0
0
0
0
0
0
0
6
5
0
0
16
399
20
2
26
0
0
5
0
7
21
6
39
0
12
81
30
10
41
14
7
19
18
1
6
40
1
1
0
1
0
12
6
0
1
0
0
386
6
0
0
6
24
51
16
34
35
7
0
6
1
13
9
0
77
5
6
13
43
18
8
21
6
70
455
23
45
0
3
5
0
2
10
28
8
10
1
12
9
35
0
12
26
10
13
26
6
4
10
40
0
18
21
1
12
16
0
4
0
1
10
48
36
6
14
4
5
39
0
54
6
12
19
1
18
17
0
22
5
1
1
116
0
22
10
5
120
426
4
0
5
1
10
0
0
12
13
4
9
11
7
1
68
6
59
6
40
0
0
11
25
53
7
47
21
18
103
9
38
0
18
5
8
27
399
12
1
12
16
2
50
6
1
19
0
0
28
132
1
12
54
1
12
61
0
6
10
24
0
13
187
0
12
6
9
5
44
0
5
0
211
0
0
21
201
0
0
183
0
10
128
0
5
8
190
36
7
163
68
5
159
9
2
0
6
16
6
21
8
0
0
10
0
65
12
0
10
433
0
0
48
23
10
0
0
0
10
0
0
0
14
53
0
0
0
0
0
0
0
43
1
19
1
0
2
45
7
0
53
0
0
0
0
0
0
0
0
6
0
10
0
0
438
0
0
0
0
0
0
0
385
1
4
13
9
17
0
