2
0
0
0
0
1
0
0
1
51
5
2
3
0
1
5
3
73
25
2
0
30
10
10
26
5
1
0
40
30
28
18
2
18
1
20
31
0
15
0
594
57
107
0
20
52
0
7
3
83
50
8
9
5
21
188
2
0
0
0
0
0
0
12
0
1
0
0
3
0
20
20
0
21
50
11
22
3
3
0
31
0
0
0
49
21
0
0
0
0
0
0
34
42
5
0
0
0
0
21
0
0
120
123
1
432
60
0
402
68
417
60
0
20
39
20
110
16
9
48
0
5
1
0
20
0
0
13
20
10
0
19
0
0
392
0
0
0
0
0
0
0
0
0
0
0
0
0
0
0
16
9
1
33
0
0
12
12
0
0
0
6
0
0
0
22
53
24
43
0
24
8
0
0
0
0
0
0
12
12
0
0
20
44
10
31
12
32
10
21
1
0
0
0
0
12
12
0
0
0
0
21
0
0
0
3
16
9
21
22
41
24
20
24
97
3
1
0
0
0
0
0
0
0
0
0
0
0
0
0
0
0
0
0
0
0
0
0
0
0
0
0
0
0
0
0
0
0
0
0
0
0
0
0
0
0
0
53
12
75
35
8
0
2
13
1
1
1
1
0
0
0
0
70
410
0
2
0
0
0
0
0
0
12
12
91
51
64
1
30
0
0
64
0
88
58
1
10
0
0
10
0
0
0
12
12
0
10
0
43
0
35
11
18
3
26
0
0
0
5
1
82
22
2
6
15
21
0
0
0
0
0
0
3
1
9
0
6
1
486
0
14
13
64
12
0
0
65
449
41
0
12
0
91
449
13
8
4
0
2
14
91
10
1
1
20
3
87
6
87
12
7
0
391
3
109
405
4
0
29
33
4
1
3
1
2
1
0
21
6
0
3
1
0
386
9
9
3
5
24
399
3
0
17
12
25
14
3
6
0
12
0
19
11
18
6
8
51
1
2
4
0
0
12
0
6
24
0
0
1
59
1
5
109
8
1
7
0
6
31
9
135
25
7
21
2
21
9
10
63
69
0
0
0
14
386
9
1
19
9
0
4
13
0
22
0
20
0
0
77
20
5
5
72
49
9
428
8
0
13
64
18
49
29
17
12
0
0
32
5
51
2
414
0
0
0
0
0
0
12
12
0
0
0
21
0
0
7
0
31
0
0
0
12
12
0
0
0
0
20
33
0
0
0
0
0
0
12
12
0
0
0
0
4
2
20
19
62
2
30
0
0
0
0
0
0
0
0
0
0
0
0
0
0
0
0
0
0
0
0
0
0
0
0
0
0
0
0
0
0
0
0
0
0
0
34
0
0
0
0
0
0
0
0
0
0
0
0
0
51
0
66
0
0
0
0
0
0
0
0
0
0
0
0
0
0
0
0
0
0
0
0
0
0
0
0
0
0
0
0
0
0
0
0
0
0
0
0
0
0
0
0
0
0
0
0
0
0
0
0
0
0
0
0
0
0
98
