19
62
0
25
0
19
6
1
91
20
25
42
7
0
12
0
15
7
0
25
74
0
0
35
1
40
1
0
3
17
7
0
1
0
3
2
0
1
1
11
2
1
20
0
1
23
6
2
1
15
51
0
0
6
30
2
1
1
0
0
0
0
0
40
38
23
15
117
13
10
8
1
0
1
18
1
6
4
1
2
15
0
21
0
7
1
0
1
0
20
1
0
17
30
66
17
6
4
0
0
0
0
10
22
22
1
2
16
0
15
0
0
0
16
0
16
0
0
1
7
0
2
6
0
7
1
0
0
0
0
0
0
0
0
0
0
0
0
0
0
0
0
0
0
17
22
0
0
1
1
0
0
0
0
0
0
0
0
0
17
0
0
0
1
1
1
2
1
0
0
0
0
0
0
0
0
0
0
0
0
1
1
0
1
0
0
0
0
0
0
0
0
0
0
0
0
0
0
15
0
0
0
34
3
1
0
42
0
0
0
0
0
0
0
0
0
0
0
0
0
1
0
0
0
1
0
2
0
0
0
0
6
0
0
0
0
1
15
6
0
7
111
20
0
56
41
0
10
11
44
1
0
21
0
0
17
37
54
33
0
1
0
45
37
29
2
1
0
37
0
16
47
0
0
0
0
0
0
0
0
0
0
15
0
0
0
0
0
0
0
0
0
0
0
0
0
0
34
20
0
58
21
0
6
1
1
15
0
20
0
11
15
0
63
10
9
0
0
0
0
0
0
0
0
3
0
0
7
0
5
0
7
0
0
1
4
0
0
0
0
0
0
0
0
7
0
0
15
0
0
0
0
0
0
0
0
57
0
0
44
1
42
17
6
0
15
35
36
0
2
0
20
15
0
1
0
0
0
0
4
15
0
1
78
31
0
201
31
0
21
0
7
14
0
25
1
6
8
0
5
1
0
1
31
200
1
18
137
2
16
48
13
15
7
1
0
0
15
0
24
9
417
18
0
14
0
18
32
0
21
1
16
0
35
0
39
1
123
16
0
5
47
0
47
0
1
3
1
0
1
43
22
11
0
18
6
12
0
28
10
38
1
0
1
0
0
31
9
0
9
50
0
165
0
15
1
99
20
231
18
0
66
30
5
0
15
30
7
56
0
0
46
17
20
0
1
37
2
0
0
0
0
81
32
10
18
0
0
0
0
0
0
0
0
15
0
0
0
0
0
1
3
1
0
0
0
0
16
0
0
0
0
0
0
0
0
0
0
0
1
0
0
0
0
16
0
6
7
0
0
0
10
0
0
0
0
0
18
7
6
16
0
11
0
10
15
0
0
6
0
0
0
0
0
0
16
6
0
15
0
0
0
0
0
0
0
0
0
6
35
