1
7
0
0
421
21
0
395
454
13
42
391
0
10
23
12
11
409
38
409
21
419
385
20
10
3
2
0
584
464
450
94
27
417
414
15
515
30
69
10
20
10
0
21
5
3
391
15
390
21
16
25
5
10
6
25
1
18
2
5
46
8
8
15
15
412
0
5
22
20
0
16
6
24
25
18
4
0
17
10
14
1
15
11
10
11
0
35
47
36
36
33
16
12
2
18
13
429
3
9
12
13
10
10
426
17
385
408
10
23
11
401
16
6
22
10
10
10
0
395
0
11
30
15
36
10
392
10
0
0
20
416
37
28
10
33
10
0
0
16
10
36
10
13
10
385
0
0
31
10
0
0
10
1
0
11
38
0
0
385
0
0
12
0
0
32
0
0
2
0
0
4
1
0
0
0
0
2
0
0
0
0
0
0
385
0
0
0
0
0
385
0
0
1
0
30
0
5
0
0
13
25
16
10
20
0
395
10
11
5
406
1
6
385
387
12
2
1
27
398
15
10
391
5
388
400
23
0
4
4
400
0
396
3
399
407
387
1
407
396
395
15
414
11
11
18
0
1
3
1
15
10
16
385
63
5
17
448
5
4
7
7
0
11
4
15
3
5
0
0
79
13
5
6
6
21
396
12
25
1
0
14
19
13
395
10
2
2
8
14
6
121
11
79
455
28
9
385
11
0
6
22
0
55
15
0
13
10
417
10
7
391
29
36
5
0
7
8
385
0
3
15
0
47
16
28
6
4
23
455
6
6
390
3
396
392
8
126
15
18
2
0
8
16
4
6
7
1
0
20
0
14
14
3
81
10
20
0
11
37
24
0
33
18
29
15
17
21
385
2
0
7
9
1
6
385
26
0
27
5
27
21
22
0
385
14
236
0
0
18
8
49
28
23
6
68
9
14
12
7
385
15
5
21
0
0
0
28
7
13
6
12
6
