84
0
18
35
18
25
6
0
21
68
15
0
0
21
0
22
12
0
159
17
30
0
38
20
0
4
15
34
0
32
25
11
0
107
0
68
15
11
0
0
0
0
15
0
26
0
0
0
0
0
46
24
6
0
0
0
1
0
0
0
1
0
0
0
40
20
0
0
0
1
18
1
0
2
0
0
0
15
26
20
21
0
0
0
0
0
0
0
2
21
9
3
0
0
0
0
11
0
0
0
0
1
0
20
20
0
0
0
0
5
0
1
15
10
1
23
4
30
1
0
0
0
26
9
6
0
0
0
0
27
0
0
0
0
1
4
4
1
0
0
0
0
0
0
1
0
0
0
89
6
0
0
3
2
20
1
0
1
19
0
1
8
0
34
33
6
0
101
127
20
124
20
3
1
1
1
0
0
2
84
22
1
0
15
0
160
0
71
38
0
1
0
0
0
0
1
130
27
0
63
0
0
0
0
0
0
34
83
0
0
95
0
63
101
0
54
55
34
0
116
18
63
0
0
0
0
33
34
83
0
0
0
102
1
34
53
0
54
53
55
0
15
0
63
0
0
0
0
0
1
0
0
10
15
11
0
29
20
0
20
41
9
0
0
9
0
0
0
11
35
3
28
9
9
0
117
3
0
0
63
0
1
33
0
34
0
96
0
0
38
0
34
5
66
0
0
1
33
34
4
0
38
1
15
123
81
15
15
0
0
4
0
49
6
15
0
0
0
26
16
26
0
0
2
0
243
15
26
15
15
0
0
0
11
19
9
15
6
65
41
6
7
405
19
224
24
16
0
20
123
17
14
19
21
0
3
20
15
9
16
18
5
8
17
16
7
17
0
142
16
12
24
52
0
21
36
267
27
98
15
124
23
0
403
2
5
10
15
26
34
11
21
17
0
28
13
17
0
28
13
160
23
13
15
22
116
0
15
3
0
20
12
0
23
6
22
3
68
23
77
21
44
9
0
122
20
6
181
0
20
10
124
0
24
10
15
5
47
433
0
68
0
68
186
17
165
23
5
96
5
6
139
0
18
116
0
29
27
150
0
18
5
59
404
1
3
0
0
0
0
0
34
0
0
0
86
37
15
35
20
0
6
1
0
0
0
20
0
0
1
0
0
34
83
35
48
