0
17
0
1
1
23
1
3
3
0
0
0
3
2
12
0
0
0
0
0
55
0
0
24
86
12
4
51
2
0
9
1
1
1
0
7
0
0
0
0
30
0
24
0
0
10
0
0
0
0
6
0
21
6
0
0
21
20
22
1
11
74
433
106
565
10
25
5
0
89
5
14
0
1
0
0
12
0
1
2
11
9
0
22
0
2
18
130
5
618
0
0
1
0
0
4
1
4
52
60
0
0
0
33
5
12
6
9
0
0
0
0
0
62
0
0
0
2
21
3
1
0
30
1
5
12
50
49
5
91
21
0
1
0
13
0
543
0
0
20
7
0
0
0
0
0
0
0
20
7
0
0
0
0
0
0
34
0
0
3
3
21
2
0
5
5
0
0
0
0
6
20
0
33
28
5
25
0
0
4
8
0
22
0
22
0
0
0
0
0
0
0
0
0
0
0
0
20
5
20
5
0
0
0
0
0
0
0
0
0
0
0
0
0
0
0
0
0
0
25
0
0
25
0
0
20
5
20
5
0
0
0
0
0
0
0
0
27
0
9
0
19
5
0
6
0
5
29
26
0
30
4
1
1
1
21
0
0
1
3
0
10
6
1
17
19
4
414
514
1
1
5
21
5
1
6
1
15
1
9
28
6
0
13
64
7
35
1
5
2
0
10
6
14
10
6
6
6
2
396
1
1
6
1
16
17
0
14
1
7
123
1
12
12
0
5
15
5
22
11
0
107
5
0
0
0
1
12
70
117
0
2
0
0
1
19
6
404
0
171
1
102
0
24
1
5
12
15
5
5
20
0
0
0
0
0
0
0
0
0
0
5
0
0
0
0
0
0
0
0
0
0
0
0
0
0
0
0
0
0
5
9
0
0
1
8
2
3
21
0
0
3
0
0
0
0
0
0
20
0
0
20
5
0
0
0
0
0
0
68
0
0
5
5
0
0
0
0
0
0
0
0
0
0
0
0
0
0
0
0
5
0
0
