21
117
0
8
28
15
1
1
86
5
10
1
5
6
0
6
16
122
5
22
40
22
113
25
14
69
27
27
25
1
0
25
0
0
1
0
0
0
0
0
0
36
1
1
0
94
5
0
0
0
0
0
0
2
5
2
1
2
0
0
0
0
0
0
0
0
0
0
0
0
0
0
0
0
0
0
0
76
32
21
0
2
2
1
12
0
0
0
0
0
0
0
0
85
1
49
6
3
6
10
7
5
0
0
0
0
0
0
5
0
405
0
0
0
0
0
0
0
0
0
0
0
0
6
0
0
0
0
0
14
8
1
3
2
3
2
0
0
0
0
8
0
37
0
0
0
0
1
0
0
0
0
0
0
0
0
0
0
0
0
0
0
0
26
1
2
0
21
1
0
0
0
0
0
0
0
0
0
0
0
0
0
0
0
0
0
0
0
0
0
0
0
0
0
0
20
0
0
0
1
1
0
0
0
0
17
39
23
0
0
0
84
0
1
0
0
41
39
0
0
0
0
20
20
20
1
9
4
81
2
6
1
0
53
42
5
2
66
59
20
0
105
59
20
29
0
77
118
119
0
65
45
51
25
26
0
9
8
0
5
73
0
6
74
12
0
0
107
71
68
0
8
8
5
0
0
0
39
39
3
4
39
0
0
1
0
0
0
86
1
44
1
0
408
0
0
393
9
0
10
13
0
0
0
0
1
0
0
0
1
23
103
0
0
1
5
25
0
0
12
1
393
2
1
12
0
11
9
0
9
8
0
90
1
45
3
0
0
2
23
0
0
0
7
1
5
25
48
3
33
13
1
1
0
0
0
169
0
7
2
0
0
1
0
0
0
0
0
3
0
5
0
0
0
0
0
0
1
0
0
0
0
0
0
0
0
0
0
0
0
0
0
0
0
0
0
0
0
0
0
0
0
0
0
0
0
0
0
0
0
1
0
0
0
0
0
0
0
0
0
0
0
0
0
0
0
0
0
0
0
0
0
0
0
1
0
0
0
0
0
0
0
0
0
0
0
0
1
3
0
0
0
0
0
0
0
0
0
0
0
0
0
0
0
0
0
0
0
11
4
3
0
0
0
0
0
0
6
0
