6
7
2
22
0
6
0
9
2
3
48
24
2
0
1
2
10
0
0
0
1
1
5
0
1
7
1
0
1
3
12
0
17
0
0
0
0
0
0
8
0
1
27
50
0
18
0
0
0
0
0
2
0
3
1
2
12
0
0
0
15
0
14
0
0
0
0
0
0
0
0
0
1
0
0
0
0
1
0
6
0
20
4
0
12
0
0
1
0
0
5
0
0
0
0
5
5
0
0
2
0
20
0
1
0
0
9
1
9
2
0
0
1
23
1
0
3
0
10
5
8
95
81
0
0
0
2
2
0
0
0
0
0
27
0
28
0
0
0
0
0
8
0
0
0
0
5
0
867
0
21
622
0
0
0
0
0
0
0
0
0
36
76
69
8
11
30
25
40
1
0
0
0
0
0
0
5
1
0
39
127
46
491
235
1
2
111
39
9
0
39
0
0
0
0
0
0
0
0
18
9
6
0
0
3
0
0
0
445
2
425
7
71
20
0
0
1
72
10
19
19
472
2
1
0
39
0
0
0
0
0
464
464
39
39
39
7
6
8
448
9
69
466
464
0
25
0
4
0
0
0
10
487
0
0
8
0
0
8
0
0
0
0
0
0
0
0
0
0
0
0
39
0
0
464
0
464
0
464
464
40
0
2
0
0
0
465
465
24
14
0
20
7
0
7
4
6
4
0
0
13
21
0
0
5
26
20
0
0
3
5
2
0
0
0
0
6
1
10
5
0
1
0
0
23
5
12
6
6
20
7
219
1
1
0
0
0
3
0
0
2
10
32
2
5
11
0
209
414
4
4
3
0
0
9
15
0
10
7
64
455
23
211
1
8
0
8
23
1
11
9
4
17
2
12
0
0
0
9
32
58
12
93
7
11
20
37
16
0
126
426
9
5
22
15
85
6
7
8
2
0
0
5
9
4
17
0
17
1
12
0
0
0
0
0
0
17
0
2
2
29
43
6
13
2
5
38
1
1
25
8
9
3
0
7
0
31
9
0
8
0
10
205
79
6
24
0
0
30
0
0
5
57
63
5
6
11
1
217
11
42
11
18
6
27
6
136
6
5
0
0
0
0
0
0
0
0
0
0
0
0
0
0
0
0
0
0
0
0
0
0
0
0
0
0
0
3
0
0
0
0
0
0
0
0
0
50
0
0
0
0
0
0
0
0
3
0
0
0
0
0
0
0
0
464
425
39
0
425
39
0
425
39
0
425
39
0
0
0
0
0
0
0
0
0
0
15
0
464
0
51
464
0
425
0
39
0
0
0
0
0
1
0
0
1
0
71
0
425
0
1
0
0
0
39
0
22
464
0
51
0
0
0
0
0
0
0
0
