0
120
0
7
0
2
69
22
3
10
12
0
0
1
5
20
0
20
20
0
0
99
0
0
76
0
81
0
0
9
0
95
10
123
0
0
0
4
0
18
59
130
13
0
10
0
0
30
104
526
38
190
20
8
14
0
6
0
0
5
69
50
9
1
9
0
0
9
99
10
139
81
104
0
73
0
12
10
0
30
11
25
130
10
0
0
0
0
0
3
5
0
1
2
7
1
5
1
20
15
5
1
0
0
0
0
0
0
7
13
1
0
0
0
0
0
0
0
0
0
0
0
0
15
15
0
0
0
0
0
0
0
0
0
0
0
0
0
6
20
0
2
0
1
1
3
0
0
4
0
130
23
105
0
13
3
13
0
2
2
89
54
5
7
0
6
152
102
256
445
396
430
0
0
10
10
194
2
6
180
0
0
0
0
20
0
0
0
1
5
14
27
0
0
0
10
0
0
0
32
29
0
0
0
2
0
0
2
0
4
0
0
0
4
4
12
0
1
0
0
0
1
21
192
0
0
0
514
514
514
514
0
0
0
0
0
0
0
0
0
0
0
0
0
0
0
0
0
0
0
0
0
0
0
0
0
0
0
0
0
0
0
0
0
0
0
0
0
0
0
0
0
0
0
0
0
0
0
0
0
0
73
35
0
107
203
0
509
17
9
0
20
0
538
0
0
24
0
0
24
0
0
385
385
0
0
0
0
1
0
0
0
0
0
0
0
0
0
0
0
0
0
386
0
0
0
0
0
0
385
385
385
385
0
0
0
0
0
0
0
0
0
0
0
22
9
0
14
0
0
0
0
3
2
0
2
385
59
385
7
0
0
20
0
1
16
0
125
0
0
6
0
0
11
6
25
0
6
2
5
77
4
2
0
2
26
1
19
20
143
32
78
1
2
19
64
20
0
1
13
151
6
71
455
228
3
99
0
21
0
29
66
0
13
17
229
27
13
1
0
1
0
0
2
18
10
0
0
46
68
9
0
103
126
0
512
9
164
5
16
91
7
15
24
7
94
10
11
5
9
1
0
5
19
0
13
12
19
12
135
6
23
9
6
0
238
20
115
63
400
63
43
9
4
1
36
3
7
4
49
123
1
0
25
2
0
126
0
418
0
59
75
142
17
217
65
47
15
14
5
0
115
14
117
69
1
