6
10
0
0
0
0
9
7
6
7
7
7
9
6
0
1
1
0
0
1
6
6
0
13
10
0
6
11
0
10
10
0
0
27
0
0
0
12
0
18
5
63
0
27
1
6
6
9
6
10
7
10
38
41
8
8
10
0
0
3
2
15
15
0
10
0
0
0
2
1
5
32
11
0
0
25
15
15
0
0
72
0
0
0
7
10
0
0
6
6
6
8
9
4
4
0
0
389
0
0
26
0
0
0
0
6
0
0
5
3
1
0
1
8
7
6
0
2
11
2
2
3
11
1
0
0
1
6
0
0
0
11
0
7
4
0
1
0
1
1
4
24
0
6
6
10
0
0
0
0
23
8
6
6
0
0
0
17
0
3
0
0
0
1
21
31
1
79
1
8
0
0
1
0
0
0
6
0
4
31
433
12
0
392
455
8
0
2
0
0
0
1
8
0
0
0
6
10
6
6
31
0
7
4
2
1
32
0
0
8
6
0
10
6
0
3
0
6
1
0
0
0
7
0
8
8
0
5
1
21
0
0
5
5
5
0
8
8
0
2
0
0
11
0
6
9
0
7
0
0
0
0
6
1
7
1
6
6
15
31
0
1
0
0
8
0
6
4
11
0
0
0
0
11
17
11
5
0
0
6
0
1
11
5
6
6
1
10
3
0
14
8
15
11
0
0
0
7
10
0
70
455
28
1
6
3
0
0
6
0
3
6
50
0
27
0
0
9
1
95
23
27
0
1
0
7
15
7
1
5
1
0
1
5
1
15
1
4
5
0
0
6
5
0
0
2
0
6
9
6
2
0
1
0
1
0
76
8
11
6
0
5
1
0
0
2
1
6
0
1
6
0
2
0
7
6
10
0
15
0
7
0
1
6
1
7
6
0
0
0
3
8
0
0
0
0
1
0
15
0
8
0
9
7
0
0
0
6
0
11
0
9
0
0
0
0
0
5
0
2
0
0
1
3
11
5
32
7
5
9
55
6
0
10
6
19
391
12
0
82
7
0
1
6
2
6
7
8
0
0
0
15
6
6
27
13
7
391
0
0
7
0
7
14
36
0
5
6
0
6
2
0
6
0
14
8
0
6
1
0
21
6
7
6
6
2
2
0
0
8
0
6
1
0
0
0
0
