16
55
0
6
17
10
0
0
0
21
13
12
0
22
21
23
7
6
44
6
17
32
17
33
11
25
10
0
12
20
17
16
32
45
429
25
0
21
32
40
29
7
13
57
6
0
487
1
6
1
58
36
35
7
17
25
36
31
0
0
1
32
0
0
0
0
0
0
1
0
0
0
0
0
11
0
6
0
0
5
17
0
0
0
0
0
0
15
0
0
0
0
0
0
0
0
0
0
0
0
0
0
0
5
0
0
0
0
1
11
0
0
0
0
13
33
0
18
27
0
0
0
0
0
0
0
5
0
0
1
0
0
0
0
0
1
0
0
0
0
0
10
17
25
17
0
0
0
0
2
0
17
0
27
0
0
0
0
27
0
0
0
0
0
0
0
0
0
0
0
0
0
0
12
7
17
4
6
0
0
0
1
7
0
0
6
12
4
4
1
0
0
0
0
0
0
1
17
0
0
405
0
1
0
0
0
0
0
0
0
0
0
0
0
0
0
0
0
0
24
4
98
6
68
20
4
1
7
17
10
51
26
429
102
18
2
1
55
1
20
0
0
0
0
0
0
0
0
16
0
0
15
0
0
0
0
0
0
0
0
0
0
0
0
0
0
0
0
10
3
35
16
10
0
31
15
30
9
0
10
9
31
30
15
1
0
76
0
6
0
0
0
0
0
0
0
0
0
0
0
0
0
0
0
21
43
9
20
20
20
21
5
0
31
0
1
17
9
0
0
0
0
0
0
11
9
48
31
395
10
17
17
32
17
0
0
0
0
0
0
0
0
0
16
15
2
1
0
7
1
0
0
3
33
0
0
44
1
10
0
0
0
0
0
10
0
0
20
20
1
17
32
25
4
0
7
10
0
21
11
29
0
0
5
5
0
8
21
12
396
18
6
16
42
0
69
244
0
7
5
7
21
0
35
8
12
14
7
0
40
7
0
70
455
23
18
20
32
1
11
0
6
14
0
7
148
38
110
9
9
6
16
7
124
391
11
9
3
18
15
12
1
5
17
9
12
14
33
7
28
12
1
421
6
7
2
392
17
173
9
91
6
13
9
15
445
85
7
21
7
32
25
6
65
0
5
0
31
9
0
9
0
3
7
1
391
14
7
8
6
404
21
184
8
130
2
10
9
4
32
0
8
0
1
70
4
1
64
0
2
0
0
0
0
0
0
0
0
3
1
16
0
0
0
0
0
0
0
0
0
0
67
0
0
0
0
0
1
21
0
0
41
1
0
0
0
0
0
0
20
0
0
0
0
0
0
0
21
0
0
0
0
0
0
0
0
0
0
0
0
0
0
0
0
0
0
0
0
0
0
0
0
0
0
0
0
0
0
0
0
0
0
0
0
0
0
0
0
0
0
0
0
0
0
0
0
0
0
0
0
0
0
0
0
0
0
0
0
0
0
0
0
0
0
0
0
0
0
0
0
0
0
0
0
0
0
0
0
0
0
0
0
0
0
0
0
0
0
0
0
0
0
0
0
0
0
0
0
0
0
0
0
0
0
0
0
0
0
0
0
0
0
0
0
0
0
0
0
0
0
0
0
0
0
0
0
0
0
0
0
0
0
0
0
0
0
0
0
0
0
0
0
0
0
0
0
0
0
0
0
0
0
0
0
0
0
0
0
0
0
0
0
0
0
8
