2
147
0
2
0
2
0
2
0
1
1
122
90
3
0
115
2
15
100
0
2
2
1
20
0
17
2
0
20
0
7
0
1
2
105
57
35
13
114
35
12
25
16
103
110
10
20
4
0
5
1
7
4
0
2
5
0
0
0
2
0
0
0
0
1
2
4
0
0
1
6
0
0
2
0
2
0
0
0
0
0
0
0
0
14
0
0
2
1
0
0
0
0
0
5
0
0
0
0
0
1
0
3
18
5
0
0
0
0
0
0
0
0
0
0
0
0
0
0
0
3
14
2
0
0
0
0
0
0
3
20
0
0
0
0
17
0
3
0
0
0
0
0
0
0
0
0
0
0
0
0
0
0
0
0
0
0
0
0
0
0
0
0
0
0
0
0
0
0
0
1
0
0
0
33
2
16
112
0
0
0
0
0
0
0
0
0
0
0
0
17
1
0
0
5
0
0
0
0
0
0
1
0
5
0
5
2
0
0
0
1
101
6
10
0
0
0
0
0
0
28
37
25
2
7
20
438
395
0
0
15
16
15
4
1
0
9
0
0
0
0
0
0
49
5
5
18
86
45
20
3
18
15
0
0
34
27
0
0
0
15
15
39
16
68
66
5
20
0
37
0
0
0
0
12
0
0
1
51
101
7
0
46
0
0
15
0
1
34
0
0
36
1
1
3
0
0
0
0
36
1
20
1
2
13
2
1
5
10
21
22
8
0
0
5
8
96
0
12
24
403
1
207
7
215
0
24
85
0
8
80
20
75
449
404
1
5
84
1
14
3
51
5
68
9
10
9
2
12
47
0
18
48
0
52
20
3
14
7
19
11
132
3
52
97
11
6
5
15
14
1
14
8
11
29
7
2
4
5
72
3
0
0
14
32
9
2
10
58
63
46
390
127
7
138
0
115
8
63
16
128
0
0
0
0
0
0
0
0
0
0
0
0
0
0
0
0
0
0
0
0
0
0
0
0
0
0
0
0
0
0
0
0
0
0
0
0
0
0
0
0
0
0
0
0
0
0
0
0
0
0
0
0
0
0
0
0
0
0
0
0
0
0
0
0
0
0
0
0
0
0
0
0
0
0
0
0
0
0
0
0
0
0
0
0
0
0
0
0
0
0
0
0
0
0
0
0
1
0
0
0
60
17
0
0
0
0
7
0
0
1
0
0
0
4
0
0
0
0
3
0
0
0
0
0
0
0
0
0
0
0
0
0
0
0
0
0
0
0
0
0
0
0
0
0
13
0
0
0
1
0
0
0
0
6
5
1
5
0
0
0
0
0
0
0
0
15
5
0
3
0
3
0
1
0
8
0
0
0
0
0
0
0
0
0
0
0
0
0
0
0
0
0
2
0
0
0
0
5
0
0
0
0
0
0
0
0
0
0
0
0
0
0
0
0
0
0
0
0
0
0
63
63
86
18
0
26
64
96
0
0
97
5
0
