188
0
0
0
11
1
6
1
0
12
0
0
5
72
37
0
5
2
20
2
11
1
4
0
5
0
17
39
16
30
1
1
0
0
0
3
1
0
1
16
24
31
11
0
15
0
1
0
20
1
0
6
7
30
169
25
2
2
6
0
2
1
1
1
0
1
0
0
1
5
1
0
0
1
0
0
0
0
0
0
0
0
0
0
11
10
1
1
1
0
0
40
26
0
0
1
70
1
0
15
0
1
1
1
1
397
59
1
0
0
398
0
1
3
0
1
0
0
0
0
0
0
0
0
1
19
2
2
0
0
0
1
0
0
0
1
5
0
0
0
0
0
0
0
0
0
6
1
0
3
11
1
6
0
0
0
6
40
7
0
5
0
0
0
1
0
0
0
1
40
0
0
122
0
0
0
0
22
1
36
0
34
0
22
0
6
0
17
20
0
20
40
21
25
21
20
2
1
0
6
0
0
21
9
479
2
21
0
12
1
0
1
24
20
433
2
0
0
21
57
20
22
0
29
399
23
385
22
23
385
22
0
2
400
32
0
0
2
2
0
32
43
0
0
32
2
2
0
3
81
1
2
9
9
71
7
12
31
0
1
1
0
0
0
3
1
0
0
0
0
27
22
1
1
16
0
0
0
0
16
0
10
5
0
0
0
0
0
0
0
0
2
1
8
0
8
0
1
0
5
20
0
25
0
7
4
8
20
0
11
7
164
21
65
449
182
21
0
1
1
7
0
5
5
24
29
8
0
0
125
15
9
0
18
11
6
0
0
5
12
0
193
12
12
1
0
11
4
32
37
6
21
6
25
16
1
10
7
1
4
1
0
6
1
63
9
120
1
0
22
412
1
205
5
308
37
97
1
114
0
1
1
183
20
141
19
7
20
39
21
0
20
24
0
0
6
4
0
0
0
0
