0
15
13
0
0
7
7
567
7
8
0
0
0
0
5
8
6
2
498
3
0
0
17
3
0
0
7
5
5
0
1
0
0
0
5
0
0
0
0
0
0
9
3
0
3
91
9
0
0
0
0
0
12
0
0
0
1
4
1
0
0
5
0
5
5
0
3
60
2
3
39
0
18
26
5
106
117
169
51
0
6
0
0
26
70
11
21
0
15
0
8
0
0
7
0
140
0
0
67
0
0
0
10
9
62
9
0
5
5
9
0
0
3
1
3
1
1
1
1
3
0
0
0
0
3
0
0
0
0
0
1
3
0
0
0
0
0
0
3
0
0
0
0
0
0
8
0
1
4
83
12
16
11
18
0
0
0
0
0
0
0
0
0
0
0
0
0
0
0
0
0
0
0
0
0
2
0
1
0
0
0
1
19
0
5
1
4
1
0
4
3
0
425
425
0
59
0
59
0
0
0
0
0
0
0
83
34
0
63
629
658
5
0
30
83
30
0
0
1
0
0
83
59
486
66
20
6
0
571
28
88
60
125
3
68
10
20
0
3
425
0
0
0
81
0
0
0
0
0
5
3
490
4
1
0
4
26
3
0
16
0
4
3
84
3
3
9
15
0
0
7
0
0
47
26
5
25
6
1
41
6
18
7
3
0
27
5
14
38
6
11
3
5
1
0
12
10
11
7
3
135
1
12
12
0
95
402
24
1
0
0
0
0
39
1
12
0
6
47
0
6
15
1
114
426
6
10
11
0
3
0
3
4
0
8
7
0
3
10
32
0
8
0
82
5
0
0
0
3
0
129
6
7
44
0
0
3
16
472
0
140
0
6
7
127
0
8
21
29
7
11
65
15
5
143
0
14
111
0
21
