133
0
0
0
0
10
0
11
26
26
6
0
0
0
11
39
5
0
0
21
0
11
33
0
12
0
20
25
0
15
0
0
0
27
0
29
0
6
0
0
0
0
20
0
10
17
0
0
0
59
24
0
34
1
0
0
0
2
20
24
0
0
0
477
6
2
0
16
0
0
6
147
69
10
0
0
0
0
10
20
16
10
0
2
1
0
0
0
0
0
0
0
0
0
0
425
10
0
0
0
0
0
0
0
0
0
425
0
0
0
0
0
0
0
0
0
0
0
0
0
0
0
0
0
0
0
17
10
31
0
0
0
0
0
0
10
20
484
8
0
0
0
0
0
0
0
0
0
0
0
0
0
0
12
20
9
0
0
0
0
0
0
0
0
0
0
0
33
0
0
0
5
385
1
10
0
0
0
0
0
0
0
0
0
0
0
0
0
0
7
0
5
0
0
15
21
0
0
0
0
0
15
6
0
0
20
5
10
10
10
0
0
0
0
0
15
11
0
0
0
0
0
0
0
0
0
0
0
0
0
0
0
0
0
20
19
5
0
0
0
0
0
0
0
8
0
0
0
0
0
0
0
0
0
0
0
0
0
0
0
10
0
0
0
0
10
6
0
0
1
51
0
0
54
50
15
24
10
3
0
0
0
0
0
0
0
0
0
0
0
0
0
391
64
0
0
0
0
0
0
0
0
0
0
6
0
0
0
0
0
0
0
0
13
0
0
0
0
3
145
22
20
0
0
0
0
0
0
0
10
0
0
1
3
0
0
0
0
0
7
6
0
0
6
0
0
1
0
0
21
10
9
0
16
123
6
6
0
22
0
10
0
0
0
0
0
0
12
0
445
457
2
1
385
0
0
5
21
0
0
0
28
2
10
34
0
20
0
0
0
0
530
27
0
6
0
0
20
0
0
0
0
10
0
20
0
0
0
0
0
0
0
10
6
19
0
450
1
0
20
0
10
21
20
0
0
0
385
0
1
0
0
0
0
0
0
0
386
0
21
0
0
0
0
0
0
11
0
9
0
0
425
20
1
0
20
2
20
10
20
0
1
0
1
1
20
0
0
0
0
25
59
11
0
0
10
0
0
11
435
0
0
36
0
0
0
0
20
0
5
0
0
0
0
0
0
12
22
388
12
16
0
16
0
0
26
0
447
0
427
0
0
0
0
0
0
0
0
5
1
1
0
22
0
4
3
16
0
0
20
30
9
0
0
0
20
0
16
0
0
0
0
0
7
0
13
8
0
1
0
0
0
0
0
0
0
0
20
0
0
0
20
11
0
0
0
6
0
26
9
0
0
0
0
30
16
4
0
12
0
0
1
0
4
24
0
0
84
0
1
0
0
0
0
30
6
0
0
20
11
0
387
16
0
5
11
7
0
387
20
6
0
3
13
6
0
19
7
6
0
10
39
0
20
10
45
391
9
0
63
0
16
10
5
0
37
395
0
5
0
2
15
14
6
0
0
0
387
10
6
0
3
0
0
0
0
104
426
0
3
23
2
0
10
11
0
6
0
393
13
0
7
0
396
0
5
0
1
0
0
0
3
36
0
386
16
0
0
0
394
16
0
0
390
10
6
0
386
10
1
29
10
5
0
389
16
12
0
0
0
0
386
0
0
0
10
386
0
11
5
6
0
0
386
0
390
0
16
0
386
0
15
0
6
0
0
5
10
0
0
1
0
0
0
17
21
0
122
13
0
6
0
0
122
10
20
24
10
0
0
0
1
73
0
0
30
0
454
0
0
59
0
0
0
0
0
0
0
0
0
0
0
1
0
0
0
0
0
0
0
0
0
0
0
0
0
0
0
0
0
0
0
0
0
0
0
0
0
0
0
0
0
0
0
20
0
0
20
0
3
0
0
21
0
0
21
0
4
0
0
