0
6
0
0
5
0
5
2
21
27
391
11
78
0
2
0
89
5
52
13
0
2
0
0
1
0
18
0
0
0
0
6
0
0
0
0
0
0
0
6
0
1
0
0
0
0
0
0
0
3
8
9
1
0
482
1
50
0
49
4
27
0
23
22
55
0
13
16
0
1
65
0
0
163
32
0
4
21
70
1
0
117
7
21
1
1
0
1
1
2
0
2
0
1
2
2
0
0
0
0
1
0
0
0
0
0
1
4
0
7
0
4
0
0
0
1
1
0
0
51
49
0
0
0
0
0
1
0
0
0
0
0
0
1
80
49
74
22
0
0
0
0
0
0
49
0
0
0
0
0
49
49
0
0
0
0
0
0
0
0
0
0
0
0
0
0
0
0
0
0
0
0
0
0
0
0
0
0
0
0
0
0
0
0
0
49
52
0
0
0
0
0
8
6
28
430
1
31
5
7
444
27
385
1
0
0
0
0
0
0
0
0
0
6
4
391
49
2
2
1
7
0
2
0
0
0
0
1
16
1
1
21
1
0
0
1
411
0
1
0
49
0
0
0
0
0
0
0
0
0
0
0
0
11
0
0
72
0
56
0
4
26
69
0
0
0
0
0
0
0
0
0
0
0
0
0
0
0
0
0
0
0
0
0
4
0
4
3
8
1
1
1
0
0
0
1
0
0
51
1
15
1
0
0
5
0
4
0
16
21
434
464
0
24
415
3
18
385
0
0
33
18
0
33
0
33
18
18
0
0
0
0
0
0
0
0
0
0
0
0
0
0
0
0
0
0
0
0
0
0
0
0
0
0
20
0
21
52
422
485
20
70
21
0
59
0
0
0
0
0
0
0
0
0
0
0
0
0
0
0
0
0
18
0
0
0
0
385
0
0
0
0
0
54
385
1
5
69
69
50
49
0
0
0
0
0
0
0
0
0
0
0
0
0
0
0
0
0
0
0
0
0
0
0
0
0
0
0
52
0
0
0
0
0
0
21
50
71
15
0
3
15
16
43
129
1
0
0
0
0
52
0
51
51
60
0
0
11
0
29
50
49
385
7
6
0
410
0
0
0
0
0
89
3
0
0
84
2
18
45
70
449
1
6
3
1
1
1
25
21
5
0
2
0
5
23
31
11
20
3
0
6
0
0
3
64
6
9
5
70
5
13
19
5
54
20
6
9
0
6
1
1
5
0
1
4
0
1
2
4
0
20
0
132
0
0
15
0
5
80
5
41
21
8
0
0
5
1
21
0
33
13
1
8
2
69
8
6
6
2
4
3
0
0
0
20
2
15
0
28
135
20
15
0
2
0
0
56
22
0
82
1
0
0
0
1
2
10
0
1
0
1
51
0
0
0
0
0
0
0
0
0
0
0
0
0
0
21
3
0
0
0
0
0
0
0
0
0
0
0
0
0
0
0
0
0
0
18
385
0
0
385
385
0
0
0
0
0
0
0
