1
169
0
32
0
4
1
0
2
0
11
0
5
55
0
0
9
5
1
4
0
6
0
4
60
1
1
4
21
5
0
0
43
5
18
101
16
7
31
0
4
2
12
0
1
27
9
48
131
2
5
78
232
90
0
15
12
4
1
0
82
0
40
0
22
0
1
1
1
83
7
20
1
2
0
0
10
1
2
5
22
107
0
133
64
35
3
21
22
0
0
0
0
0
15
23
30
133
6
16
2
0
0
6
0
0
0
9
0
0
0
0
0
0
0
0
5
4
0
0
0
0
0
0
0
0
0
0
0
20
1
0
0
0
0
0
0
0
0
0
1
3
1
0
0
0
0
0
0
0
0
0
0
0
0
0
0
0
0
0
33
0
90
0
5
22
20
4
151
14
0
0
0
0
0
0
3
0
5
0
40
0
22
81
88
0
115
63
87
81
16
49
0
35
0
148
0
0
0
0
0
0
0
8
148
0
0
0
0
0
0
0
28
25
90
10
0
5
0
5
0
0
0
15
0
10
71
9
39
0
0
0
72
0
0
0
0
9
9
21
0
0
15
10
0
17
11
0
0
0
25
0
0
0
0
0
0
0
0
0
0
0
0
0
0
0
0
0
0
0
0
0
0
0
0
0
0
0
0
0
0
0
0
15
2
0
6
0
5
1
0
1
2
0
0
3
17
0
0
65
0
5
59
0
0
0
0
1
33
20
81
12
64
67
64
0
63
0
1
1
0
3
63
0
0
0
1
15
19
202
4
14
229
5
0
218
0
0
27
208
5
6
7
292
0
5
1
0
1
2
1
1
0
16
1
3
39
1
24
28
9
8
6
16
8
5
1
16
9
6
0
0
4
0
41
0
8
11
14
20
5
26
0
2
33
5
8
24
3
89
5
1
118
5
1
35
9
6
0
5
11
131
12
1
1
4
0
142
1
12
272
5
0
114
7
13
7
0
