110
0
3
11
6
0
17
0
11
22
21
10
20
11
3
14
41
3
0
69
1
17
0
0
1
0
0
1
0
0
0
0
0
65
30
8
417
18
18
0
0
0
430
0
3
1
1
0
1
0
2
0
12
11
0
0
0
6
430
18
522
414
385
2
0
0
0
0
0
0
0
2
92
450
0
0
0
0
0
0
0
5
0
4
59
15
0
0
0
0
0
0
0
1
50
0
0
3
434
439
11
1
6
0
0
66
1
0
0
0
0
0
0
8
0
0
0
0
0
0
20
0
0
0
0
0
3
0
0
4
1
6
0
1
0
0
0
0
0
1
27
11
0
1
0
0
0
0
1
11
0
12
20
0
16
0
1
11
36
4
13
0
17
38
85
5
438
396
405
411
6
411
16
390
49
411
10
1
392
60
1
464
1
0
410
482
386
12
12
385
59
1
464
465
457
59
2
465
9
1
5
1
22
0
0
9
410
1
14
2
1
0
1
6
2
2
16
12
1
385
1
11
405
385
0
23
11
1
0
1
10
15
0
0
60
0
57
72
5
16
17
27
2
65
10
5
425
0
0
0
0
1
0
3
6
1
18
0
8
5
6
7
1
239
4
212
8
12
95
1
0
95
2
17
64
455
19
10
20
5
0
0
8
6
111
0
25
12
9
11
7
17
11
13
11
6
11
1
12
7
63
14
4
18
7
17
46
9
10
105
5
8
32
7
17
18
0
21
28
0
8
15
0
0
94
9
5
27
21
0
20
