26
322
0
2
7
0
0
25
0
0
0
76
0
2
6
0
1
0
1
6
217
1
6
0
0
17
1
0
3
0
0
0
2
1
0
1
0
1
25
29
23
0
20
0
5
15
0
5
1
4
4
7
0
0
1
5
0
15
0
0
26
0
0
0
65
0
0
20
12
0
26
29
7
0
34
25
17
49
68
6
3
10
117
117
11
8
41
29
0
6
0
1
12
1
25
27
0
27
0
0
0
0
0
0
10
10
10
15
10
15
5
33
18
1
0
4
6
6
0
34
0
0
5
25
7
0
0
0
0
1
0
31
5
0
0
0
0
0
0
0
28
0
2
0
0
0
0
0
1
25
0
24
22
0
0
0
0
0
0
0
1
0
0
0
0
0
0
0
0
2
65
59
0
19
0
39
54
0
0
0
0
0
0
0
0
0
4
29
7
64
0
0
68
59
0
10
23
0
82
29
6
4
0
40
0
66
19
64
0
29
0
15
0
0
84
0
25
5
25
1
26
1
0
15
0
6
0
7
59
2
10
5
0
5
0
0
0
4
0
0
1
34
0
0
1
5
23
38
0
9
7
14
0
0
4
5
45
2
0
81
5
1
0
0
7
6
37
81
0
31
1
0
81
1
32
0
0
5
0
5
0
0
7
0
0
25
0
25
0
126
1
5
18
42
6
6
2
8
0
133
5
111
0
0
85
0
1
132
0
132
0
76
5
7
0
5
39
0
9
25
2
399
34
1
20
20
9
3
4
1
4
18
4
0
6
19
5
107
0
9
10
182
0
249
9
48
13
103
5
12
4
0
13
1
0
1
8
0
3
42
5
39
0
6
250
0
225
15
14
0
4
25
85
1
0
161
1
4
21
158
0
16
2
0
