3
92
6
9
1
85
0
13
3
3
4
6
24
3
0
0
0
9
83
23
7
3
123
7
107
13
34
32
3
121
3
104
4
0
1
3
0
8
15
1
24
14
3
0
23
0
13
176
8
35
0
0
24
13
466
457
4
446
2
2
0
0
0
0
0
0
0
0
24
4
20
15
7
29
12
5
5
21
0
3
10
117
0
0
0
0
7
66
0
2
2
0
0
6
444
35
0
0
0
13
118
77
33
14
15
13
10
0
0
0
0
0
0
13
0
15
46
12
15
3
34
4
10
6
0
0
0
0
12
52
1
20
71
82
20
105
645
2
4
0
2
0
0
0
0
0
1
0
30
3
42
30
3
1
20
449
446
0
3
5
9
0
0
0
0
0
3
23
450
0
0
0
0
0
0
0
0
0
0
3
22
0
0
0
0
428
428
0
0
0
0
0
0
0
0
0
0
0
0
0
0
44
0
0
0
0
0
0
0
0
0
10
12
0
27
11
3
5
0
14
13
15
425
24
482
13
36
3
4
14
19
0
0
0
0
0
0
0
0
0
0
0
1
55
6
0
1
0
0
1
0
0
16
0
2
37
245
9
132
3
0
1
5
0
0
0
29
36
4
3
1
3
90
49
12
11
2
86
0
3
11
1
3
65
454
35
3
7
0
3
9
0
18
120
11
0
0
2
0
0
0
25
1
69
6
0
7
20
144
21
98
8
1
7
4
21
1
9
16
2
6
14
6
37
1
49
1
89
15
7
15
9
0
21
19
507
7
11
0
4
0
1
12
10
9
5
0
45
12
121
425
6
0
82
0
10
87
0
10
9
10
28
6
1
8
220
3
2
1
3
0
0
1
5
2
12
53
0
32
13
237
4
2
49
240
0
0
1
110
0
2
90
5
90
0
1
226
0
5
0
0
31
194
42
7
22
1
34
29
0
50
8
5
11
2
0
0
0
253
1
113
2
97
20
148
3
54
30
1
