4
11
106
13
82
0
2
7
4
15
16
0
0
2
0
5
0
401
0
1
223
17
0
173
14
10
38
22
0
0
10
0
0
0
0
0
0
0
0
0
0
0
0
0
0
0
2
0
0
4
17
188
6
187
10
20
0
0
0
0
0
12
12
11
0
0
0
0
0
0
0
0
0
0
0
0
0
0
0
0
0
0
7
0
10
22
13
2
0
4
5
0
0
0
0
0
0
0
0
0
0
0
0
0
0
0
0
0
0
10
4
0
0
0
0
0
0
0
0
0
0
0
0
0
0
0
0
30
0
0
0
30
0
0
0
0
0
0
0
0
1
0
1
0
0
0
0
0
0
0
0
0
0
0
0
0
0
0
0
0
0
0
0
0
5
0
0
0
0
15
0
421
0
8
0
0
0
0
7
11
7
0
0
0
0
0
0
0
0
0
0
0
27
0
0
0
0
0
1
0
30
54
0
30
30
0
2
1
0
0
0
101
0
14
0
1
104
12
5
1
0
11
432
1
0
0
19
423
5
41
2
0
0
416
20
0
0
385
76
0
1
1
30
0
0
30
0
0
0
0
0
411
0
0
0
0
411
0
0
0
0
0
0
0
0
0
0
0
0
0
0
385
0
0
0
0
385
0
0
0
0
0
0
0
0
0
414
21
0
411
52
0
413
20
441
18
411
35
20
1
385
2
0
39
0
26
0
30
0
0
117
99
1
0
385
385
0
0
0
0
0
385
0
420
9
0
1
0
11
16
413
420
0
1
415
52
414
0
0
10
0
0
0
0
0
0
0
0
411
0
385
0
0
0
0
0
0
0
0
411
385
20
0
20
0
0
0
0
0
0
0
0
0
415
0
0
387
0
9
425
414
9
17
387
7
27
12
12
1
4
38
5
0
11
2
18
44
0
0
473
2
10
114
4
108
15
20
20
76
386
3
96
1
0
96
3
99
3
22
35
34
14
69
228
3
122
20
96
13
18
1
32
6
1
4
36
80
61
0
105
8
5
53
4
62
51
9
6
89
21
27
47
7
10
18
16
28
16
140
7
12
50
214
3
85
19
85
9
94
0
24
111
0
15
152
0
0
17
0
28
23
0
28
104
0
9
18
10
122
14
130
6
2
0
72
0
65
0
20
71
0
20
97
9
202
7
217
6
80
6
209
0
3
125
1
229
1
125
4
221
15
142
35
7
0
2
1
18
0
0
0
0
0
0
1
1
0
405
4
2
10
0
16
12
411
0
0
0
0
0
0
385
0
0
0
0
0
0
0
0
0
0
0
0
0
0
0
0
0
0
0
0
0
0
0
0
0
0
0
0
0
0
0
0
0
0
0
411
385
0
0
411
385
0
20
0
0
0
0
0
0
0
0
0
0
0
0
0
414
21
0
411
0
0
0
0
0
0
0
0
0
0
0
0
0
0
0
0
0
0
0
0
0
0
0
0
0
0
385
0
0
0
0
0
0
0
0
0
0
0
0
0
0
0
0
0
0
0
0
0
0
0
0
0
0
411
385
35
