9
0
7
0
0
0
6
0
9
3
1
9
59
0
0
148
82
6
180
3
0
169
6
53
11
0
0
240
5
7
2
1
5
96
9
85
93
147
150
0
9
2
75
4
0
137
1
10
3
0
0
2
108
51
0
6
1
0
4
0
0
6
3
6
0
4
5
10
10
0
23
24
0
1
0
0
2
3
0
20
0
0
0
0
0
0
0
0
0
0
0
0
0
0
0
1
0
0
0
0
0
0
0
0
0
0
0
0
0
0
1
0
0
0
0
0
0
0
0
0
0
0
1
0
0
0
0
0
0
0
0
0
0
0
0
0
0
0
0
0
1
0
0
0
0
0
0
0
0
0
0
0
1
0
0
0
0
0
0
0
0
0
0
0
0
0
0
0
0
0
1
26
0
0
1
2
5
1
0
0
49
10
5
9
0
16
17
0
0
5
0
0
0
0
0
0
0
0
0
6
0
2
1
3
11
4
0
8
0
0
0
0
6
10
0
0
0
0
0
0
0
0
0
0
0
0
0
0
0
0
0
0
0
0
5
0
1
0
5
0
0
0
0
10
0
0
1
0
0
0
1
0
0
0
0
0
0
0
0
0
0
3
0
3
10
147
0
0
141
0
21
2
0
3
0
10
6
1
0
147
2
35
4
0
26
35
0
29
182
6
2
32
2
26
26
0
0
0
0
0
0
8
13
0
0
0
0
0
162
0
164
28
0
0
0
6
0
0
0
0
0
0
0
0
17
5
10
9
0
63
75
0
147
85
24
10
138
147
3
0
16
400
85
63
9
0
18
66
0
1
0
0
0
4
59
3
166
83
0
0
0
10
0
84
64
66
111
13
10
183
151
5
0
32
7
3
5
24
5
15
391
10
389
14
1
0
3
1
2
20
1
11
6
10
1
12
1
0
14
2
3
9
408
8
28
0
14
25
11
21
15
5
17
6
66
29
9
131
1
21
0
0
0
