39
0
0
0
0
0
0
1
0
1
0
2
44
39
39
44
39
71
44
44
5
9
46
49
121
0
0
22
0
0
0
0
56
42
8
39
39
41
0
55
39
1
0
3
60
39
49
0
0
0
39
20
0
0
39
39
44
59
0
385
1
0
0
0
0
0
124
0
49
0
2
105
1
3
0
0
68
412
5
12
410
60
0
39
0
0
60
39
40
60
0
39
0
39
0
0
39
0
4
39
0
0
0
0
0
5
0
39
0
0
0
0
60
4
0
0
0
6
0
20
5
0
3
0
61
39
44
0
39
40
21
0
39
0
39
0
42
20
0
1
6
39
20
39
24
0
0
19
0
24
20
0
25
39
2
54
0
0
0
0
0
39
12
0
1
64
59
66
0
0
39
0
1
0
0
40
0
231
63
471
2
0
2
0
447
39
0
0
0
0
0
0
0
0
59
30
0
468
0
0
0
470
60
0
39
0
1
78
47
465
0
0
40
59
2
0
2
1
5
0
2
1
0
486
0
1
0
0
0
0
1
0
425
0
0
0
59
0
0
0
0
77
15
0
8
0
11
0
0
59
0
80
59
20
0
0
3
0
39
39
0
0
0
0
39
39
45
0
0
0
0
0
0
0
0
0
0
0
0
65
5
0
44
39
49
44
18
5
0
1
6
0
1
11
5
11
5
1
0
1
0
5
21
7
0
0
12
4
0
0
6
6
7
6
15
1
83
0
9
12
5
5
1
12
12
1
9
16
5
1
7
1
7
7
54
3
5
8
0
6
9
2
11
11
401
114
426
1
0
18
11
51
1
1
0
1
5
0
15
0
18
8
5
0
16
0
390
5
22
0
16
14
11
20
6
12
1
3
33
6
1
2
0
1
415
4
0
18
20
40
5
6
1
1
3
0
5
1
6
21
6
10
1
5
8
0
83
6
7
0
0
6
320
3
23
7
6
2
108
4
125
17
12
0
0
0
38
0
0
9
0
455
0
449
0
0
24
0
0
0
0
0
0
0
0
0
0
0
0
0
0
0
0
0
0
15
425
39
1
0
5
4
28
48
0
0
0
