3
130
0
3
0
18
0
0
38
2
0
0
6
0
5
0
19
4
4
59
1
103
22
19
1
1
1
104
0
24
99
20
15
22
60
0
53
123
0
141
7
3
99
0
2
90
3
2
17
20
0
104
0
0
5
99
0
32
11
99
0
0
5
32
0
0
0
1
0
0
30
99
14
0
0
0
0
26
9
109
0
1
0
3
3
0
0
65
3
5
0
0
0
5
0
0
0
0
0
0
0
0
1
40
0
20
39
13
5
49
0
3
5
14
98
1
5
6
4
0
0
0
0
2
102
2
3
3
0
0
0
0
0
0
0
0
3
0
0
0
55
51
53
6
1
0
88
0
2
1
3
0
4
1
0
0
0
10
3
84
12
35
2
30
36
1
84
0
21
3
76
0
0
0
1
11
1
0
84
24
1
20
104
0
0
0
0
0
0
0
0
0
2
4
2
3
0
9
0
49
63
78
129
90
11
0
0
0
99
115
99
0
0
0
0
0
120
0
148
26
33
15
0
0
27
0
0
0
0
0
0
0
120
0
2
0
0
0
5
2
1
29
456
53
2
5
428
30
0
3
10
52
59
5
9
0
7
0
28
3
0
16
0
0
0
0
17
2
2
0
49
21
3
5
0
2
17
17
0
18
7
0
20
15
22
2
85
0
0
0
6
0
6
1
0
12
10
0
5
83
18
14
152
1
6
70
455
28
43
9
4
2
5
12
7
2
11
0
43
1
13
57
0
8
13
1
7
2
0
4
6
11
20
0
0
1
16
29
5
61
0
5
10
0
2
26
0
5
10
0
5
5
8
0
37
2
11
117
2
3
0
0
0
0
5
39
13
6
34
10
22
7
63
16
0
6
20
0
99
1
148
0
12
158
1
14
95
2
11
47
6
85
84
11
142
5
1
105
23
7
6
3
1
0
52
16
0
0
0
0
0
30
1
40
27
20
4
0
