3
101
5
45
0
1
1
5
76
0
0
45
0
19
11
0
35
10
60
25
0
0
0
2
13
0
0
12
0
0
0
0
0
34
31
80
0
0
21
4
9
4
0
0
1
3
8
10
0
0
1
23
10
5
1
3
0
2
10
35
1
55
31
20
0
12
10
10
20
0
0
0
3
0
10
16
10
10
10
0
10
21
3
17
10
0
17
0
12
0
0
0
0
0
2
0
10
23
12
0
0
21
20
13
31
10
10
10
1
0
5
14
132
412
550
5
6
390
396
30
0
395
395
385
10
401
32
0
23
0
21
0
177
385
0
0
0
0
0
388
398
411
0
0
0
0
503
0
0
70
0
2
16
21
0
0
20
33
0
0
4
60
0
388
0
0
59
0
392
9
12
10
0
0
79
59
388
388
0
0
447
0
477
411
0
2
0
393
447
8
3
3
444
405
0
8
420
13
416
393
6
407
20
1
13
0
3
385
388
0
0
0
0
0
3
385
3
0
385
393
1
0
3
8
2
15
57
20
237
0
0
388
0
0
0
0
22
4
8
0
4
21
2
0
4
3
20
6
37
19
0
4
0
123
0
21
5
1
0
13
77
1
20
9
13
3
17
20
15
0
1
14
15
0
26
5
14
7
7
6
0
174
20
14
66
385
25
1
0
8
21
143
20
5
56
388
1
9
4
6
5
5
38
22
12
14
1
46
13
6
6
5
251
0
1
5
11
23
16
21
5
7
187
0
8
9
158
0
60
1
44
4
5
11
13
6
0
6
5
4
24
4
20
126
5
12
8
10
5
13
17
1
130
0
247
0
0
0
