0
0
0
2
16
0
3
8
20
0
7
0
118
16
6
0
0
0
2
0
0
1
10
168
0
23
1
15
71
5
0
7
102
11
0
15
8
0
6
0
6
8
6
29
0
0
0
0
0
0
0
0
9
529
6
15
59
0
0
0
0
0
8
9
0
0
83
35
0
28
12
0
79
0
7
404
1
1
13
85
0
2
6
0
0
0
0
0
0
10
0
0
0
0
0
10
1
0
0
0
0
3
7
6
28
0
0
0
28
0
0
6
6
23
8
0
0
24
2
0
10
0
6
26
0
24
0
0
0
1
0
0
0
0
0
0
0
6
2
0
6
0
150
0
64
21
1
0
0
0
7
1
0
392
0
0
1
0
387
6
0
15
0
0
86
25
39
20
385
10
0
1
415
5
20
0
0
0
6
0
0
0
20
0
0
0
0
0
0
20
0
0
0
0
42
0
413
431
1
0
64
5
3
0
3
6
2
5
0
12
412
411
26
3
20
11
59
1
0
0
1
53
0
80
6
4
109
64
18
20
0
0
0
0
64
0
0
1
0
0
4
0
20
0
6
6
25
3
0
0
24
1
0
0
0
0
35
6
7
10
23
0
0
33
20
0
0
0
2
8
15
7
26
20
15
0
10
0
9
2
0
0
2
1
0
5
5
0
38
155
387
25
0
1
0
1
2
19
64
85
455
18
5
1
56
6
0
18
3
1
390
13
9
10
0
144
8
21
0
69
5
30
0
1
12
94
10
1
5
20
0
8
20
63
3
32
0
16
21
0
59
15
0
7
16
9
0
14
64
193
12
6
26
7
41
33
399
8
1
236
390
0
0
36
9
145
2
15
1
0
23
7
6
0
0
0
0
0
0
0
6
23
5
9
0
10
1
6
0
2
42
0
0
0
0
0
81
43
19
5
17
0
0
54
0
6
0
10
403
33
429
20
4
1
2
4
8
5
12
0
0
1
0
0
0
0
5
1
6
6
0
0
0
0
0
10
5
0
7
6
1
