16
119
0
46
1
14
5
40
17
20
0
43
38
1
0
3
15
4
6
9
28
47
0
6
4
10
7
30
17
15
21
1
45
21
19
4
6
79
35
0
45
10
0
0
84
22
15
29
0
16
95
5
3
3
0
0
2
0
2
0
0
5
0
0
0
0
0
0
0
1
24
0
0
0
0
0
10
0
0
0
0
0
0
0
2
1
16
21
2
0
0
1
0
0
0
0
0
0
0
0
0
1
0
4
5
0
1
0
0
0
0
0
0
0
0
0
9
4
4
34
0
0
0
3
1
38
15
0
0
0
78
15
15
0
0
0
0
0
0
0
0
0
0
0
0
0
0
0
1
0
1
1
0
0
13
0
0
0
1
0
77
0
0
0
0
0
0
0
0
0
0
0
5
31
0
0
3
80
2
0
3
0
455
43
53
21
23
0
18
409
0
0
0
0
12
0
411
11
0
0
0
0
0
0
0
0
0
0
0
0
11
0
0
0
0
0
0
0
0
0
0
0
387
0
0
405
2
2
385
17
0
31
5
1
0
59
0
4
2
2
0
0
0
0
12
0
0
11
0
0
0
0
0
0
0
0
0
0
0
0
0
0
0
0
0
0
0
0
0
0
0
0
0
0
0
0
0
5
1
44
0
7
0
7
1
2
3
13
2
0
388
0
0
5
0
0
0
0
13
1
2
0
15
11
2
0
0
11
10
18
11
5
36
17
18
1
25
3
14
17
18
16
15
0
0
0
0
0
0
0
0
0
0
0
0
0
0
0
0
5
0
11
0
13
12
21
13
13
2
0
1
2
5
0
39
3
65
455
20
64
102
6
18
8
17
5
20
3
124
6
12
205
5
45
1
22
0
0
6
6
13
0
1
4
25
155
0
15
446
85
92
0
17
28
0
7
17
30
4
21
2
61
0
64
30
9
16
0
1
22
0
1
1
6
2
2
10
15
1
26
49
101
6
1
2
22
398
1
1
4
1
0
13
6
416
75
0
1
13
0
0
0
0
0
0
77
0
0
0
0
0
0
0
79
1
414
1
0
0
0
1
0
0
0
0
0
1
0
0
4
10
0
0
0
0
0
0
0
0
10
0
0
0
0
0
0
0
416
16
4
400
21
30
10
25
11
15
11
24
1
78
15
18
0
0
68
5
15
15
15
15
5
