197
0
0
0
1
20
4
0
0
508
103
0
5
131
0
0
0
0
117
0
6
25
19
0
1
0
4
65
59
0
0
83
20
59
0
0
0
0
0
0
20
20
4
0
0
0
1
2
0
502
406
404
390
470
0
0
0
0
0
0
0
0
0
2
0
0
0
83
0
0
474
21
14
94
0
0
0
0
0
0
0
0
0
0
0
0
0
17
0
5
0
0
20
0
0
0
0
0
0
0
0
0
4
0
0
88
0
0
0
0
0
0
0
1
0
0
0
0
0
0
0
0
0
26
0
0
0
0
0
0
0
0
0
0
0
0
0
0
0
6
0
0
0
0
0
0
4
1
0
0
0
0
64
20
0
1
0
84
0
0
0
0
0
20
59
0
0
88
5
5
0
0
0
0
0
0
17
1
0
6
121
0
0
117
1
4
1
0
0
0
15
0
1
1
60
68
0
2
2
0
39
0
553
0
59
0
20
399
476
21
0
0
0
1
0
1
21
0
0
0
0
2
0
9
0
0
0
0
0
20
20
31
65
15
74
0
59
59
0
78
4
1
1
0
0
0
398
100
19
0
0
117
4
0
385
0
0
0
0
0
0
0
0
0
0
0
0
0
0
0
0
0
0
0
0
0
0
0
0
0
0
0
0
20
20
0
0
2
0
0
16
0
0
0
20
20
1
79
2
78
0
403
0
0
0
0
101
417
412
466
17
0
0
0
0
1
59
0
0
0
0
0
28
0
59
1
0
21
1
0
0
0
59
59
1
65
0
216
487
223
1
116
404
25
1
5
1
1
0
1
4
7
4
2
1
0
0
88
32
18
143
15
60
4
4
20
4
0
173
0
5
28
6
11
6
19
18
5
4
1
13
3
0
5
156
5
5
20
20
13
16
7
5
127
15
61
2
14
17
1
86
20
5
19
8
18
8
12
191
10
7
25
13
5
70
455
23
393
0
109
0
0
166
6
8
130
5
6
15
0
7
6
11
0
18
7
3
386
15
0
410
0
31
0
12
120
426
16
0
0
1
385
11
15
85
13
26
390
0
59
1
6
7
20
13
34
15
17
44
0
29
0
25
1
5
0
5
13
1
1
5
87
0
1
0
23
6
10
21
1
7
0
12
89
18
22
108
404
142
19
9
2
8
5
1
165
0
11
6
197
0
5
7
197
0
5
218
0
7
7
213
1
10
36
0
6
6
0
117
0
0
1
0
0
0
0
5
0
