7
133
0
70
96
5
105
63
97
5
18
97
0
0
81
104
0
10
0
0
0
3
0
17
5
6
57
84
90
63
113
107
0
0
0
0
0
22
0
0
1
0
0
0
0
0
0
0
0
0
0
1
0
0
0
1
6
12
20
0
0
0
0
0
0
0
0
0
0
8
5
63
8
9
5
5
0
0
0
0
0
0
6
0
0
0
0
0
0
0
0
0
0
0
0
14
5
6
0
0
0
5
12
0
0
0
0
0
0
5
5
0
0
0
0
0
0
0
0
0
5
0
0
0
0
0
0
0
0
0
0
0
0
0
10
6
28
103
0
28
0
6
141
0
25
0
93
1
0
0
0
63
0
0
0
68
89
99
0
125
37
1
6
12
5
5
20
60
5
5
5
0
0
0
0
0
0
0
0
0
0
0
0
0
0
1
0
1
0
0
0
1
0
1
0
0
0
5
25
0
11
20
10
1
21
0
0
95
1
14
10
0
619
0
1
0
0
81
1
20
427
32
88
3
21
22
95
84
22
100
27
83
88
20
16
1
65
0
465
53
137
83
103
83
100
136
2
0
9
18
137
0
1
51
2
0
0
30
70
5
106
2
0
279
0
129
0
15
12
0
5
218
0
13
0
19
5
50
0
1
13
51
0
0
13
5
6
0
0
1
14
21
142
63
2
26
30
43
9
9
23
58
39
83
411
0
133
426
18
34
1
1
24
0
13
0
11
28
16
20
12
5
16
3
13
0
36
9
142
3
53
6
9
0
14
5
137
5
25
0
1
2
0
0
0
0
85
91
246
15
5
66
0
4
17
0
0
104
0
1
22
22
0
3
4
