18
38
4
0
23
0
0
15
44
95
54
20
41
140
11
0
99
0
15
2
0
0
0
9
20
99
0
35
26
20
15
6
21
6
39
21
124
71
36
6
3
0
0
0
0
27
0
0
0
0
61
120
17
55
9
0
0
0
0
0
0
27
0
0
24
0
83
1
0
11
0
0
86
0
0
0
0
0
1
6
0
10
2
10
6
0
0
0
18
0
99
0
24
5
18
0
0
0
0
21
15
0
20
0
0
35
17
0
10
0
0
0
0
0
0
0
0
22
0
0
0
0
63
9
72
10
0
253
65
22
29
23
1
0
6
20
0
9
1
0
0
0
0
0
86
63
2
35
5
0
61
1
1
0
0
0
0
0
0
0
0
3
15
15
137
22
0
0
15
1
17
0
0
0
0
0
0
0
1
1
1
0
16
7
33
43
53
15
0
0
20
0
0
0
0
0
0
0
0
0
0
0
0
0
10
0
0
2
14
0
7
0
0
2
0
15
21
4
99
0
0
0
0
2
40
0
0
0
0
0
1
33
0
0
0
0
0
0
0
0
0
0
0
0
0
0
0
0
132
18
162
63
63
0
0
15
0
25
1
61
0
1
0
1
5
21
0
53
28
31
57
0
6
10
116
0
0
0
0
0
0
0
0
0
0
0
0
33
33
0
0
0
0
0
0
68
63
32
43
20
1
20
20
54
0
0
0
0
0
0
0
0
0
0
0
0
0
1
59
0
0
0
0
33
0
0
0
0
0
0
0
0
0
0
0
0
0
0
134
17
0
15
59
104
0
0
56
21
0
20
119
0
0
65
35
69
23
0
0
119
117
44
20
0
42
4
0
0
3
100
0
36
25
0
3
2
0
0
0
0
1
17
0
0
36
0
22
76
26
1
20
3
54
83
0
0
50
5
11
19
4
6
0
389
5
16
168
24
128
10
142
33
16
22
26
2
6
17
15
41
13
37
21
15
136
0
18
1
16
21
15
16
9
0
16
22
0
22
16
0
22
60
23
170
15
25
1
34
33
4
27
298
15
229
36
0
4
21
126
18
24
48
212
27
75
38
6
23
95
23
88
0
64
16
3
18
11
0
29
19
0
28
15
35
24
15
46
9
196
41
203
48
6
