48
0
1
0
21
6
16
81
7
0
2
2
23
1
17
12
11
38
6
1
20
25
0
19
17
80
138
0
49
55
1
89
0
21
15
15
0
0
35
0
31
11
82
5
38
15
16
8
6
10
22
11
25
6
15
0
10
64
7
43
0
28
15
1
12
0
5
1
0
0
0
0
0
19
16
11
74
104
0
64
15
0
31
47
0
5
58
37
20
101
5
27
7
6
69
15
0
6
11
11
5
6
439
56
6
49
49
10
10
0
5
5
50
0
0
49
0
54
2
55
117
74
59
57
25
6
15
16
2
7
8
114
15
9
5
5
6
19
42
163
104
5
36
37
5
31
1
1
17
60
0
10
6
0
0
33
0
5
11
49
0
0
0
0
0
0
0
0
0
0
0
0
0
0
0
0
0
0
0
0
0
0
0
0
0
9
22
14
15
4
3
3
5
13
5
5
0
7
5
2
119
0
26
19
0
11
15
65
2
1
5
20
17
0
0
0
0
9
0
0
0
0
0
0
0
0
0
0
0
0
0
0
6
25
8
11
0
0
0
0
0
0
0
0
0
0
0
0
0
0
0
0
0
0
0
0
9
0
20
0
0
0
0
0
0
0
0
0
0
0
0
0
0
0
0
0
0
0
0
0
0
0
0
0
0
0
0
0
0
0
26
61
59
62
72
98
7
24
1
34
0
13
32
8
23
6
41
17
6
37
67
5
16
15
9
11
71
13
0
0
1
11
0
0
5
5
5
22
13
0
26
15
0
21
21
10
11
22
9
11
11
9
0
6
22
399
0
0
6
70
455
23
43
10
5
1
2
4
15
22
1
20
54
6
20
7
6
14
8
12
14
7
0
40
7
0
386
0
102
26
139
391
11
9
1
21
18
5
7
18
20
14
25
6
25
58
12
9
0
5
11
6
12
11
1
11
3
1
7
93
21
20
4
52
0
9
6
0
392
16
17
392
6
6
19
391
14
19
6
6
16
8
450
0
85
17
3
12
95
22
10
0
15
37
9
0
8
55
1
131
20
44
7
11
65
15
5
0
646
68
117
14
6
2
45
0
439
2
0
635
0
2
2
0
75
32
71
21
0
31
84
4
1
33
0
0
39
22
2
33
0
0
0
0
49
0
0
0
0
0
0
0
0
0
0
0
0
0
0
0
0
0
0
0
0
0
0
2
71
0
0
0
0
0
0
0
0
13
0
0
0
0
17
0
0
0
0
0
0
0
0
0
0
0
0
0
9
0
0
0
0
0
0
0
5
11
5
0
0
0
0
0
0
0
0
0
0
9
20
20
20
0
0
0
0
0
0
0
0
0
0
0
0
0
0
0
0
0
0
0
0
0
0
0
0
0
0
0
0
0
0
0
0
0
0
0
0
0
0
0
25
35
5
109
0
0
0
0
0
0
0
0
0
0
0
0
0
0
0
0
0
0
0
0
0
0
67
