1
0
80
3
0
1
0
1
11
37
59
0
26
0
76
83
22
24
47
65
10
5
0
16
1
1
1
12
28
0
0
0
0
0
0
0
0
500
2
0
0
0
0
0
0
0
0
0
0
0
0
0
60
42
0
2
0
66
5
9
0
0
0
0
141
11
33
0
0
0
10
3
398
1
83
0
0
0
20
0
0
0
0
0
0
0
0
0
0
0
0
0
0
0
0
0
150
1
1
1
0
2
7
2
0
0
0
3
0
15
19
22
0
0
0
0
0
12
0
0
0
5
0
12
0
0
0
2
0
1
1
5
2
3
0
0
0
0
423
385
412
6
21
0
2
385
70
1
3
2
0
0
0
0
0
0
0
0
0
27
0
0
0
0
0
1
0
0
0
26
0
0
0
49
5
5
20
6
13
14
1
0
0
19
413
0
0
0
0
0
9
0
0
0
385
0
1
24
0
0
5
0
0
0
0
0
0
0
27
0
0
0
0
0
0
0
0
0
0
0
10
0
2
6
5
0
5
1
0
3
0
1
5
0
0
0
0
1
68
0
0
0
0
0
0
2
5
0
1
10
1
0
1
0
0
0
0
4
1
0
32
0
0
0
0
0
0
0
0
0
1
7
37
5
0
15
9
20
0
0
5
0
7
16
0
2
6
0
2
65
0
7
0
0
411
0
0
1
0
0
0
0
0
385
0
0
0
5
0
386
0
5
6
1
1
0
11
0
1
1
1
0
1
0
467
0
0
0
0
2
1
0
0
0
0
0
0
0
0
0
0
2
2
1
0
0
0
0
0
0
0
424
0
0
0
0
0
0
0
0
6
65
22
0
407
1
0
0
407
0
0
0
0
0
0
0
0
0
0
0
0
0
0
0
411
2
0
0
0
1
6
65
2
0
5
0
0
0
0
0
0
0
0
0
0
0
0
0
0
0
0
0
0
5
0
1
3
1
454
12
23
0
0
0
0
0
0
0
0
0
0
0
0
0
0
0
1
1
68
7
1
0
27
37
7
0
5
106
7
24
2
21
65
1
6
19
0
10
21
1
63
105
69
84
0
0
65
46
401
0
64
455
23
20
28
5
19
1
5
2
11
0
11
8
12
3
2
0
13
0
94
387
27
7
15
0
2
63
388
0
0
94
0
89
10
9
9
10
0
463
15
8
0
8
0
31
0
15
1
4
5
96
0
29
10
25
0
449
85
92
0
400
0
6
2
1
1
0
12
87
30
1
55
0
0
133
385
121
385
29
1
1
1
1
1
2
0
0
0
0
0
0
0
0
0
0
0
1
5
1
0
1
0
3
0
0
385
1
0
0
0
0
0
0
0
0
0
0
8
5
1
3
8
8
81
0
0
1
1
6
0
6
0
0
2
65
10
0
15
0
0
5
484
3
20
2
84
17
3
5
2
0
6
21
0
2
2
23
388
1
1
1
20
3
0
0
0
