230
0
22
2
5
0
1
0
20
21
35
23
0
6
2
482
2
18
2
3
5
65
4
20
14
2
8
48
6
30
8
32
33
5
0
6
0
1
0
1
5
20
0
20
0
390
3
2
103
0
391
20
85
7
4
8
3
2
388
0
7
0
0
1
11
0
5
400
5
385
5
5
6
1
444
0
12
397
6
1
57
393
63
2
7
3
6
8
7
25
2
5
415
31
2
0
0
0
3
6
6
1
0
0
0
0
0
0
5
6
5
6
0
5
7
38
0
0
0
0
0
0
0
0
20
5
11
0
27
8
4
5
5
9
393
7
2
6
6
0
0
2
5
20
1
0
0
5
0
0
0
28
65
26
0
0
0
0
19
4
0
0
14
4
70
0
0
0
0
61
0
0
28
0
0
407
405
0
10
30
0
28
1
9
5
0
403
385
385
62
0
0
0
18
385
0
388
3
13
385
412
0
11
0
0
10
10
0
0
0
0
0
13
0
0
0
0
415
0
0
1
1
391
425
25
0
0
11
0
1
0
16
1
0
3
0
1
385
0
5
0
2
1
25
3
6
27
0
0
5
5
0
0
0
0
0
0
0
10
0
0
7
3
5
1
10
1
3
6
5
5
0
0
9
0
22
25
28
0
0
152
6
7
9
0
2
0
64
455
5
35
12
385
5
2
63
385
114
426
14
0
16
0
34
9
9
4
0
0
4
0
41
7
0
13
15
7
0
0
87
0
6
7
0
6
390
26
16
1
99
2
91
390
18
1
5
0
5
0
0
0
0
0
0
0
0
0
0
0
0
0
0
0
0
0
0
0
0
0
0
0
0
0
0
0
0
0
5
27
0
0
1
0
5
0
0
0
0
0
0
0
0
0
0
0
0
0
0
0
0
0
0
0
0
0
0
0
0
0
0
0
0
0
0
0
0
0
0
0
0
