1
1
1
13
15
0
1
7
0
1
0
0
5
2
0
3
0
0
2
0
12
1
1
5
2
1
1
0
34
0
0
15
0
0
0
5
0
3
0
0
1
6
0
0
2
3
2
0
1
0
8
5
0
6
25
0
24
0
5
0
12
2
1
1
40
563
4
15
2
0
0
0
1
1
0
0
0
0
3
0
9
4
10
10
0
0
0
0
0
2
1
2
0
5
33
121
1
0
1
22
1
130
10
0
0
1
0
0
0
1
0
0
0
2
0
0
1
0
0
0
0
0
0
0
0
1
8
0
0
10
0
0
0
0
8
36
30
12
36
11
26
9
2
11
9
0
0
0
0
2
20
1
2
0
11
1
422
0
0
0
0
0
35
0
0
26
3
154
22
2
2
0
12
0
0
0
0
0
0
0
0
10
15
4
2
0
3
20
0
0
7
0
3
8
5
11
2
2
2
5
0
3
0
46
1
2
20
0
2
103
62
7
1
1
0
14
20
0
0
3
21
20
1
20
0
9
0
21
20
0
0
0
0
0
0
0
0
0
149
1
34
0
20
0
0
0
19
46
49
1
0
0
0
1
0
0
0
0
0
0
0
0
0
0
0
0
0
47
0
1
4
2
2
0
39
1
20
65
85
34
8
2
0
6
2
19
1
0
0
4
0
1
20
0
20
10
63
4
0
1
1
5
10
0
0
1
15
64
449
13
0
0
3
21
1
6
0
4
9
0
39
63
1
3
386
0
1
116
0
122
0
11
0
1
0
8
0
409
5
5
1
1
5
18
1
21
19
48
423
10
4
17
6
0
12
45
0
12
1
4
0
5
0
13
31
9
8
0
141
6
18
39
19
0
106
0
11
8
1
10
35
9
38
4
1
46
1
1
0
3
0
0
1
17
36
0
1
0
0
1
1
0
0
0
0
2
0
0
0
0
3
0
16
15
4
0
0
76
0
0
0
20
0
0
8
0
24
21
0
1
0
0
22
10
31
0
0
35
0
0
20
0
24
0
1
5
0
0
0
13
0
0
23
0
0
45
0
26
0
0
22
1
0
1
3
4
59
0
0
0
1
0
0
39
0
21
13
42
34
1
21
20
0
0
33
159
0
0
0
0
0
0
1
0
0
0
38
33
0
0
1
44
0
1
0
0
0
0
0
0
0
0
58
0
