0
11
0
0
0
0
20
1
42
22
0
67
2
0
49
5
0
0
0
0
17
111
38
0
24
41
35
2
23
3
0
22
3
23
1
0
1
49
2
13
0
2
67
72
23
1
15
36
10
26
35
84
0
4
0
1
0
0
1
15
5
1
1
0
0
10
1
40
0
22
22
88
94
64
42
2
20
39
0
2
9
4
52
2
3
3
54
22
2
11
5
2
0
0
0
6
1
1
1
1
21
1
23
0
0
1
2
18
0
22
36
29
0
0
20
76
0
11
10
73
21
12
3
0
20
24
24
10
2
20
22
2
22
22
0
0
0
1
36
29
9
38
0
0
0
11
0
0
26
6
2
0
0
50
62
0
27
9
6
0
0
38
0
15
0
1
6
2
19
62
37
30
9
2
43
0
2
35
116
1
0
10
0
20
25
32
0
36
52
104
1
20
0
608
423
544
409
549
0
0
138
38
0
385
0
0
0
433
509
0
29
20
0
0
0
0
0
25
4
11
0
0
1
0
0
0
18
0
6
0
42
0
159
62
29
15
18
0
0
0
20
6
0
81
1
0
0
11
92
18
509
127
23
11
0
48
509
0
0
9
30
0
1
10
1
0
14
1
0
43
3
43
68
50
24
59
1
55
0
0
0
0
2
22
19
0
58
1
42
0
6
60
1
1
0
1
1
0
11
0
0
38
0
44
0
8
5
15
49
1
53
30
12
12
0
18
0
101
14
7
10
70
455
405
0
16
0
13
20
164
1
88
20
21
0
8
16
1
103
8
4
6
35
24
15
9
82
7
13
22
83
0
79
14
25
43
77
0
0
177
9
207
0
21
6
116
0
3
66
72
63
12
8
6
14
15
67
8
13
7
89
0
24
0
73
64
45
1
39
0
59
23
0
0
36
9
0
1
62
63
107
404
52
1
57
16
209
0
216
0
6
0
0
64
47
92
38
82
12
43
0
7
0
36
1
25
20
27
36
9
6
0
0
3
0
0
8
25
7
4
53
56
53
49
0
0
16
15
20
54
9
42
0
43
141
1
1
2
67
12
19
40
1
43
0
28
1
6
39
0
2
24
22
0
22
23
125
5
1
42
1
21
0
2
58
25
11
18
0
0
5
0
0
0
0
0
0
0
0
0
0
0
0
0
0
0
5
0
0
2
0
0
0
2
0
2
0
0
0
0
0
0
0
0
0
0
0
0
0
0
3
0
1
1
0
0
0
0
0
0
0
0
0
0
0
0
0
63
18
0
0
0
5
0
0
0
0
5
0
0
0
0
0
0
0
1
0
0
0
2
49
0
0
0
0
0
0
0
0
0
0
0
0
0
0
0
0
0
0
0
0
0
0
1
0
12
0
0
