21
1
0
1
0
7
3
0
3
21
89
21
0
21
79
142
0
0
143
12
0
8
96
0
23
5
0
0
0
0
0
0
0
20
21
20
6
1
25
108
81
79
32
21
0
20
0
21
20
408
0
0
0
2
0
0
0
0
0
2
2
127
38
146
2
0
1
84
0
8
7
159
4
20
23
19
1
20
0
2
0
2
23
7
3
0
3
94
21
0
54
1
1
2
9
5
1
0
0
62
0
19
1
20
10
65
3
85
1
3
0
0
0
4
3
23
0
1
0
1
20
23
1
1
0
0
22
3
0
0
0
0
0
0
0
0
0
4
0
11
0
0
21
2
0
3
68
1
1
0
0
14
26
0
20
0
0
4
66
2
1
17
0
32
34
0
0
0
0
0
0
0
0
0
0
0
0
0
0
0
0
1
1
23
0
23
68
5
63
7
5
16
20
27
93
79
23
20
63
46
10
13
9
20
390
1
0
59
0
21
0
21
91
69
20
6
2
10
59
84
5
64
59
0
0
0
0
0
0
0
0
0
0
0
0
0
0
0
9
0
0
51
51
0
0
0
0
0
0
0
51
0
15
28
85
65
86
2
82
20
21
1
90
95
10
0
86
35
0
20
6
77
20
0
26
66
20
0
1
5
20
5
29
43
11
22
44
36
48
0
61
20
20
20
84
0
63
0
1
7
34
390
1
8
20
21
65
12
64
105
69
9
0
2
5
163
6
17
17
20
5
28
1
14
0
5
3
23
2
10
21
6
7
0
0
22
7
12
442
0
50
0
15
0
0
2
21
40
6
6
13
1
104
0
5
76
5
5
9
20
19
18
20
0
27
9
1
20
117
16
8
6
79
0
57
87
5
213
2
10
21
5
7
8
0
0
1
9
0
5
9
0
0
15
9
0
0
9
0
9
0
1
5
0
0
3
0
0
0
6
0
0
1
0
0
1
0
1
0
0
0
0
0
0
0
0
7
2
2
0
0
0
6
0
0
0
6
1
24
0
