25
145
0
18
36
21
10
21
6
53
0
0
0
0
0
0
13
0
12
6
15
6
31
262
135
17
6
6
0
0
2
0
0
6
0
0
34
4
0
5
26
40
28
31
19
25
3
151
26
35
24
0
9
21
21
38
15
0
86
21
0
17
0
0
0
0
0
15
0
0
5
99
0
0
0
21
5
15
25
15
6
15
17
0
0
0
0
0
6
1
0
0
4
15
7
10
0
0
15
15
1
25
13
6
84
1
33
5
0
0
0
38
0
2
100
0
0
0
2
18
2
49
0
1
118
0
2
0
0
1
0
0
0
0
34
16
117
112
0
0
0
0
0
2
0
16
0
0
0
0
9
24
0
0
25
0
0
0
0
15
18
7
0
0
1
0
0
0
20
0
0
0
0
0
29
20
0
7
21
49
100
1
0
0
0
0
15
0
38
0
0
16
0
41
15
6
40
21
2
33
72
0
0
0
0
0
0
0
20
2
0
39
102
92
72
85
5
11
20
80
64
0
91
97
162
0
0
0
0
0
20
20
20
0
0
0
0
0
96
0
0
0
0
0
0
0
33
0
3
0
0
0
53
97
0
21
83
118
0
1
37
55
2
146
0
84
0
0
0
42
47
29
0
0
0
0
0
21
15
3
25
49
0
0
0
63
29
5
2
0
0
0
63
20
0
9
0
0
20
0
16
12
0
0
0
0
257
0
135
117
16
30
197
27
27
0
99
0
0
0
0
0
25
0
25
48
16
21
21
0
0
0
0
0
20
8
24
11
19
8
0
9
21
0
6
15
69
455
2
20
10
0
142
37
291
15
12
1
4
15
55
164
25
10
9
20
0
5
1
7
15
49
72
46
10
9
15
0
171
2
18
228
129
22
1
18
6
21
6
27
10
20
93
15
14
24
87
10
5
15
8
22
4
1
18
13
16
9
16
0
15
24
48
14
0
7
34
7
0
11
28
24
16
82
2
104
18
21
3
349
18
158
16
31
14
19
0
27
19
0
15
24
15
158
0
16
164
15
152
15
153
0
16
238
15
232
146
83
252
5
159
30
53
63
132
39
100
15
217
63
129
0
133
19
113
1
5
0
0
5
0
83
0
0
0
34
14
122
12
0
0
0
102
1
0
5
4
1
16
22
6
0
0
34
10
16
1
20
0
0
0
0
10
20
62
94
0
20
5
5
99
1
11
0
0
0
6
0
0
36
0
0
0
0
9
0
83
0
6
6
0
89
0
0
6
0
0
0
2
71
63
25
9
21
0
25
23
0
6
89
0
6
6
6
