5
191
0
1
52
3
15
20
0
0
61
71
10
0
0
52
31
10
1
11
0
0
10
0
5
0
17
100
25
0
0
76
56
2
0
11
0
51
0
0
0
0
48
21
0
41
51
23
189
0
129
220
7
136
459
20
4
138
16
4
193
0
199
4
32
0
9
0
0
0
0
168
20
0
0
0
148
143
150
0
0
0
0
0
0
0
0
0
0
0
0
1
0
0
108
0
0
0
0
0
0
0
0
0
0
0
0
0
0
0
0
0
0
0
0
0
0
0
0
14
0
0
0
40
0
0
0
0
0
0
0
0
0
25
0
0
0
1
0
0
0
0
0
0
0
0
0
131
34
18
10
10
0
6
11
11
16
0
141
101
0
164
0
0
0
0
0
100
0
0
0
0
0
0
0
40
0
0
0
0
0
0
0
0
10
0
129
0
101
5
28
0
1
0
0
0
0
0
0
0
0
0
0
0
0
1
1
0
10
1
6
0
0
0
0
0
0
0
0
0
0
0
0
0
20
0
0
0
61
18
11
19
27
46
0
210
20
22
13
13
0
745
155
264
421
3
22
10
8
16
42
7
18
21
253
10
129
0
3
148
30
29
0
398
50
0
0
0
50
0
51
0
0
568
0
0
13
0
0
13
0
0
0
50
9
143
149
24
22
12
13
137
19
13
19
77
159
0
10
0
0
0
0
7
0
11
13
8
35
64
137
30
25
13
69
449
37
10
8
5
0
6
21
5
29
64
1
13
5
9
9
27
4
16
0
175
7
10
0
15
0
16
0
0
1
0
0
126
14
84
0
1
95
6
12
41
0
33
13
34
10
62
69
4
6
17
0
14
5
127
6
0
6
21
48
0
20
6
