20
153
0
25
0
0
1
63
3
23
0
20
0
0
5
12
49
1
17
0
26
1
0
0
7
0
5
2
6
3
0
70
1
9
0
0
0
62
9
0
1
4
208
0
4
75
117
84
0
105
90
84
0
4
9
0
0
0
191
43
0
28
3
0
22
1
0
3
11
60
0
7
3
66
142
473
39
22
0
1
39
1
0
0
0
0
2
0
0
0
0
0
0
442
21
0
5
5
6
0
0
0
0
0
2
39
0
2
41
0
0
22
0
1
0
6
0
0
0
0
0
1
2
68
0
0
0
0
0
0
0
0
0
0
0
0
0
0
0
0
0
0
0
0
0
0
0
0
0
0
0
0
0
0
2
2
5
0
0
0
0
0
59
0
59
0
0
0
0
6
0
0
0
0
0
0
0
0
0
0
0
0
0
0
0
0
66
0
0
0
0
0
0
0
0
0
0
5
1
5
5
3
117
0
0
0
0
0
0
21
0
0
0
0
391
0
394
0
0
0
0
0
0
0
0
0
385
449
0
0
0
0
458
0
0
0
0
0
0
0
0
0
0
0
0
0
0
0
0
0
0
0
0
0
0
0
0
0
39
0
0
20
0
10
25
7
0
0
0
7
0
22
23
21
488
468
405
25
25
159
0
5
0
0
0
53
117
0
0
0
393
0
0
0
0
0
119
20
0
0
445
20
0
0
0
0
0
0
0
0
0
0
0
9
20
0
0
0
2
0
394
0
392
0
0
0
0
0
0
0
0
0
0
0
0
0
0
0
0
0
0
0
0
0
0
0
20
20
405
59
0
0
0
0
11
7
20
0
20
5
31
0
0
40
33
5
24
0
20
0
0
0
20
39
0
2
0
0
0
0
0
0
0
0
2
2
0
0
0
0
0
0
0
0
0
0
0
0
0
0
0
0
0
0
0
3
2
0
1
0
0
6
0
39
21
0
0
5
0
1
0
0
0
0
0
5
4
0
0
0
513
12
0
12
0
156
9
5
120
21
6
65
41
6
50
0
14
70
455
23
105
22
23
14
20
13
56
26
6
2
15
7
26
30
58
12
94
12
12
17
0
16
13
18
1
1
44
0
33
4
0
10
5
94
16
5
6
10
52
0
126
2
0
156
13
14
229
0
15
23
5
5
1
47
20
1
28
15
14
3
27
0
20
6
27
0
20
6
27
0
20
6
30
15
6
64
0
445
37
0
0
2
0
32
1
7
18
3
103
0
88
6
25
0
5
0
8
31
9
29
9
10
0
134
1
13
148
0
20
5
148
9
1
6
6
168
0
98
0
126
26
11
46
12
18
0
6
6
24
13
91
3
5
91
8
1
131
21
5
0
0
17
14
0
60
417
0
11
0
0
0
1
6
0
0
0
0
0
0
0
0
0
0
0
0
0
0
0
11
1
0
0
0
0
0
0
0
0
0
0
0
0
0
0
0
0
1
20
0
0
1
20
1
1
0
0
0
0
0
53
0
58
