20
210
0
25
1
39
75
29
441
43
50
2
387
4
7
0
5
4
43
0
2
0
82
99
40
47
41
39
40
43
0
4
44
395
0
0
0
0
0
0
0
0
0
133
0
0
0
0
0
2
41
0
0
0
0
0
0
0
0
39
0
10
387
436
143
40
1
1
387
2
1
39
0
0
0
0
0
7
7
0
0
0
0
1
4
0
20
1
0
2
0
433
7
0
0
0
0
0
0
0
0
39
0
14
0
7
0
1
3
1
39
59
40
0
12
0
0
39
0
39
39
0
39
13
39
10
0
39
416
1
3
0
1
0
0
3
5
0
0
40
0
1
40
2
0
0
1
0
0
0
0
40
0
39
40
0
0
0
0
1
40
0
2
0
0
0
5
0
39
47
2
41
59
0
24
60
10
40
99
2
46
39
2
45
53
13
7
7
0
2
2
0
45
98
1
43
0
41
39
98
40
40
1
39
394
1
5
0
0
0
0
108
39
61
1
0
0
40
0
0
0
0
0
0
0
0
0
0
0
0
0
0
0
0
0
0
0
0
0
0
0
0
0
0
0
0
0
0
0
0
0
0
0
0
0
0
0
0
0
0
0
0
0
0
0
0
0
0
0
0
0
0
0
0
0
0
0
0
0
0
0
100
0
0
40
0
0
0
0
0
4
0
0
0
0
0
0
1
0
0
0
40
0
18
0
0
10
0
0
0
40
0
0
0
0
0
0
1
0
40
0
79
0
0
0
0
41
6
40
47
19
1
61
0
0
6
0
61
0
15
0
0
0
10
1
64
2
5
1
0
2
2
388
15
0
53
54
462
46
35
4
0
435
4
0
439
11
117
39
123
0
15
0
389
390
0
0
0
7
387
0
12
39
0
125
81
64
0
10
20
4
6
0
81
0
0
46
2
25
0
116
9
21
5
5
1
5
10
63
513
99
69
70
455
23
25
1
7
7
12
482
0
0
46
0
58
12
21
0
114
426
28
10
0
28
25
5
7
406
16
9
44
0
444
85
9
0
6
6
0
0
0
91
0
5
405
5
6
7
6
6
1
52
9
0
212
0
219
0
0
0
13
19
2
180
5
1
0
2
0
1
0
12
0
0
