137
0
6
0
0
3
9
1
102
2
4
0
11
15
5
0
121
239
20
3
2
0
4
4
8
53
10
119
0
0
169
117
102
0
0
0
4
0
1
12
168
15
7
3
2
0
1
25
0
0
1
6
49
1
0
33
1
129
469
120
138
1
59
1
0
8
26
11
23
207
2
26
10
3
10
3
11
1
1
0
0
0
1
0
10
30
10
10
1
78
0
0
0
0
0
0
0
0
0
0
0
0
0
0
0
0
0
0
11
546
1
0
83
425
483
0
0
20
0
10
616
0
27
59
120
13
7
2
7
48
23
11
38
3
3
2
46
0
24
47
0
0
0
574
2
0
0
0
0
0
0
0
0
0
0
0
0
0
0
64
14
1
1
0
0
411
15
0
3
238
762
31
0
0
60
3
8
475
33
66
385
385
0
0
3
120
83
0
470
63
0
518
11
1
1
385
0
0
0
0
59
60
0
0
0
97
0
0
0
0
0
471
29
411
0
453
387
0
59
2
0
0
0
0
0
0
0
0
0
0
1
0
0
15
18
0
76
17
118
0
505
18
10
3
425
0
0
0
0
49
0
1
8
0
0
8
2
1
0
20
0
9
94
1
10
6
0
0
0
9
16
7
6
7
1
64
449
161
12
1
6
3
13
66
9
1
9
1
117
1
12
65
1
9
2
91
12
31
1
19
1
1
21
21
4
9
1
16
0
0
8
0
115
426
9
3
0
4
1
27
11
13
48
15
11
15
24
9
1
82
2
5
24
0
1
2
16
2
1
24
0
0
52
61
12
4
1
19
0
20
16
0
0
6
10
0
1
18
15
5
14
1
0
0
1
1
218
12
193
8
38
9
88
0
108
69
71
16
27
6
127
2
139
0
151
6
32
1
33
0
16
143
0
0
5
47
6
56
10
5
0
