13
216
0
29
2
1
2
11
7
15
1
5
3
83
0
0
70
1
1
10
5
2
13
1
2
15
0
20
24
9
386
5
54
64
0
0
6
1
0
6
13
1
50
32
51
8
168
0
495
1
62
4
23
4
77
18
86
20
2
0
6
13
0
2
1
4
0
0
10
1
1
7
28
0
0
0
1
1
0
0
0
0
0
6
19
434
5
0
0
0
0
0
0
5
7
0
387
0
0
0
0
0
1
0
0
0
0
1
0
0
0
0
0
0
0
409
0
0
0
0
0
0
0
0
6
0
0
0
0
0
0
0
26
20
5
5
0
0
0
0
77
1
32
0
2
0
49
1
1
52
21
0
0
0
1
0
0
0
0
5
0
0
0
0
0
0
12
0
0
79
31
4
1
62
3
0
0
0
0
0
0
113
1
139
0
0
0
0
0
0
0
0
0
0
0
0
0
0
0
0
0
0
0
0
0
0
0
0
0
0
0
0
0
0
125
49
99
86
6
0
37
20
1
152
11
0
64
385
4
423
385
1
5
20
471
1
1
47
13
0
63
444
0
19
19
0
0
0
0
0
0
0
0
385
0
0
0
0
0
0
0
0
0
59
385
3
0
0
0
0
0
0
0
0
0
0
0
0
0
0
0
0
0
0
0
9
0
14
128
37
49
34
0
83
420
0
49
49
6
5
51
0
513
421
400
468
405
385
21
0
453
444
3
0
6
21
2
0
64
0
59
85
20
61
1
0
2
0
0
61
1
60
7
7
6
1
18
0
199
22
13
311
16
59
41
6
6
0
6
64
455
23
28
19
9
13
99
23
9
0
7
0
3
21
1
12
19
8
2
17
6
10
13
19
0
28
16
0
224
2
19
121
37
17
0
0
48
51
57
28
17
1
98
5
222
37
1
234
5
91
28
18
50
6
1
15
232
39
1
163
59
188
6
0
0
0
0
0
0
0
0
0
0
0
0
0
0
0
0
0
0
0
1
0
0
0
0
0
0
0
0
1
1
0
0
0
0
0
0
0
0
0
20
0
0
0
0
0
0
0
0
0
0
0
0
0
0
0
0
0
0
0
0
0
0
0
0
0
