59
0
0
11
20
0
59
0
22
97
60
15
6
15
20
34
0
2
3
0
17
1
2
20
0
5
385
2
0
0
0
0
1
0
2
0
1
21
0
19
14
0
20
0
0
15
0
0
130
385
0
385
20
0
15
16
0
137
0
0
0
1
0
0
400
37
0
0
3
11
0
0
0
0
0
0
0
0
0
0
0
0
0
0
18
0
0
28
0
4
11
6
17
0
0
0
0
0
0
15
16
11
0
7
20
3
0
0
0
0
0
0
11
10
0
0
1
15
18
0
2
0
18
0
19
411
25
0
18
27
1
6
12
0
0
0
0
0
5
16
1
6
0
0
6
0
0
0
15
18
10
0
0
0
5
0
23
0
69
0
4
1
385
1
0
0
0
0
5
10
0
0
20
0
0
0
0
0
0
15
0
6
0
0
5
20
0
2
19
5
0
27
1
6
1
15
17
0
0
0
0
0
1
17
3
1
7
1
0
0
21
10
1
0
0
1
1
0
0
1
0
0
8
0
1
2
2
0
0
0
0
0
0
0
0
0
0
10
10
0
0
1
0
0
0
0
3
0
0
13
24
13
0
0
0
0
0
0
0
1
0
0
0
0
0
0
0
0
0
0
0
0
0
1
0
0
0
0
0
0
1
0
0
0
0
0
0
0
1
0
15
0
0
0
0
0
0
0
0
0
0
0
0
0
0
0
18
0
1
6
1
0
1
0
0
0
0
0
0
0
3
16
15
15
0
16
15
20
0
15
0
10
16
18
0
0
0
15
1
0
0
0
0
0
0
0
0
0
0
0
0
0
1
0
0
0
0
0
0
0
0
0
0
0
0
0
0
0
0
0
0
0
0
0
0
0
0
0
0
0
0
0
0
0
0
0
0
0
15
1
0
1
0
59
5
15
0
2
35
0
1
7
14
0
13
4
0
37
0
5
5
1
22
59
4
0
0
1
8
11
0
13
1
0
0
1
0
4
15
0
9
0
0
80
0
77
31
0
88
24
20
0
21
31
0
12
1
0
10
49
35
0
18
0
0
5
44
0
37
1
11
124
6
130
0
0
13
11
0
385
26
0
399
1
0
121
1
1
0
0
0
0
2
20
10
8
10
1
0
0
0
0
0
0
0
0
0
0
6
0
0
0
10
0
0
0
0
0
20
0
0
0
20
10
5
5
1
6
0
3
22
0
1
0
0
0
0
0
0
0
0
0
15
0
0
0
0
0
0
0
0
0
0
0
0
0
0
15
0
0
0
0
0
0
0
0
0
35
0
19
1
0
0
15
