93
0
2
2
1
16
86
0
1
40
19
0
0
0
1
15
5
5
1
0
1
6
1
92
33
0
17
0
0
0
20
5
5
0
0
0
5
20
2
5
2
5
2
20
0
0
0
36
86
0
10
117
180
83
15
21
86
0
1
15
19
20
0
20
0
40
135
140
69
20
10
0
0
0
0
0
0
0
0
0
0
0
0
0
0
0
0
0
0
0
0
0
0
0
0
0
49
2
86
4
55
16
15
18
18
83
72
117
63
1
0
15
16
20
19
0
0
64
0
17
17
0
15
0
0
49
15
0
68
70
67
15
23
6
18
15
5
0
0
0
0
0
0
0
0
0
0
0
0
0
22
0
2
15
2
0
0
0
0
18
22
15
0
0
18
16
15
15
15
15
0
0
0
0
0
0
0
0
1
15
15
4
1
0
21
12
0
3
2
5
7
45
15
15
0
0
24
0
2
0
0
19
10
70
17
25
0
0
0
0
0
1
1
0
0
0
0
0
0
1
1
1
1
0
0
0
0
4
0
0
0
0
0
0
0
0
0
0
0
0
15
0
2
15
0
5
0
15
16
20
1
0
7
2
0
0
0
0
0
0
18
4
17
1
0
49
0
0
0
0
0
0
0
0
0
0
0
223
0
0
0
0
0
0
0
0
0
0
166
35
101
113
0
20
0
16
15
49
15
37
15
5
0
0
0
0
0
0
0
0
0
0
0
0
0
0
0
0
0
0
0
0
0
0
0
0
0
1
36
35
99
0
1
21
5
0
25
2
0
2
0
0
0
0
0
0
0
0
0
0
15
18
15
15
15
15
0
0
0
15
59
2
0
0
0
0
0
0
0
0
0
0
0
0
0
2
0
61
0
0
0
0
0
17
15
17
0
1
5
11
15
9
7
5
15
15
0
20
21
0
0
0
0
0
0
0
0
0
0
0
0
0
0
0
0
0
0
0
0
0
0
0
0
0
0
0
0
0
0
0
0
0
0
20
21
0
0
0
0
0
0
0
0
0
0
0
0
0
0
0
0
0
0
0
0
0
0
0
0
0
0
0
0
0
0
0
0
0
0
0
0
0
0
0
0
0
0
0
1
21
0
51
16
47
21
0
0
15
2
86
0
1
40
19
0
0
0
12
0
1
0
5
0
5
7
3
5
0
0
215
129
39
4
432
49
0
0
1
50
7
20
20
0
0
15
4
29
0
76
84
9
121
20
0
115
20
7
6
177
70
0
12
26
0
33
13
6
27
16
1
16
18
7
6
0
1
7
0
0
5
35
2
20
6
4
5
0
8
15
0
14
97
64
6
13
49
18
406
63
14
431
0
29
9
142
63
0
5
1
1
