5
134
0
13
16
5
5
6
26
0
1
11
3
0
3
0
17
2
2
1
1
2
5
67
0
5
27
6
0
0
6
0
7
20
0
0
26
0
1
1
0
2
0
0
0
0
2
0
0
0
16
17
0
0
10
6
6
5
20
9
1
4
0
0
172
0
7
2
3
3
1
1
20
0
0
0
1
1
0
0
0
81
20
3
0
0
2
0
0
0
0
0
0
0
0
10
0
0
2
0
0
0
25
30
0
10
0
0
16
0
5
0
6
13
1
21
21
0
9
37
10
1
5
1
1
12
9
12
0
0
7
20
0
0
0
2
3
0
0
0
7
6
0
1
0
5
2
3
0
2
3
0
0
11
0
0
11
3
1
2
0
0
11
0
0
3
3
97
0
0
6
11
11
1
20
49
507
51
0
4
57
28
3
0
85
2
5
117
1
0
30
3
0
0
0
0
0
3
452
0
0
0
1
7
0
0
0
391
5
449
422
52
0
54
0
49
59
0
0
1
388
8
2
26
3
5
0
0
3
2
21
5
2
3
1
3
9
14
0
0
2
1
14
6
3
0
0
109
8
386
0
0
0
0
0
0
0
64
455
19
0
0
0
1
0
4
0
0
4
0
0
15
6
0
1
7
0
91
8
2
14
20
10
13
64
8
0
6
68
9
9
0
0
0
0
6
4
6
13
30
2
0
0
19
2
98
41
17
20
6
0
0
2
0
13
27
10
5
12
7
33
13
5
0
12
84
5
5
0
6
0
9
49
23
26
7
0
17
2
7
4
5
7
0
0
7
13
7
4
2
15
10
8
10
13
21
9
0
8
0
4
136
6
4
0
5
4
32
0
35
5
87
1
100
0
14
0
123
1
0
