149
5
9
38
76
32
0
6
4
10
23
17
0
1
20
0
118
65
2
4
0
2
3
0
10
17
0
17
26
24
3
17
402
15
2
0
22
3
0
0
0
0
0
0
1
2
2
457
26
0
1
2
22
2
8
21
0
0
2
386
0
0
0
385
385
4
0
2
0
15
0
1
117
0
1
6
0
21
37
2
1
0
0
0
21
0
0
0
0
2
31
1
0
3
1
1
0
0
0
0
0
0
0
0
2
2
0
0
0
0
0
50
0
0
0
0
0
0
0
0
0
0
2
1
0
0
0
0
0
0
59
0
0
0
0
0
0
0
0
0
0
0
0
0
0
0
0
0
388
50
56
1
0
0
1
1
14
480
9
0
0
3
6
0
4
1
2
1
0
1
0
0
0
0
0
0
0
439
82
444
0
25
2
0
20
20
0
20
16
3
0
22
14
20
2
59
20
2
27
11
12
3
79
3
7
29
14
1
2
1
3
2
0
0
0
0
0
3
14
17
15
2
7
14
17
20
64
26
14
20
5
2
0
5
0
0
0
64
0
59
0
0
1
6
0
21
0
59
3
0
22
0
0
59
8
0
59
59
1
79
59
454
14
108
0
47
0
0
14
49
49
108
60
0
49
1
0
0
0
1
0
1
4
20
0
12
2
2
11
1
5
0
1
2
6
2
0
0
0
15
0
0
4
0
0
0
0
0
7
0
0
3
4
2
4
22
3
3
46
0
0
0
9
0
0
15
0
6
1
10
63
9
2
64
455
6
0
27
6
61
385
20
13
5
12
2
77
1
115
426
10
0
6
38
12
5
134
7
236
1
33
13
29
21
38
14
0
1
6
390
2
2
23
0
1
83
0
1
12
0
3
6
3
4
6
1
3
0
1
17
0
0
0
0
0
0
2
2
3
9
43
1
2
2
0
3
20
1
0
0
0
0
1
59
1
425
9
0
65
0
0
1
1
0
0
0
21
0
0
0
0
0
0
0
0
0
0
0
0
0
1
0
0
1
1
0
0
14
0
1
0
0
0
12
20
59
59
59
0
0
0
27
21
0
27
21
0
0
0
0
484
1
0
9
64
