15
85
21
107
0
35
74
20
96
0
7
31
15
15
26
0
26
233
93
9
12
0
122
18
1
175
16
15
35
20
81
16
6
5
54
15
21
0
118
3
213
24
118
0
69
1
10
15
1
0
0
0
27
11
15
22
0
0
0
1
0
0
0
0
0
0
0
0
0
0
0
0
99
1
0
1
0
75
55
99
91
99
99
11
26
115
37
29
0
26
16
20
26
6
21
43
1
21
3
25
20
0
1
0
0
0
0
0
0
0
0
0
51
0
0
20
1
16
25
0
70
99
49
123
51
1
15
138
20
103
53
35
0
33
0
20
0
0
0
1
0
0
20
20
0
0
0
0
0
0
0
0
0
0
0
0
34
53
10
1
0
0
76
10
15
6
53
68
49
0
0
68
0
0
20
0
20
55
4
39
68
42
38
67
11
33
2
1
7
2
0
33
0
0
0
0
0
34
9
40
18
16
0
2
21
0
54
36
21
19
50
39
0
7
15
0
38
33
0
5
15
33
20
0
0
74
3
33
0
0
19
21
27
94
28
15
15
20
3
0
0
20
0
0
0
0
33
42
137
0
21
56
48
0
56
5
15
31
0
15
1
0
0
0
0
0
0
0
0
0
0
33
33
0
0
20
20
20
20
0
0
0
0
0
0
0
0
0
0
0
0
0
0
0
0
0
0
0
0
0
0
0
0
0
0
0
0
0
0
0
0
0
33
20
0
0
0
0
0
0
48
15
1
0
31
0
57
0
83
16
18
15
16
6
20
5
0
0
19
36
0
56
21
46
48
0
15
1
18
0
5
4
0
10
16
22
13
0
18
20
14
0
16
0
11
19
22
14
16
44
335
26
16
10
21
22
8
64
15
192
20
17
5
13
2
15
0
9
0
19
6
15
20
6
19
8
43
1
25
15
20
391
18
6
61
164
24
1
22
18
24
15
9
400
22
18
12
54
77
6
10
15
0
0
94
0
20
144
0
17
12
135
0
66
2
15
7
0
9
29
9
15
15
37
15
19
53
7
8
34
20
91
15
17
10
30
20
17
28
13
6
15
15
37
19
19
15
12
25
20
8
289
18
12
98
86
6
103
0
64
12
110
0
7
211
63
5
168
0
84
6
100
21
226
0
15
121
18
6
1
0
0
1
3
15
15
35
39
33
0
0
20
0
0
0
0
0
0
0
20
0
0
0
0
15
0
0
15
9
0
0
0
15
15
15
