0
207
0
1
7
19
25
1
23
0
0
0
0
0
3
104
5
12
21
1
13
19
21
10
0
0
92
0
0
0
211
18
115
61
7
19
66
34
0
0
25
0
1
0
0
20
2
1
0
0
0
0
0
0
0
0
1
0
0
0
107
1
0
18
1
69
3
22
0
1
44
22
63
9
0
0
0
0
0
0
41
0
0
0
0
0
31
0
0
0
0
0
0
54
24
33
145
15
16
19
133
129
69
0
0
0
12
10
12
21
20
0
0
0
0
0
0
35
21
0
0
0
0
0
0
0
0
0
0
0
0
0
0
7
20
25
1
3
44
6
21
2
87
20
21
59
0
0
64
0
0
64
0
5
20
20
0
0
40
0
0
0
20
0
0
0
0
0
0
0
0
0
1
20
20
0
20
1
0
0
12
0
4
0
0
0
0
0
0
0
0
0
0
1
0
403
0
0
0
0
0
0
0
0
21
0
1
0
0
0
114
15
6
5
17
23
664
0
1
443
411
0
0
0
0
0
0
21
10
16
0
9
21
93
6
77
0
93
21
21
20
26
84
20
0
21
0
64
20
73
0
127
7
76
25
5
84
74
0
0
8
54
30
76
9
23
9
19
0
105
99
49
29
69
1
0
20
1
1
0
6
0
0
5
30
4
16
107
26
141
18
64
46
208
4
174
21
185
8
0
70
386
63
22
0
18
28
9
142
8
36
0
29
14
9
1
15
28
6
208
0
11
0
37
49
84
22
85
13
105
11
101
29
5
6
16
52
86
10
23
15
34
19
27
4
10
0
19
0
139
18
33
6
0
22
3
122
0
152
8
107
9
106
0
16
1
0
89
47
89
9
226
14
25
8
6
