22
5
2
1
0
21
0
0
21
16
0
22
52
41
27
0
60
462
0
0
12
17
32
65
113
0
32
4
15
12
42
5
0
0
66
11
51
41
0
16
0
0
0
0
0
0
0
0
0
3
0
0
0
0
0
0
0
0
0
0
0
0
0
0
0
0
0
0
0
0
0
0
1
0
0
0
0
0
0
0
1
0
0
0
0
0
0
0
0
0
0
0
2
0
0
0
5
15
12
0
12
0
17
0
0
4
445
33
12
61
6
0
0
0
0
0
0
0
0
0
7
0
12
0
4
0
15
0
1
0
6
21
18
12
8
9
26
10
392
0
21
0
0
27
0
0
0
0
0
0
0
0
0
0
0
0
85
2
0
1
0
0
0
385
0
1
0
0
386
1
0
0
0
0
0
0
0
0
0
0
0
0
0
0
71
7
23
401
18
25
15
15
28
21
2
22
18
5
0
0
0
1
0
0
0
385
0
1
0
0
386
1
0
0
0
0
0
0
0
0
0
0
0
0
0
0
17
5
28
403
15
0
402
27
16
38
408
1
16
27
18
15
23
68
32
5
385
409
1
26
11
3
22
17
50
17
22
0
6
415
20
0
416
4
4
7
0
0
402
385
15
21
6
15
1
0
12
0
0
400
15
23
10
9
15
71
8
0
20
3
0
13
0
11
7
22
7
14
21
12
10
3
41
8
26
0
394
0
5
0
7
12
8
0
11
0
13
10
6
11
0
1
0
3
11
3
25
8
20
0
8
12
10
0
12
6
9
9
35
5
15
6
0
0
0
64
455
23
14
1
2
2
15
6
10
14
17
6
14
14
6
8
13
0
0
69
6
11
6
12
6
2
15
5
36
0
14
14
7
12
7
0
5
14
5
38
22
5
9
22
6
20
7
1
5
40
7
1
0
0
4
5
2
19
391
14
6
6
0
13
6
50
20
6
6
64
6
6
12
13
6
6
21
0
55
5
1
3
12
22
6
31
9
0
4
20
29
9
8
411
28
6
0
0
14
0
0
23
8
616
503
2
0
497
206
13
0
5
0
0
0
0
1
65
0
0
0
0
0
0
0
0
0
0
0
0
0
0
26
404
0
40
0
0
1
2
0
1
0
0
0
385
0
1
0
0
386
1
0
0
0
0
0
0
0
0
0
0
0
0
0
0
71
7
0
0
1
0
0
0
385
0
1
0
0
386
1
0
0
0
0
0
0
0
0
0
0
0
0
0
0
17
5
28
404
