64
14
0
0
7
0
0
0
63
122
9
0
16
1
86
71
0
0
0
83
35
34
21
116
18
82
7
64
64
90
85
91
0
0
0
2
0
0
0
0
0
0
0
2
0
0
0
0
0
0
0
0
0
0
0
0
0
0
0
0
0
0
0
0
0
0
0
0
0
6
1
20
82
25
79
6
0
0
0
0
6
2
0
68
10
0
0
0
0
15
35
17
25
79
75
86
64
0
0
0
0
0
0
0
0
26
10
8
91
127
64
66
0
0
0
0
0
0
0
0
0
0
0
0
0
0
0
22
0
20
5
16
0
9
14
10
0
0
27
0
0
0
0
0
27
12
57
27
0
0
30
0
169
4
2
132
75
0
0
0
0
0
0
0
12
77
6
79
72
0
9
63
17
0
9
0
3
6
0
95
0
31
91
6
3
2
16
15
27
0
0
0
30
5
0
0
0
0
0
0
10
0
63
1
50
4
15
76
0
0
84
9
10
12
63
9
41
0
2
5
0
2
0
4
7
0
68
49
0
0
0
16
0
25
92
5
70
7
14
14
72
72
14
40
0
30
4
0
59
4
0
12
0
69
1
124
0
74
0
8
5
399
0
0
7
4
0
385
3
86
0
29
0
392
6
106
4
487
51
26
2
0
27
1
0
1
4
1
101
4
0
10
1
5
3
51
61
4
0
7
16
35
91
320
79
18
7
64
46
1
0
0
0
83
3
0
0
1
0
12
220
27
10
6
5
41
385
394
10
406
1
64
455
23
150
7
12
15
3
18
6
0
18
6
17
29
7
47
16
28
31
0
10
18
0
1
14
6
6
6
2
8
18
81
13
22
3
115
83
0
0
65
0
394
6
1
0
11
2
19
6
5
99
42
0
7
44
105
63
20
15
18
8
9
6
13
0
5
15
28
24
15
5
98
7
7
292
63
21
7
5
7
36
1
5
37
9
0
193
80
10
24
386
157
6
39
7
23
43
