0
0
1
5
0
1
2
0
2
1
0
22
0
0
0
589
0
19
3
0
3
21
0
2
0
1
17
21
0
24
0
387
20
0
30
399
1
6
5
27
57
12
0
2
1
0
6
1
27
0
0
0
0
0
0
0
0
0
0
0
0
0
0
2
0
0
7
0
0
0
0
31
22
3
7
0
1
0
1
8
2
64
412
0
0
2
3
0
1
5
0
6
0
0
0
0
0
0
2
5
1
0
0
1
0
3
9
5
2
23
92
0
2
2
2
10
0
0
21
1
0
20
0
64
7
0
1
1
184
0
0
1
53
0
44
1
457
10
1
33
20
40
0
60
3
46
0
2
0
20
2
0
33
0
33
33
70
0
0
21
33
20
0
3
0
0
0
0
0
0
0
0
0
0
0
0
46
0
40
0
0
1
30
13
1
0
0
0
0
0
0
39
0
0
0
0
0
0
0
0
0
0
0
39
0
0
0
0
68
0
21
4
25
14
1
3
390
0
4
1
1
3
3
9
9
0
0
0
0
0
0
0
0
0
0
0
0
0
0
0
0
0
0
0
0
0
0
0
35
388
0
9
0
22
4
0
1
5
1
1
8
386
385
2
0
26
0
4
47
1
0
5
20
1
0
84
0
4
1
2
1
0
22
410
2
92
1
12
0
117
26
100
69
8
15
0
19
2
70
455
23
262
25
12
26
5
6
22
6
1
0
5
44
2
0
4
5
1
11
15
0
7
7
12
88
0
6
2
385
0
385
5
10
9
494
0
46
0
58
12
21
0
5
33
0
0
94
0
6
14
120
0
426
14
0
26
3
0
25
0
14
26
0
0
2
17
1
1
29
25
5
450
85
388
0
0
7
2
0
22
254
0
133
385
10
21
0
6
105
0
33
33
23
23
408
2
73
5
28
20
8
0
34
23
1
0
0
3
1
1
0
0
0
6
0
0
0
0
0
0
0
0
0
0
0
0
0
0
0
0
0
0
0
0
33
0
0
0
0
20
0
33
1
0
0
0
6
0
0
0
0
0
0
0
0
0
0
0
0
0
36
