66
0
9
8
0
1
1
21
2
0
1
0
0
21
0
0
0
0
12
11
0
4
36
18
2
6
0
19
0
10
14
3
15
1
0
0
17
0
0
2
0
0
0
60
1
20
1
6
5
0
0
0
1
2
1
0
0
23
117
16
1
9
0
12
0
1
0
0
0
0
0
1
1
0
0
0
3
17
2
0
0
0
5
0
0
0
5
0
0
0
0
7
22
0
0
0
0
0
0
0
11
4
0
2
10
2
25
0
0
13
0
15
0
0
0
9
0
0
1
0
11
0
0
2
0
0
59
15
25
99
22
0
32
48
0
1
31
6
0
1
5
0
0
0
0
0
0
1
5
1
23
29
0
0
1
0
12
0
7
0
0
0
0
0
1
0
0
0
1
0
0
0
0
9
1
111
83
19
0
0
0
0
0
0
0
0
105
1
0
0
26
0
0
0
0
0
0
0
0
0
0
0
0
3
3
4
0
4
0
0
10
3
0
1
0
0
1
1
7
10
32
20
20
28
2
5
3
20
1
480
5
0
0
0
22
0
0
20
140
20
59
22
59
3
1
62
74
59
0
80
0
59
0
0
0
0
0
0
22
12
1
24
0
0
0
0
0
1
2
0
0
5
21
0
1
1
0
0
0
0
0
12
0
46
24
0
16
0
2
5
3
0
15
30
17
1
13
1
91
8
38
12
21
0
14
10
42
16
11
6
0
0
52
44
112
0
65
449
6
6
206
6
5
0
37
58
16
5
13
0
0
1
12
0
31
9
212
26
253
37
1
0
122
16
12
0
0
5
18
12
8
1
102
11
6
11
40
0
15
6
8
1
15
5
15
1
21
0
0
18
3
12
5
0
0
0
15
15
17
0
0
0
0
3
15
0
0
25
25
5
0
0
5
17
5
0
0
20
32
5
0
0
9
9
11
