4
0
0
20
20
0
4
60
0
1
0
0
0
0
0
0
24
0
25
15
22
118
0
0
26
44
4
1
88
22
9
0
0
2
0
2
0
0
2
0
13
118
0
0
20
32
76
20
27
0
0
6
0
0
0
0
8
0
0
0
1
0
21
0
0
0
25
14
1
20
12
0
0
14
1
0
0
25
0
21
0
0
29
0
0
5
0
12
0
1
19
0
1
3
0
0
0
0
0
0
0
5
1
0
6
9
16
6
0
1
5
5
6
0
0
0
0
0
6
7
0
25
0
0
1
0
0
0
0
0
0
0
0
0
0
7
0
0
6
0
0
0
0
0
15
0
0
0
0
10
0
6
0
0
0
0
0
0
0
8
8
21
0
20
0
0
6
0
0
6
2
0
0
0
1
0
0
1
0
0
0
0
1
1
0
1
0
2
0
9
2
0
10
10
0
10
0
10
10
5
26
0
1
10
599
0
450
410
1
12
0
518
79
7
21
5
10
0
5
0
1
2
59
3
0
11
10
12
10
2
1
0
0
20
0
15
11
0
26
1
20
0
22
77
49
15
4
8
1
5
7
2
0
0
6
7
64
455
1
3
0
13
1
10
0
10
0
11
6
6
0
117
0
6
1
2
6
0
0
0
0
6
0
0
0
2
0
9
0
0
0
0
10
0
8
1
1
0
0
5
1
6
7
1
0
5
0
0
0
0
0
0
1
5
0
0
0
5
1
3
0
13
25
33
13
6
8
0
18
12
12
1
0
0
0
1
25
123
7
7
14
3
26
0
24
0
6
4
0
1
0
0
9
0
0
26
3
0
1
3
0
0
11
7
0
1
593
64
15
20
0
0
0
0
0
0
0
5
0
0
11
1
5
0
0
5
0
0
0
0
0
0
0
0
0
0
1
0
0
0
0
0
0
1
0
0
0
0
0
0
0
40
0
2
1
0
0
3
0
0
0
0
0
0
0
0
0
3
0
0
0
0
0
1
0
0
0
3
0
0
0
0
0
0
0
3
0
0
0
0
0
7
0
6
0
6
0
7
0
0
0
0
15
0
0
0
0
0
10
0
6
0
0
0
0
0
0
0
0
0
0
0
0
0
0
0
0
437
437
1
389
0
3
0
0
0
0
49
9
3
11
1
0
116
181
462
1
62
0
