1
140
0
6
1
0
0
49
8
0
7
1
49
26
0
2
5
9
1
23
0
0
6
0
0
0
101
71
1
0
23
0
1
1
2
3
20
21
7
21
50
50
5
0
0
0
52
1
3
50
23
0
1
0
0
0
1
40
0
0
0
1
20
69
0
65
23
20
424
7
431
21
21
2
160
15
1
117
6
0
1
0
387
0
20
0
59
146
1
0
10
0
0
0
0
0
0
0
5
20
0
5
0
1
23
0
55
1
1
1
20
0
1
0
0
5
1
0
1
1
21
0
0
0
0
5
0
0
0
0
0
1
57
0
50
0
0
0
0
423
465
451
439
0
0
0
1
76
6
0
0
0
0
0
0
0
0
391
69
59
67
0
12
64
1
0
0
0
0
0
6
49
54
57
0
0
0
0
55
49
0
0
0
76
5
0
0
0
0
1
1
5
0
0
26
1
0
0
0
0
0
0
0
0
0
6
4
1
1
1
2
0
0
0
24
21
1
20
18
19
3
0
0
0
0
0
0
12
51
116
26
88
0
23
5
447
0
434
20
0
0
0
0
0
449
10
0
0
0
0
0
0
0
2
20
0
59
10
44
4
1
2
455
385
0
55
0
50
0
1
1
2
0
405
10
4
49
59
9
385
0
0
0
0
0
0
0
0
0
0
385
0
0
1
0
0
0
0
0
0
0
0
385
0
0
0
0
0
0
0
0
0
0
0
0
0
0
0
385
0
0
0
0
0
0
0
0
0
0
58
3
52
2
11
0
385
1
405
0
389
0
0
0
21
0
0
9
0
9
0
0
386
1
56
0
0
0
0
0
0
0
7
0
0
0
5
128
32
0
91
0
70
455
11
394
0
12
1
44
2
11
9
32
6
12
15
12
10
0
18
6
68
387
1
386
0
391
0
386
0
1
3
386
0
410
0
127
35
6
69
92
10
33
13
6
394
6
49
13
12
4
5
410
0
130
3
169
0
138
21
274
5
288
11
11
138
30
60
37
24
0
222
6
263
9
141
0
137
35
7
6
