482
2
3
0
487
0
65
413
453
3
399
534
7
17
0
386
70
0
1
2
0
397
0
407
17
20
386
1
0
0
1
1
0
0
2
2
3
0
0
0
0
0
0
0
430
84
101
77
65
6
0
1
0
385
0
18
5
0
545
530
5
21
385
387
0
5
424
385
399
217
1
34
5
1
385
508
3
20
0
78
2
0
386
1
385
6
1
1
64
64
0
0
1
1
2
0
0
27
0
2
385
1
1
2
11
0
15
7
0
0
7
0
0
0
3
0
0
0
0
0
0
0
0
0
0
0
81
0
0
9
0
1
0
0
4
0
0
2
64
80
9
4
20
3
0
11
385
401
0
389
401
385
385
2
1
0
385
1
133
15
0
0
19
1
15
0
3
0
0
0
27
33
6
0
25
0
389
0
64
0
63
72
29
80
24
72
36
0
0
5
63
14
36
0
0
0
9
0
28
0
0
0
0
0
0
139
413
5
3
0
3
4
388
0
407
418
3
21
0
0
403
385
414
414
387
394
445
0
444
3
14
0
0
0
489
14
0
3
406
0
0
0
0
0
0
0
0
0
0
0
413
1
467
2
388
2
0
1
0
0
0
12
0
27
452
452
35
0
404
3
14
0
0
386
0
22
3
92
412
528
386
207
425
0
0
385
20
11
438
454
0
470
0
0
405
407
2
456
0
414
394
2
10
24
20
513
0
99
69
67
41
51
4
64
455
21
5
4
0
9
5
22
2
0
52
386
103
10
6
485
397
13
0
1
109
405
9
33
0
18
0
200
391
119
426
10
6
0
0
391
5
4
3
436
10
451
37
0
385
12
65
10
1
3
10
32
9
10
5
3
152
6
7
225
0
0
248
0
90
133
390
1
142
8
168
0
164
0
9
53
0
6
107
396
122
8
6
1
4
0
1
0
117
1
443
0
1
10
0
0
11
13
1
1
3
0
0
0
0
1
0
387
0
0
3
0
23
0
15
0
408
0
0
0
0
1
387
387
386
1
1
390
2
10
405
1
0
