16
142
0
0
0
0
6
0
25
6
17
6
1
0
0
0
0
15
51
164
0
5
0
4
12
10
6
15
43
10
0
0
20
3
3
3
0
7
6
7
1
9
6
8
6
7
0
1
0
16
6
0
1
5
51
6
6
10
0
0
10
0
0
0
20
0
0
0
10
0
7
0
0
0
0
2
88
0
39
8
8
0
0
0
0
0
0
0
129
129
0
0
0
0
4
9
0
0
15
68
20
30
10
21
27
0
0
0
0
0
0
0
0
0
0
0
0
0
0
0
0
12
0
144
20
6
10
7
0
0
0
0
6
0
144
0
0
129
0
0
0
0
0
0
0
0
0
134
0
27
0
0
0
10
0
0
0
0
0
0
0
1
0
0
0
0
0
82
1
85
64
38
10
27
0
0
0
0
0
1
13
0
0
0
20
25
0
0
0
0
0
0
0
6
20
1
30
25
0
27
1
0
16
0
0
6
16
0
0
26
0
0
0
0
0
0
0
0
0
0
0
0
0
0
5
0
0
27
0
0
0
1
1
2
0
0
0
0
0
0
0
1
0
0
0
0
8
6
0
0
0
0
0
0
0
0
150
5
5
0
70
16
15
23
40
31
31
20
0
0
79
241
117
112
144
46
31
5
4
20
79
0
20
0
10
30
6
7
22
1
22
1
0
0
76
6
22
7
6
0
0
0
0
26
0
0
0
6
7
0
26
65
90
0
6
62
23
0
0
0
0
0
0
0
0
0
0
0
0
0
0
0
59
0
6
10
6
4
7
0
0
0
6
0
0
4
0
0
0
0
2
0
0
4
1
0
7
154
104
20
4
20
0
0
61
99
0
6
16
6
92
1
4
7
18
6
6
8
6
20
0
0
0
1
15
19
106
6
9
19
11
12
110
6
7
18
1
65
10
13
15
9
117
231
25
14
125
11
7
16
15
5
5
6
3
3
1
13
24
15
9
6
15
0
14
1
13
35
5
16
3
6
10
166
0
13
15
234
0
10
5
237
0
256
32
205
0
5
2
133
0
10
5
123
10
1
16
15
1
217
0
35
1
209
0
11
12
0
192
10
0
