1
1
4
0
0
84
18
50
33
22
1
410
400
0
36
77
0
0
38
1
44
0
442
391
14
8
4
12
12
11
22
8
15
13
12
0
11
0
10
0
0
0
0
411
409
0
27
28
33
1
0
1
22
18
3
6
1
0
0
0
0
0
0
0
0
0
0
0
0
0
0
0
1
42
117
0
8
6
0
0
0
0
0
0
0
0
0
0
0
0
0
0
0
0
0
9
513
95
18
0
0
15
24
15
10
10
16
0
1
5
0
482
109
16
25
15
437
57
385
0
84
21
1
2
6
30
41
1
0
20
37
0
10
1
495
11
10
27
2
0
93
423
0
15
395
0
0
5
82
57
14
0
389
0
414
24
84
0
0
1
0
0
1
385
27
0
0
0
0
0
0
0
0
0
0
0
0
0
0
0
0
0
0
0
0
0
0
0
0
0
0
28
0
0
0
10
0
0
0
0
0
0
0
0
0
0
1
385
27
0
0
0
0
0
0
0
0
0
0
0
0
0
0
0
0
0
0
0
0
0
0
0
0
0
0
0
0
0
0
0
0
0
0
1
385
27
0
0
0
0
0
0
0
0
0
0
0
0
0
0
0
0
0
0
0
9
0
1
385
27
0
0
0
0
0
0
0
0
0
444
20
77
26
396
1
19
0
385
0
0
0
2
0
0
0
27
0
7
394
25
3
0
1
0
0
0
0
411
2
398
9
0
2
455
0
0
0
0
0
0
0
0
64
0
385
412
28
447
64
0
0
13
16
429
385
0
398
13
82
0
10
9
20
27
3
4
0
9
5
415
0
0
39
0
0
37
14
1
6
0
7
6
0
0
1
22
13
26
15
42
20
1
2
25
8
6
5
27
67
2
9
0
0
392
15
6
15
8
19
25
64
455
394
20
10
417
6
11
26
17
8
16
7
20
12
0
10
1
5
2
5
2
5
11
5
393
41
11
1
16
63
24
22
14
2
20
0
16
4
65
5
29
1
2
4
20
0
0
0
5
11
19
6
0
385
137
1
1
35
5
16
5
0
90
0
10
34
0
37
17
31
35
5
0
14
7
5
36
13
7
12
391
6
385
22
11
14
0
145
3
23
20
74
24
63
1
102
11
6
6
5
0
78
9
13
35
12
0
61
12
6
12
385
9
0
5
391
16
7
7
11
396
9
20
15
0
0
6
418
5
1
412
0
0
0
0
0
0
0
0
0
0
0
0
0
0
0
0
0
0
0
0
0
0
0
0
0
0
0
0
0
0
0
0
0
0
0
11
17
22
16
0
464
5
0
0
0
4
3
10
0
0
0
0
0
0
0
0
0
0
26
1
385
28
385
27
0
0
0
0
0
0
0
0
0
0
0
0
0
0
0
0
0
0
0
0
0
0
0
0
0
0
0
0
0
0
0
0
0
0
0
0
0
0
0
0
0
0
0
0
0
0
0
0
0
0
0
0
0
0
0
0
0
0
0
0
0
0
0
0
0
0
0
0
0
0
0
0
0
0
0
0
0
0
0
0
0
0
0
0
0
0
0
0
0
0
0
0
0
0
0
0
0
0
0
0
0
0
0
0
0
0
0
0
0
0
0
0
0
0
0
0
0
0
26
0
0
0
0
0
0
0
0
0
0
0
0
0
0
0
0
0
0
0
0
0
0
0
32
26
9
16
0
464
1
1
412
0
0
0
0
0
0
0
0
0
0
0
0
0
0
0
0
0
0
0
0
0
0
0
0
0
0
0
24
4
0
