0
44
117
0
11
3
386
385
0
3
14
7
10
0
2
3
11
66
20
10
12
2
19
9
18
1
0
450
0
18
0
0
10
386
0
0
385
421
10
397
5
0
0
0
1
2
0
0
6
12
0
2
6
5
10
0
5
10
0
7
0
203
385
84
1
0
385
386
385
0
0
388
5
0
9
0
0
385
0
0
397
0
10
10
0
414
15
425
0
0
385
12
2
0
1
11
0
405
385
385
0
3
2
395
387
0
1
0
39
0
0
1
415
385
1
0
0
7
0
13
3
1
0
0
0
1
0
1
429
4
0
0
0
0
0
0
0
12
0
0
0
1
1
5
20
1
0
0
0
0
0
0
0
0
1
1
0
0
0
0
0
0
0
0
0
0
0
1
0
386
0
0
3
3
9
405
2
396
10
10
12
15
398
0
1
2
0
0
2
0
0
0
0
10
2
139
4
6
82
5
434
10
0
385
10
0
445
0
413
0
393
72
2
3
1
419
386
6
1
0
1
405
0
0
1
0
409
406
385
0
0
385
0
0
0
0
0
386
0
0
5
0
0
385
5
0
430
9
2
0
0
0
1
12
395
405
0
420
1
460
0
385
0
6
385
2
0
6
68
0
6
0
1
0
385
1
0
0
0
0
0
0
0
5
79
6
6
0
45
6
0
44
22
64
454
4
0
0
0
102
10
17
0
30
4
21
0
50
0
8
0
26
2
24
0
6
1
5
7
11
4
1
9
0
483
10
34
26
11
5
409
20
21
9
167
3
2
12
105
8
5
