142
0
0
123
0
0
1
0
1
14
0
10
0
41
2
5
1
29
5
3
2
89
8
0
1
10
0
30
0
1
0
0
15
1
6
1
1
8
704
28
0
0
12
75
38
0
20
0
10
2
5
7
9
2
56
2
2
0
1
44
50
10
0
1
1
64
0
2
1
0
21
1
54
20
3
0
11
21
25
0
6
0
9
1
1
0
1
4
0
0
0
0
0
1
1
16
54
0
0
43
4
5
5
3
6
6
7
10
20
10
11
1
0
11
1
0
0
3
0
12
0
13
0
10
2
11
10
15
0
15
0
0
17
0
1
0
0
1
0
6
1
5
10
5
5
1
2
7
0
5
0
37
35
54
56
1
0
10
2
5
0
7
0
2
570
26
23
93
428
0
1
20
0
10
0
24
15
385
1
2
1
0
0
0
0
436
385
0
0
0
0
0
0
0
0
0
0
0
0
0
0
0
1
0
0
0
0
0
0
0
0
0
0
0
0
0
1
0
0
0
0
0
0
0
0
0
1
50
0
0
2
5
2
0
0
11
1
1
0
0
0
6
0
0
403
0
1
0
0
406
1
391
0
403
1
0
14
385
0
0
0
0
0
0
0
0
0
0
38
0
44
0
1
385
0
0
0
0
0
0
0
0
0
1
9
29
0
0
19
0
0
1
9
385
11
0
10
4
0
9
11
0
1
12
0
1
4
0
0
0
0
0
0
0
385
0
385
0
0
0
0
0
0
0
0
0
0
0
0
0
0
0
0
0
0
0
0
0
0
0
0
0
0
0
0
0
0
0
1
9
0
0
0
0
0
0
0
0
0
0
0
0
0
0
0
0
0
0
0
0
0
0
0
0
0
385
0
0
0
0
0
0
0
0
0
0
0
0
0
0
0
0
0
0
0
0
385
0
0
0
0
0
0
0
0
0
0
6
0
0
0
0
0
5
0
0
0
385
12
0
13
394
0
10
31
1
1
0
1
10
5
0
0
0
0
18
0
0
21
0
0
1
19
29
4
11
22
5
16
0
0
513
64
455
32
5
21
0
14
7
5
13
26
50
1
46
1
6
11
10
6
0
48
36
1
14
0
0
0
0
406
0
1
116
0
22
10
15
1
16
57
6
9
16
20
5
5
7
5
24
53
7
44
0
51
61
12
9
1
6
34
11
393
16
3
55
15
2
32
1
31
6
107
404
107
6
70
16
6
0
20
0
31
8
5
2
0
0
1
0
0
0
0
0
3
1
0
0
76
1
1
0
0
0
0
0
0
5
0
1
1
1
7
0
2
9
0
0
2
0
0
0
0
0
12
6
0
649
98
0
0
0
0
593
0
385
418
0
0
0
0
0
0
1
0
2
0
1
54
48
0
1
10
2
0
464
59
0
0
0
1
2
7
0
4
5
0
0
0
0
0
0
13
6
10
0
0
0
0
0
0
0
4
0
0
0
0
0
0
9
0
0
0
0
0
53
15
0
0
0
7
0
0
6
0
0
0
0
0
0
10
10
0
0
0
0
0
0
0
0
0
0
2
9
10
8
0
0
0
0
0
0
0
0
0
0
7
9
10
