26
95
0
23
0
26
3
3
9
3
2
28
2
2
0
63
2
102
6
139
2
17
13
67
3
0
5
9
0
4
2
22
5
3
7
0
0
9
21
5
2
0
23
3
97
150
8
20
15
82
4
7
5
19
3
3
7
114
7
72
0
0
32
5
32
12
5
2
0
3
19
2
78
104
3
22
2
0
3
62
22
0
0
33
25
110
0
0
0
0
0
0
0
0
0
3
1
5
0
13
0
21
24
3
0
0
24
14
5
0
0
26
7
0
0
3
1
9
0
2
0
23
19
3
0
0
0
0
0
24
0
0
0
0
17
0
0
0
0
0
0
5
0
0
16
0
5
0
1
0
0
17
0
0
0
0
5
0
95
0
0
0
0
2
0
2
2
0
7
5
3
2
0
10
0
7
5
9
3
5
9
0
1
0
114
6
2
0
0
0
23
10
0
0
0
0
0
0
34
32
38
102
0
6
24
6
0
0
0
0
112
3
5
0
3
3
5
7
3
0
3
3
23
5
4
8
65
394
5
3
2
0
53
28
0
35
28
62
2
2
0
57
8
3
6
11
0
3
66
0
2
0
7
4
1
62
25
3
2
3
2
64
27
4
9
65
4
2
0
1
20
8
3
20
1
16
10
1
391
3
19
3
5
7
4
81
0
11
87
8
97
0
2
87
24
3
2
20
37
8
7
6
28
3
14
0
12
17
5
2
4
2
2
7
2
42
2
36
31
9
8
2
16
6
1
2
9
9
6
0
6
2
15
29
2
3
2
0
14
8
6
2
5
0
34
13
8
3
0
117
10
2
3
6
93
117
4
17
4
0
120
8
69
10
40
6
113
2
99
18
3
2
15
