7
307
23
0
13
9
4
0
5
0
0
7
5
14
11
0
0
4
32
1
7
131
30
4
17
0
21
36
0
78
4
0
4
0
50
61
8
1
24
1
0
24
26
0
6
7
20
33
227
9
9
117
54
423
98
504
19
74
0
0
22
0
20
0
0
10
41
7
50
0
55
4
49
17
4
4
22
5
27
0
22
56
0
49
0
0
0
12
78
0
49
4
5
69
6
51
18
57
54
1
613
436
0
0
0
0
0
2
0
66
49
0
0
0
2
0
0
1
0
0
1
9
0
0
0
0
0
53
49
1
0
5
11
118
0
0
0
0
5
2
0
0
5
235
0
101
1
22
3
0
504
416
0
4
117
87
464
4
33
1
0
4
20
49
0
0
13
63
15
0
0
12
1
0
385
0
0
0
0
0
0
0
0
0
0
0
0
0
0
0
0
0
0
0
0
0
0
79
33
18
0
0
55
0
4
5
0
387
1
0
55
0
1
49
49
16
50
52
5
0
0
0
0
0
0
0
0
0
0
0
0
0
0
0
0
0
0
0
0
0
0
0
0
0
0
0
0
0
50
49
49
438
2
59
49
51
0
20
55
0
8
55
63
25
5
0
0
0
49
9
0
16
4
0
385
8
0
0
390
4
10
11
1
0
0
49
6
0
193
28
5
408
27
394
6
213
7
212
13
7
89
26
64
455
235
27
27
41
84
7
166
6
286
26
0
116
0
1
0
11
24
14
96
23
4
0
6
7
0
6
0
122
4
95
6
2
26
6
0
331
14
38
88
7
107
397
6
1
1
1
4
44
7
87
7
225
7
145
0
7
215
0
70
2
12
241
32
180
6
22
15
0
