3
149
0
1
13
23
1
20
20
0
0
2
6
13
0
1
0
46
0
0
49
0
0
0
0
0
0
0
0
0
60
137
14
49
0
27
3
1
11
120
4
23
20
47
5
0
48
3
8
0
5
5
24
42
132
28
6
22
32
2
52
0
126
62
1
20
134
12
0
0
0
17
0
0
0
2
0
0
3
0
15
3
51
0
0
11
12
0
29
3
1
0
0
0
20
0
0
14
13
0
0
0
1
1
451
16
17
0
0
0
1
1
0
0
0
0
0
0
6
46
5
37
22
5
1
0
1
14
26
1
10
3
11
0
0
16
47
0
1
0
0
0
0
0
0
0
14
0
5
0
0
0
0
0
3
11
0
0
0
75
55
0
0
0
0
0
9
27
8
0
0
5
3
0
1
41
10
76
10
10
25
6
0
5
0
12
50
454
1
59
0
0
1
69
20
5
0
0
0
49
474
5
10
39
258
1
33
10
0
12
0
0
0
49
184
34
39
0
0
0
12
0
0
49
0
0
0
0
2
93
46
0
61
68
20
2
0
106
10
103
5
88
0
0
61
0
0
0
49
49
0
0
0
0
12
0
0
3
12
0
1
13
3
12
20
0
0
0
0
0
0
0
0
0
0
0
0
0
0
0
0
0
1
28
23
0
0
49
0
0
36
0
0
0
49
0
49
0
0
0
0
0
0
0
0
0
0
0
0
0
0
0
0
0
0
0
0
12
0
0
0
3
0
150
47
128
0
0
40
22
0
0
1
0
0
162
0
0
0
0
0
1
3
23
1
22
0
0
153
3
1
5
0
6
5
38
5
2
0
6
39
11
0
10
6
169
6
132
0
5
29
6
9
7
5
7
0
85
9
16
0
2
13
12
0
6
0
1
0
9
9
7
5
7
1
1
14
8
5
18
51
5
12
22
17
31
58
12
41
5
5
7
116
0
84
5
114
426
0
0
0
2
0
42
7
1
6
2
5
6
0
7
0
19
11
24
12
25
53
7
97
0
5
7
1
12
6
10
118
209
6
12
179
0
5
102
6
5
136
0
1
10
136
0
0
10
7
7
24
28
18
1
9
385
8
26
2
11
1
24
4
7
6
6
6
140
0
5
6
1
31
9
0
0
13
1
0
0
10
10
10
10
17
0
0
10
10
22
5
0
21
0
64
22
1
0
5
1
0
1
0
0
0
0
0
0
0
12
0
0
0
12
0
0
0
0
0
0
0
6
0
0
0
0
0
10
0
11
0
0
10
0
5
59
6
13
2
16
24
0
0
0
0
0
0
0
13
0
2
0
0
0
0
0
0
0
0
0
34
0
12
0
0
77
5
5
0
16
445
40
1
1
12
17
0
10
0
2
0
0
9
24
2
2
7
0
0
0
0
1
3
0
