21
183
0
20
2
18
19
10
0
23
130
15
0
10
15
0
20
0
34
22
29
25
106
9
9
9
19
4
30
0
22
3
42
13
9
0
1
2
19
21
30
63
30
17
0
33
33
2
1
3
1
32
13
2
2
0
16
10
2
17
2
15
2
2
84
14
0
0
0
0
0
0
0
0
0
0
0
0
0
0
0
0
0
0
0
4
10
15
10
0
10
0
0
0
0
0
2
12
0
0
0
10
0
0
16
10
0
0
0
0
10
10
4
13
1
12
11
16
0
10
1
10
0
0
0
0
0
12
16
28
0
0
0
0
0
0
10
0
0
0
0
0
0
10
0
0
0
0
0
24
10
3
10
1
0
0
0
0
0
15
17
4
3
1
5
11
1
1
0
0
0
6
3
5
0
23
99
20
25
28
0
103
15
0
12
0
91
78
15
64
10
15
116
67
50
15
15
0
0
15
0
0
0
0
0
0
9
0
0
0
0
0
0
0
0
15
0
0
0
0
0
49
9
15
0
0
0
0
49
28
395
11
13
98
25
52
12
386
396
15
0
6
12
18
32
0
59
8
0
15
0
0
0
0
15
0
15
7
0
0
0
0
0
0
0
0
0
0
0
0
0
0
0
15
8
0
15
0
15
0
0
0
15
0
0
16
17
135
126
44
0
5
0
45
3
37
1
5
17
0
0
9
0
0
13
20
14
78
15
78
31
1
14
21
12
15
35
11
0
10
17
10
83
15
117
11
24
14
15
86
20
91
18
157
15
12
42
76
449
25
21
142
18
13
8
24
7
92
5
26
10
25
16
21
19
31
48
25
13
37
0
37
9
22
15
231
26
139
19
111
18
12
18
18
135
22
111
85
0
17
25
57
14
14
33
29
17
0
0
