1
27
12
0
0
0
0
9
0
0
0
0
3
1
2
62
0
4
3
172
23
12
6
2
1
1
0
8
2
0
0
17
22
0
0
0
66
0
0
2
3
0
2
0
1
7
0
45
4
70
79
0
4
0
20
30
21
0
0
91
167
118
27
3
20
61
0
0
49
1
0
2
1
50
407
55
148
148
51
5
2
49
2
0
0
2
0
0
0
0
0
0
0
1
3
58
0
57
0
0
0
1
1
7
0
4
7
0
0
0
5
0
0
0
0
1
1
12
37
0
88
3
21
1
1
0
1
1
0
49
33
1
2
0
21
6
0
44
8
0
1
0
0
0
0
0
36
20
46
0
61
3
0
0
16
3
1
0
0
0
1
1
0
64
0
0
0
0
2
10
0
0
0
0
0
59
0
1
1
0
0
1
82
2
6
0
1
0
50
1
70
59
0
0
21
79
0
0
9
0
0
0
68
0
0
54
0
26
4
0
0
0
86
0
0
0
0
0
0
0
49
3
0
0
23
0
17
0
123
0
117
49
57
0
28
0
118
1
1
3
0
1
82
6
0
62
5
0
1
1
0
1
17
1
1
0
5
0
0
0
0
0
8
0
5
0
0
0
24
1
20
0
1
30
94
11
38
6
13
88
11
6
14
4
14
11
11
0
6
4
20
5
356
20
24
39
5
0
1
405
0
34
5
19
36
93
5
12
65
16
7
0
12
0
233
1
1
25
1
3
20
10
5
6
15
1
41
2
25
58
12
18
8
12
32
49
0
73
7
5
11
3
13
20
6
21
418
1
8
0
116
20
1
93
6
13
39
13
6
17
5
6
12
23
17
6
0
0
40
0
284
6
29
8
1
6
5
18
1
2
1
6
0
0
1
4
12
7
2
237
0
6
4
11
6
0
1
242
1
151
0
0
12
140
4
2
27
12
0
0
0
0
9
0
0
0
0
1
0
0
0
10
20
0
0
0
0
0
0
1
0
6
0
0
20
1
1
0
0
0
0
0
0
0
0
0
6
0
0
0
0
4
11
6
0
5
1
0
0
1
2
27
14
0
0
0
1
0
10
27
0
0
0
0
0
0
1
0
387
0
6
0
0
0
1
3
1
0
1
5
6
14
9
0
0
8
3
3
3
5
4
66
0
65
0
