208
0
1
0
3
0
0
0
1
59
23
8
7
0
0
0
10
2
9
0
2
0
10
0
0
0
25
0
20
33
65
0
12
0
10
23
0
2
5
8
0
4
0
0
0
0
0
0
0
33
20
0
0
0
32
2
3
1
2
20
0
0
16
12
5
5
0
0
0
0
0
0
0
0
5
0
0
0
0
0
0
0
0
11
0
2
37
23
1
5
0
0
0
9
1
1
0
0
0
0
0
6
0
0
0
15
433
15
11
5
25
5
8
1
5
5
0
0
0
0
0
0
0
0
0
1
15
0
2
0
0
8
0
5
0
0
0
0
2
0
0
0
0
2
22
22
54
65
0
0
0
0
33
0
0
0
0
0
27
0
0
0
0
0
0
0
0
2
0
0
0
20
2
20
0
0
0
0
27
0
0
0
0
0
0
23
0
0
0
2
0
0
0
0
0
0
22
86
0
0
6
3
1
2
3
1
3
0
1
0
0
0
0
0
0
0
0
0
0
15
0
0
3
0
0
0
0
0
0
3
6
2
0
1
0
0
0
0
1
0
32
0
4
0
0
0
20
20
3
20
20
3
0
0
20
6
4
114
4
0
30
16
1
0
2
0
0
0
10
1
0
0
0
2
0
152
32
6
0
4
0
123
0
0
0
6
0
39
488
20
20
405
68
20
14
50
49
0
1
1
21
2
0
1
4
21
0
0
0
0
0
24
0
3
15
6
10
0
0
5
13
0
0
0
0
0
0
0
0
14
1
1
1
0
6
10
0
60
0
10
2
0
43
5
0
1
15
8
6
6
6
1
10
0
2
5
9
0
5
69
455
23
43
10
5
7
0
12
7
8
6
0
14
11
7
20
5
7
5
1
12
3
43
1
13
6
0
0
5
0
7
15
22
16
9
1
30
25
9
0
5
134
0
13
28
13
7
6
17
0
2
0
3
0
3
1
0
9
0
0
8
0
18
5
4
0
23
20
11
39
13
6
34
15
17
6
0
6
154
0
11
39
0
12
8
20
6
6
8
20
0
0
1
1
0
0
95
0
0
0
0
0
0
0
0
0
0
0
0
0
0
0
0
