92
4
0
92
1
5
17
33
6
521
14
12
0
5
98
70
0
1
0
1
5
36
0
33
37
0
5
0
9
59
109
44
21
33
1
18
0
42
131
24
8
0
84
1
51
108
11
5
0
13
22
9
59
0
64
2
65
0
99
0
0
0
0
1
49
26
5
1
36
77
0
28
83
0
31
10
25
14
22
6
5
3
15
1
0
0
1
0
5
5
20
34
38
0
14
0
0
0
0
30
0
0
27
3
4
9
10
12
20
15
5
25
0
14
10
0
15
0
15
19
7
9
14
0
0
0
0
0
0
33
0
26
10
17
25
13
1
27
0
60
14
0
78
0
164
58
0
0
0
0
0
0
3
0
0
0
0
0
0
0
0
0
0
0
0
0
0
0
0
0
0
0
0
0
0
0
0
0
0
0
0
5
0
0
0
2
0
1
0
6
6
5
6
16
0
27
0
0
1
0
0
0
0
12
41
1
11
0
33
0
20
20
0
7
7
0
0
0
0
0
0
0
0
7
40
3
0
3
0
0
33
0
0
0
1
0
0
0
20
0
20
0
0
0
0
0
0
0
0
0
0
0
0
0
0
0
0
0
0
0
0
0
0
0
0
0
0
0
0
0
29
3
3
21
0
1
29
38
5
25
1
1
1
2
5
15
23
5
7
0
0
0
59
5
1
39
3
0
20
0
0
3
16
1
0
1
1
0
0
0
0
33
0
0
0
2
0
0
0
0
0
0
0
0
0
9
0
40
3
0
1
11
16
38
0
0
387
20
69
17
6
2
6
3
25
6
89
59
46
64
455
92
5
0
28
64
82
1
20
0
8
2
14
6
25
1
10
0
5
116
143
0
13
21
7
20
21
13
5
20
10
4
30
14
8
9
4
10
12
0
0
21
38
119
44
17
149
22
242
1
6
134
0
32
48
0
9
5
44
0
9
7
77
21
11
25
28
22
27
54
2
30
0
27
0
12
12
6
0
1
20
4
26
12
0
10
6
389
0
0
24
0
0
0
0
5
1
0
34
0
0
14
1
5
1
26
17
6
0
1
1
0
0
0
0
0
0
0
0
0
0
0
0
0
0
0
0
0
0
0
0
7
0
0
0
0
5
5
0
0
0
0
0
0
0
0
0
0
0
0
0
0
0
0
0
0
0
389
390
389
0
0
0
389
387
0
0
0
0
0
0
0
0
0
0
0
0
0
0
0
0
4
0
4
0
0
0
0
4
0
0
