56
86
0
0
0
84
0
56
0
0
0
1
49
40
1
9
12
2
29
6
14
0
175
33
0
1
0
84
124
7
0
85
18
2
17
53
1
50
2
2
50
0
10
1
0
1
0
0
4
50
6
49
0
10
0
58
53
0
0
0
0
0
49
0
13
19
0
50
0
0
7
0
0
15
64
6
10
1
10
0
15
11
0
16
15
18
16
19
0
39
20
3
51
0
2
27
0
0
0
10
0
9
36
0
0
0
0
2
0
0
0
0
0
0
0
0
0
0
0
54
49
1
50
50
0
1
5
12
8
1
0
0
20
2
61
1
0
0
0
5
0
0
1
5
5
12
4
5
4
10
1
10
0
0
1
1
0
1
0
15
19
10
1
0
0
5
0
0
0
0
0
0
0
0
0
0
0
0
0
0
0
0
0
0
0
0
0
0
0
2
0
0
0
0
0
0
0
2
1
4
4
0
1
0
0
1
21
21
0
8
103
50
0
12
0
0
12
0
0
0
0
0
0
4
1
31
2
9
0
14
39
20
10
2
1
0
0
0
1
4
0
1
0
49
0
2
2
1
0
25
0
0
0
0
0
0
0
0
0
0
49
0
3
0
0
0
0
0
0
0
0
0
0
0
0
0
0
0
0
0
0
0
2
0
0
0
3
21
0
0
21
1
0
0
1
52
51
0
0
24
4
0
0
50
7
2
0
128
128
1
65
120
1
76
0
9
0
1
0
1
8
0
0
49
0
0
1
0
7
1
21
9
2
10
112
0
1
0
3
0
11
5
91
2
5
0
23
1
81
0
166
0
7
1
10
16
34
4
147
10
164
3
0
0
0
1
0
1
8
9
0
15
1
107
16
5
37
10
9
89
5
96
5
132
0
4
17
170
32
132
0
133
0
97
37
24
21
7
0
0
0
0
0
0
0
0
0
0
0
0
0
0
0
0
0
0
0
0
0
0
0
0
0
0
0
0
0
0
0
0
0
0
0
0
0
0
0
0
0
0
0
0
0
0
0
0
0
0
0
0
0
0
0
0
0
0
0
0
0
0
0
0
0
0
0
0
0
0
0
0
0
0
0
0
0
0
0
0
0
0
0
52
0
0
51
18
0
1
5
0
18
9
14
17
0
1
5
3
