9
385
0
1
1
6
6
1
7
2
4
4
2
0
1
0
1
1
46
1
3
67
393
474
6
51
1
2
24
27
1
4
10
11
15
5
27
8
14
0
7
1
1
0
13
5
1
99
1
2
1
1
1
0
0
1
1
1
0
0
0
0
0
21
0
0
5
16
0
0
0
0
36
0
9
59
1
2
0
0
0
2
0
134
6
39
272
0
1
0
13
0
0
0
13
1
311
35
6
18
2
16
5
0
16
5
5
0
0
10
10
8
25
0
9
10
66
0
0
3
1
15
1
2
0
0
0
0
0
0
1
0
27
5
32
0
9
0
0
0
5
10
51
0
0
0
2
0
0
0
0
0
0
0
0
0
2
1
0
26
0
11
0
0
0
1
5
47
72
418
9
8
0
2
8
59
78
0
0
35
0
0
33
35
10
5
21
16
21
0
18
16
0
0
0
0
5
15
0
1
0
0
50
0
12
16
3
0
68
0
0
0
0
0
15
0
0
0
0
0
0
3
60
0
15
10
0
0
13
0
0
9
385
7
14
21
15
13
10
27
32
0
0
0
0
0
0
59
0
0
0
0
0
0
0
0
0
0
0
0
0
0
0
0
0
0
0
0
0
0
59
0
72
0
0
1
6
1
4
0
3
0
0
0
59
59
3
10
0
13
79
387
0
89
38
7
387
10
1
171
9
23
4
5
224
0
4
5
3
7
8
1
0
10
6
5
0
0
6
8
10
8
0
10
10
0
12
206
19
0
11
387
50
231
1
21
11
5
9
7
385
5
7
6
28
6
5
26
0
29
58
11
65
11
7
9
0
5
114
0
441
10
8
14
18
1
1
6
1
109
21
120
1
1
0
36
9
0
9
11
1
10
1
2
5
26
34
1
6
123
6
0
5
101
1
7
134
19
11
91
18
28
150
7
5
7
0
0
0
0
0
0
0
21
16
21
0
18
16
15
21
16
0
0
0
0
0
1
0
0
0
0
0
0
0
0
0
0
0
0
0
0
0
0
0
0
5
0
0
0
0
0
33
0
33
0
33
0
33
0
15
0
0
0
0
0
0
0
0
0
0
0
0
5
0
59
0
0
0
0
0
0
0
0
0
0
0
0
0
0
0
0
1
6
0
0
0
0
0
0
0
0
0
0
0
0
0
0
0
0
0
59
0
9
