14
161
0
0
7
21
456
18
405
30
92
21
0
2
0
11
0
0
0
3
0
5
0
0
0
412
28
0
0
6
3
1
0
0
487
38
27
0
16
0
18
470
0
423
386
501
208
1
11
186
0
12
431
18
0
0
20
6
7
99
392
1
24
0
466
6
66
0
1
81
7
416
411
443
48
412
387
11
0
4
1
411
1
35
65
59
437
104
67
67
67
2
2
2
2
4
4
4
0
67
67
67
11
2
0
0
0
0
0
0
0
0
0
0
0
0
0
0
0
0
1
15
79
0
406
0
105
7
0
3
19
23
385
44
30
2
525
97
41
18
423
403
40
500
392
7
0
3
12
392
0
0
0
8
0
0
3
5
502
7
0
2
0
2
5
15
11
0
12
0
12
20
21
1
0
1
6
0
10
0
20
78
0
25
64
15
0
0
20
5
27
0
0
53
22
0
1
0
4
0
0
0
0
0
0
0
71
0
0
0
0
0
0
2
2
386
386
6
0
0
70
73
13
2
7
20
0
502
106
445
423
566
0
18
22
18
28
0
59
59
0
0
68
0
0
427
122
1
0
0
109
38
19
86
69
479
423
0
3
20
404
44
0
67
67
0
0
0
105
38
405
0
40
38
0
403
0
38
38
468
2
2
42
403
18
443
403
518
552
18
425
27
67
0
9
9
9
16
85
0
0
2
67
479
38
19
0
18
0
0
23
45
18
0
0
0
0
0
1
0
0
0
0
0
0
0
0
0
20
0
0
18
105
67
0
0
0
2
19
2
0
0
0
77
1
0
1
105
0
18
18
0
0
9
0
67
0
111
0
48
408
23
91
11
19
7
461
91
21
193
0
31
204
414
97
0
11
10
2
64
449
61
116
77
6
203
87
12
29
36
2
23
0
35
8
24
9
36
26
14
37
28
0
116
411
15
15
8
22
14
17
4
22
11
22
9
11
83
0
11
6
5
3
2
9
36
20
38
58
32
6
32
5
172
87
113
0
24
131
2
39
2
1
19
1
85
20
22
92
