35
7
0
0
35
16
15
0
0
3
0
0
3
38
0
0
4
0
0
0
0
0
0
0
0
0
0
4
0
0
0
0
0
0
0
0
0
0
10
1
10
0
0
3
0
29
42
21
15
41
65
20
0
0
1
7
1
5
0
3
24
0
0
0
0
0
2
2
0
0
0
35
0
5
0
0
0
0
0
15
0
2
0
0
10
0
2
0
15
0
27
35
15
15
23
6
15
3
17
0
0
0
0
0
0
0
0
0
0
0
0
0
0
0
0
0
0
0
0
0
0
0
0
0
0
0
0
0
0
0
0
0
0
0
0
0
0
0
0
0
0
0
0
0
0
0
0
0
0
0
0
0
0
0
0
0
0
0
0
0
0
0
0
0
0
0
0
0
0
0
0
0
0
0
0
0
0
0
0
0
0
0
0
0
0
0
0
0
0
0
0
0
0
0
0
0
0
0
0
0
0
0
0
0
15
15
0
0
4
0
0
0
0
0
0
0
0
0
0
4
0
0
0
0
0
0
0
0
0
0
0
0
0
0
0
0
0
0
0
0
0
0
0
0
0
0
0
0
0
0
0
0
0
0
0
0
0
0
0
0
0
0
0
0
0
0
0
0
0
0
0
0
0
0
0
0
0
0
0
0
0
0
0
0
0
0
0
0
0
0
0
0
15
15
15
16
20
0
0
0
0
0
0
0
0
0
8
0
0
0
0
0
15
0
0
0
0
0
0
15
15
0
0
5
0
0
0
15
0
0
2
0
15
0
20
20
5
0
20
0
15
0
10
0
0
0
35
0
0
0
15
0
0
0
20
10
0
21
0
0
0
0
0
0
0
0
0
18
20
0
0
15
0
0
143
0
0
0
64
0
0
0
83
536
49
0
1
0
0
0
10
19
10
92
0
5
51
1
15
0
66
0
0
0
0
1
30
0
0
0
0
0
0
385
0
0
0
2
51
385
0
20
0
36
0
20
1
6
23
0
0
0
0
4
0
0
0
0
0
0
0
0
0
0
0
0
0
0
0
0
0
477
0
91
0
0
459
0
2
4
22
0
27
387
0
0
385
0
0
0
0
0
7
0
385
18
574
119
0
0
0
0
72
51
1
5
434
26
8
0
12
148
2
12
5
27
0
26
15
0
20
18
3
0
12
6
7
5
9
0
5
9
3
0
89
23
70
455
28
43
9
6
7
29
6
139
41
7
8
0
0
13
8
0
0
5
8
0
11
10
0
0
10
0
1
0
11
0
0
8
11
4
6
8
17
34
66
26
6
11
8
12
1
7
0
6
6
13
11
0
75
1
6
0
7
4
10
0
0
0
20
11
0
13
3
6
5
31
7
1
2
113
21
0
1
10
38
13
6
21
7
0
20
12
5
6
0
0
6
0
2
6
0
23
88
7
8
20
7
6
7
11
6
5
41
6
5
11
0
0
13
0
8
6
1
6
10
0
11
3
0
11
9
6
7
15
5
0
15
0
11
6
10
0
6
38
0
5
42
0
5
5
36
90
5
6
1
7
6
0
6
0
0
0
2
0
6
2
0
27
6
0
0
85
0
6
2
0
0
3
5
0
5
0
25
0
1
5
5
18
1
0
35
15
0
477
86
68
4
0
0
0
23
619
1
0
0
4
18
81
36
42
5
5
2
0
6
2
0
27
26
0
0
2
0
0
13
8
0
0
5
6
75
1
7
1
10
9
12
5
17
6
5
33
13
5
0
0
0
0
0
0
0
0
0
0
0
0
0
0
0
0
0
0
0
0
0
0
385
385
53
385
385
0
0
0
0
0
0
0
0
0
0
0
0
0
0
0
0
0
0
0
0
0
0
0
0
18
