212
0
0
4
0
6
0
25
0
0
25
1
1
0
0
1
0
0
7
0
19
0
17
4
1
1
7
0
4
0
1
2
39
4
0
22
1
1
71
5
28
205
1
24
0
1
1
0
0
0
6
12
0
0
0
25
0
11
0
1
0
0
0
1
1
7
0
0
1
4
1
8
1
0
4
0
0
0
0
1
1
73
0
0
0
0
0
0
0
0
0
0
0
15
23
0
1
3
12
0
6
66
0
0
5
5
5
1
0
29
0
19
20
1
2
0
0
0
0
0
2
0
0
0
0
0
3
0
0
0
0
0
0
0
0
0
0
0
0
0
0
0
0
0
72
5
0
20
0
0
0
9
1
0
20
15
1
0
0
13
0
1
0
0
0
1
0
0
0
0
0
20
0
0
10
1
0
7
0
1
2
0
0
21
2
33
22
0
1
20
1
0
21
5
1
0
0
0
7
64
0
0
12
5
2
21
20
0
0
0
1
6
21
0
0
0
0
0
0
0
0
0
0
0
0
0
0
0
0
0
0
0
0
0
0
0
0
0
0
0
0
0
0
0
1
0
0
0
0
0
0
5
2
7
2
1
0
0
1
0
0
0
0
1
34
0
5
0
0
3
0
2
0
0
1
0
2
0
7
6
0
0
0
1
0
0
0
0
1
0
3
2
0
1
1
0
0
1
0
0
0
0
0
0
0
0
0
0
0
0
0
0
0
0
0
2
1
1
0
1
1
1
1
22
1
0
0
1
21
9
10
26
0
7
4
419
27
1
3
0
240
6
3
7
21
13
31
13
21
10
7
5
12
1
0
1
0
3
0
3
0
0
84
4
8
21
404
4
8
2
10
5
6
6
1
2
1
1
7
90
85
0
7
124
0
3
59
20
10
0
87
0
3
1
9
9
3
2
8
0
5
0
0
0
82
3
228
22
16
13
414
6
0
0
82
4
8
0
118
1
54
6
1
24
10
0
75
24
414
1
0
1
4
5
17
3
44
1
199
1
6
28
0
18
5
86
32
1
24
145
34
26
10
16
5
44
18
87
5
158
4
76
25
1
45
26
144
9
1
