11
56
0
39
12
15
3
16
2
1
2
0
0
9
5
1
15
10
21
9
172
8
22
17
408
1
16
21
1
10
9
10
11
3
6
0
13
1
11
9
195
6
0
531
396
86
4
19
1
1
4
4
6
410
6
4
13
13
3
80
425
0
9
0
385
0
7
10
1
0
387
9
0
0
0
0
0
0
0
0
0
0
10
10
0
0
0
0
0
0
0
0
0
0
0
5
9
14
0
0
0
0
0
0
0
0
0
0
17
61
19
0
0
0
0
0
0
0
0
0
1
16
1
0
0
0
1
1
1
453
0
0
0
0
0
0
0
0
0
0
0
0
0
0
64
0
0
3
1
416
0
0
0
0
0
0
0
0
0
0
0
0
1
0
0
31
6
0
0
0
0
0
0
0
0
1
0
0
20
680
444
23
27
41
10
20
42
426
23
397
12
0
0
13
0
13
576
2
0
0
0
576
0
0
0
0
24
458
0
429
13
39
34
21
0
2
0
0
0
0
0
1
1
2
7
14
3
60
1
0
57
64
0
2
2
2
0
0
0
7
0
0
0
0
0
0
0
0
50
8
2
2
0
19
8
10
1
3
0
1
13
0
0
16
0
0
11
77
0
0
17
1
3
2
3
2
2
12
17
5
11
3
1
9
0
4
3
6
3
16
13
2
6
0
0
0
14
0
0
21
11
22
20
7
9
17
1
65
455
23
80
5
13
26
10
17
8
49
36
6
209
396
12
210
1
7
0
5
28
5
0
1
1
116
0
148
6
6
22
10
5
21
1
13
8
5
0
25
53
7
24
5
8
11
4
34
11
12
28
11
296
1
11
61
0
216
25
17
319
4
1
102
404
1
20
0
393
61
3
1
0
0
64
0
4
1
0
1
7
4
23
33
57
49
