0
39
0
1
0
2
4
8
1
0
2
97
6
64
2
12
0
17
0
16
21
0
0
2
0
12
1
0
0
0
2
0
0
448
20
0
389
25
0
0
5
0
0
12
15
0
0
2
2
12
8
0
0
20
12
0
0
1
0
14
12
3
6
4
0
2
0
0
78
5
12
3
0
0
0
0
5
13
1
0
0
0
36
11
10
24
99
12
10
11
29
0
474
9
0
405
44
10
11
0
21
20
42
56
22
63
22
10
553
464
453
24
1
7
0
0
1
1
79
34
0
1
425
18
33
0
19
0
425
21
481
56
0
20
3
2
11
2
0
0
0
0
2
0
2
0
2
0
0
1
0
0
53
28
0
0
0
0
0
0
0
0
0
0
393
5
2
1
0
0
0
0
489
426
0
0
0
59
20
448
20
4
421
445
117
388
24
1
0
1
0
3
1
0
1
0
0
409
2
3
0
22
0
0
20
26
0
0
0
0
0
0
426
2
0
0
1
441
0
6
0
0
0
0
0
0
0
0
0
1
11
0
0
0
2
1
1
2
65
0
2
0
0
4
0
0
117
139
78
1
0
2
0
20
0
0
1
2
12
21
0
6
3
12
12
1
11
9
10
1
127
0
5
1
3
44
0
1
7
5
6
6
0
154
43
5
13
0
11
0
15
0
59
5
0
19
0
0
5
0
70
455
23
13
11
6
12
15
1
5
11
45
5
12
427
1
6
143
5
7
13
109
12
120
426
5
1
418
1
3
38
19
0
11
21
25
0
11
21
26
6
1
0
0
6
390
5
5
24
15
10
6
0
6
13
8
0
9
13
1
5
6
0
129
5
1
146
6
7
168
148
5
0
23
7
8
103
0
7
0
217
0
21
6
6
2
436
395
4
451
438
0
15
425
440
0
10
12
3
10
3
0
13
