6
35
0
3
417
8
5
25
0
10
2
0
6
5
0
66
66
3
0
0
0
68
21
1
444
10
10
15
9
70
20
35
0
0
0
32
0
189
49
49
3
0
76
0
54
0
9
0
0
468
0
0
385
55
0
0
58
58
126
0
0
0
0
10
117
30
117
12
16
0
0
0
0
0
0
0
0
10
20
411
11
2
17
16
27
70
428
483
486
50
0
5
0
385
385
0
17
0
0
0
0
0
0
0
30
0
430
400
15
15
2
1
0
385
506
10
0
117
0
20
0
0
0
0
0
0
0
0
0
0
0
0
0
0
0
0
0
0
0
0
0
0
0
0
0
0
0
0
0
0
0
0
10
10
0
0
0
0
0
0
0
0
0
0
0
31
0
0
0
0
0
0
0
0
0
15
0
9
0
9
0
0
0
0
0
0
0
0
0
0
0
0
0
0
0
0
0
0
0
0
0
20
1
0
0
0
0
0
0
0
0
0
0
0
1
5
0
0
0
0
0
0
16
0
0
0
0
0
0
10
0
0
0
0
0
0
0
0
0
0
42
0
27
0
0
0
1
3
0
0
0
0
0
0
0
0
0
0
1
12
9
2
20
23
0
0
0
0
12
18
71
150
21
401
24
56
0
0
0
9
0
0
0
9
0
514
0
0
0
0
0
0
0
0
0
0
0
0
0
0
0
0
0
0
0
434
417
12
9
2
0
2
3
0
0
22
10
387
17
141
0
0
0
0
2
10
0
0
0
0
0
9
0
0
0
0
0
0
0
29
0
11
0
99
0
0
16
0
0
0
0
1
0
385
394
17
5
394
12
0
0
0
26
0
12
18
15
0
12
2
12
3
0
0
27
0
83
14
78
23
18
6
0
1
0
8
0
64
455
19
12
3
1
1
1
15
5
3
0
15
1
35
2
12
1
2
4
87
25
79
0
9
9
8
21
119
426
5
16
11
30
34
13
7
18
6
49
20
3
0
0
21
31
9
6
10
172
0
5
214
0
29
105
17
28
10
53
24
9
8
0
60
1
122
4
103
0
139
18
0
0
18
