20
2
0
23
24
64
21
198
115
53
103
19
412
7
17
0
17
391
23
71
15
31
9
0
24
26
5
389
5
486
396
11
396
400
400
1
3
1
0
0
21
552
1
1
414
385
20
385
0
63
124
9
9
17
0
0
0
0
1
0
9
385
11
0
0
0
0
0
24
7
0
22
0
0
64
4
1
5
26
0
15
0
395
400
9
10
5
25
70
0
0
0
0
1
1
1
0
2
1
10
64
90
0
407
7
0
0
3
0
0
0
457
37
0
0
6
43
98
47
385
0
0
6
14
45
0
0
590
5
5
3
0
1
1
0
15
32
17
16
35
133
0
20
0
449
5
0
45
88
14
63
0
7
0
63
0
16
14
34
51
36
44
1
6
17
35
39
4
5
0
423
5
38
7
0
12
68
7
5
5
2
8
102
0
42
20
5
10
0
0
21
20
5
4
0
1
116
20
9
0
0
1
3
2
385
1
405
0
1
13
83
0
0
0
448
0
2
8
2
1
63
0
9
0
0
1
22
2
21
2
1
0
28
21
11
509
0
0
63
0
0
0
0
1
17
107
217
72
23
17
0
22
0
23
93
131
4
15
1
397
65
0
14
6
160
41
0
0
11
24
0
3
18
16
19
24
15
518
0
128
19
5
3
37
69
455
210
1
10
0
17
20
48
78
0
1
3
15
0
18
21
18
21
28
16
15
20
172
2
18
93
0
21
27
30
4
10
9
24
6
83
28
10
7
34
0
21
9
17
24
156
0
15
15
0
0
249
21
211
63
117
1
37
1
67
401
22
2
0
15
154
16
29
9
24
27
19
15
152
16
50
6
186
0
15
6
0
33
13
10
11
18
412
0
12
80
2
0
1
83
0
0
7
0
20
63
385
0
0
16
0
15
0
0
0
0
0
0
138
148
154
35
0
0
0
0
0
0
0
0
0
0
0
0
0
0
0
0
0
0
1
0
