1
0
0
4
6
10
5
0
24
23
1
0
0
0
11
6
0
9
0
59
8
6
5
2
4
18
6
0
126
6
19
10
8
8
3
30
0
36
69
0
0
10
0
15
2
55
53
18
0
13
5
1
4
10
5
0
0
0
0
0
0
0
0
0
4
0
0
0
0
49
0
0
16
8
0
0
5
6
0
15
1
0
0
8
0
0
61
6
17
0
12
1
0
0
0
0
5
0
0
14
8
2
0
10
24
0
10
0
10
20
5
21
9
6
27
0
0
10
18
1
9
0
0
0
5
10
20
0
42
14
24
16
2
6
17
0
5
0
0
17
0
0
10
12
13
0
2
21
25
9
0
10
20
0
20
35
20
23
0
1
10
20
5
25
9
0
0
0
0
34
0
0
6
2
0
7
0
1
8
0
0
0
0
0
0
0
5
0
15
0
0
0
0
0
0
15
5
4
30
10
8
1
5
15
0
23
1
0
0
0
0
5
13
11
8
1
1
0
0
18
8
0
0
0
0
0
0
0
0
0
0
0
2
0
0
5
1
0
0
2
0
0
0
15
5
0
0
0
19
3
15
10
1
5
13
21
3
12
27
24
28
9
0
8
1
0
0
182
60
0
6
0
1
0
26
6
0
0
8
7
15
3
1
2
5
390
0
4
6
0
10
480
11
0
17
6
1
17
1
1
0
2
6
0
0
2
65
449
0
15
1
6
8
3
2
5
10
0
7
1
0
0
386
0
6
6
0
6
1
0
26
11
15
105
0
3
6
3
0
24
6
18
0
91
8
5
0
28
5
15
5
0
0
1
44
16
26
1
22
1
12
2
9
5
4
0
14
8
1
386
0
2
0
20
0
11
20
1
1
5
9
5
75
25
0
6
5
10
6
0
0
11
5
40
0
12
10
28
10
0
6
5
3
9
43
0
0
14
0
5
24
0
0
21
0
41
20
13
5
18
2
22
5
2
0
12
10
2
0
8
15
29
4
1
5
9
6
7
396
1
427
0
405
1
14
0
4
0
12
0
0
0
2
0
2
0
0
10
0
0
0
0
0
0
0
1
0
0
0
0
0
15
0
6
0
0
0
1
0
8
0
2
0
13
8
5
2
0
7
4
0
0
5
6
5
0
0
0
0
0
0
0
0
10
1
0
0
0
0
0
0
0
0
0
0
0
0
0
0
0
0
0
0
0
0
0
0
0
0
5
23
2
0
1
0
0
0
12
0
0
0
0
0
10
0
0
3
0
0
0
0
49
0
0
0
0
0
0
0
0
0
0
0
0
0
0
0
0
0
0
0
0
0
3
0
0
0
0
0
0
0
1
4
25
0
77
0
0
0
0
0
0
0
0
0
0
13
0
65
0
0
0
0
0
64
0
3
0
0
0
0
0
0
0
0
0
0
1
0
9
0
0
0
0
0
0
0
0
0
0
0
0
1
0
0
0
0
0
10
5
0
0
0
0
0
0
0
0
0
0
0
0
0
0
3
0
0
0
0
0
0
0
15
0
0
0
0
0
0
0
0
0
0
0
0
10
0
0
0
0
65
3
0
0
0
5
0
4
70
1
9
16
8
18
19
0
23
0
0
40
0
0
1
0
