18
132
24
7
99
47
0
23
0
0
16
61
6
0
21
0
15
0
0
39
63
15
12
15
0
17
30
4
27
0
1
17
22
43
1
69
15
0
26
15
0
15
70
18
137
0
16
2
20
0
0
0
3
1
48
20
41
385
21
4
0
0
35
50
0
55
16
33
27
16
15
16
15
11
16
0
0
20
12
18
20
0
0
0
0
0
81
15
15
16
0
0
0
0
11
17
13
55
59
80
57
15
43
0
0
0
0
0
0
0
16
0
0
0
0
0
8
0
0
15
0
45
15
42
127
15
15
30
39
0
0
18
1
0
23
0
0
0
0
0
0
0
35
1
36
0
0
0
0
0
0
0
0
0
0
0
0
0
0
0
0
0
0
0
0
0
0
0
1
0
0
1
16
1
83
1
2
11
7
0
0
19
15
32
11
5
99
20
83
156
0
20
1
3
65
3
71
34
15
55
0
0
3
0
0
0
0
1
1
20
0
39
0
0
0
13
0
20
1
73
55
33
0
0
0
0
3
69
95
20
9
87
48
48
58
51
3
0
15
39
39
39
46
39
9
16
0
39
4
16
15
39
33
1
0
16
0
0
0
0
0
0
0
0
0
27
15
59
65
57
0
15
15
0
10
35
8
64
0
22
25
15
25
63
26
35
15
16
0
49
1
57
0
0
0
0
0
0
0
0
392
35
27
2
6
13
37
30
37
412
6
147
37
6
6
4
21
1
28
18
60
77
12
35
41
59
10
52
13
18
30
6
8
21
0
19
20
16
5
20
19
48
16
15
22
0
26
23
0
28
41
4
8
6
39
25
18
0
0
1
15
168
16
50
9
56
20
245
21
6
5
122
27
217
37
12
59
31
87
55
102
29
95
19
12
