1
140
0
0
140
0
10
0
5
2
21
1
8
0
2
12
0
14
7
1
0
5
27
0
60
0
13
0
0
32
10
0
0
0
3
0
6
8
4
120
4
0
117
8
2
2
0
2
1
1
137
1
0
1
0
0
16
2
117
3
4
1
0
3
80
0
0
24
117
0
7
0
0
3
0
2
0
0
0
2
11
0
0
0
17
1
0
0
1
0
0
0
0
0
0
0
0
1
1
0
26
6
0
0
0
0
0
0
0
120
1
1
0
0
13
0
117
25
16
1
0
0
20
0
0
0
0
0
1
0
28
2
1
2
3
3
3
3
3
0
0
0
0
0
0
0
0
0
0
10
0
0
25
5
0
0
0
21
8
1
1
0
0
1
1
0
0
0
0
1
0
0
1
1
0
0
1
0
1
1
0
0
0
0
0
0
0
10
0
15
4
0
0
10
0
1
4
0
4
0
0
0
21
0
27
14
0
84
0
0
11
21
0
25
1
0
20
1
0
3
252
15
118
21
27
21
49
3
1
0
0
13
7
0
0
0
0
0
0
0
0
0
147
0
0
15
0
1
6
0
6
0
6
0
1
0
7
0
0
0
127
0
18
3
1
0
0
4
2
0
25
85
0
10
20
2
4
215
1
0
0
0
86
12
0
0
0
1
20
3
11
0
158
148
0
0
0
0
83
1
0
2
0
0
0
7
0
0
1
0
0
5
0
0
0
5
0
59
0
27
0
20
0
20
0
20
0
0
0
0
0
0
0
0
0
0
0
59
23
17
5
0
30
8
117
0
1
1
1
20
22
0
0
1
15
5
1
0
0
5
2
12
17
19
15
17
0
12
0
0
0
1
0
1
0
11
8
0
0
0
0
0
3
4
226
3
0
35
9
13
6
0
1
0
0
0
1
6
0
0
0
3
2
5
0
7
6
200
19
0
10
4
0
0
0
2
21
12
0
1
2
1
0
0
2
9
1
13
98
4
0
122
0
4
22
0
0
0
0
3
1
0
4
39
1
156
0
0
0
4
0
2
1
14
6
0
18
4
443
37
0
0
7
19
21
0
16
3
31
9
18
0
12
1
4
217
0
1
126
0
5
12
113
1
27
0
0
0
20
3
97
66
159
168
1
77
0
0
7
10
0
0
1
8
21
37
1
5
7
12
0
61
0
20
0
0
0
0
0
0
0
0
19
0
0
0
0
19
0
0
0
0
0
16
0
0
0
0
0
0
0
0
0
1
0
0
0
0
0
0
0
0
0
0
4
0
0
1
0
0
0
7
6
0
0
10
0
0
6
40
25
