341
0
0
3
0
7
1
0
20
0
0
76
5
12
0
2
17
4
2
11
11
1
0
10
31
3
2
1
2
1
34
148
0
2
10
2
43
0
90
1
5
5
4
117
21
0
0
0
0
2
4
0
5
0
0
3
0
0
10
0
10
0
1
2
2
84
0
40
0
0
20
41
0
2
11
78
0
3
12
0
1
0
5
10
10
0
1
0
0
0
18
7
55
31
0
0
0
0
0
0
0
0
27
0
15
0
0
0
0
0
0
0
0
0
0
0
0
0
0
0
0
0
0
0
0
0
0
0
0
0
0
10
0
0
10
0
0
0
0
0
7
26
5
0
20
0
0
96
78
81
0
0
0
0
0
0
3
0
0
0
0
0
0
0
0
0
1
22
3
0
0
0
0
0
0
0
6
0
0
0
0
0
0
191
21
64
0
0
0
0
0
0
0
16
0
0
0
0
0
22
0
0
0
12
9
0
2
6
0
0
0
8
1
36
0
0
0
0
0
0
0
0
0
0
0
0
0
0
0
0
0
0
0
0
10
10
0
0
0
0
0
0
0
0
0
0
0
0
0
0
0
16
22
0
0
0
0
1
27
0
0
0
11
0
22
0
20
29
20
428
418
2
0
28
100
416
0
4
2
3
0
26
1
0
1
128
0
9
0
439
0
501
0
0
0
0
0
0
0
0
0
0
0
0
0
0
0
0
0
0
0
0
0
0
0
0
0
0
0
0
136
116
0
81
116
137
22
118
10
405
385
514
0
0
0
0
385
0
0
0
28
12
118
0
33
25
0
11
0
0
20
0
1
20
1
20
6
1
26
20
2
20
21
1
1
0
0
40
9
0
1
9
385
0
29
0
12
1
11
5
20
15
12
15
18
0
0
5
0
0
96
1
161
0
11
19
90
0
0
0
0
206
1
152
3
7
0
21
0
5
2
0
0
0
15
0
15
1
1
0
0
3
0
0
0
0
0
0
28
0
7
0
202
0
2
1
0
46
9
9
19
1
14
7
11
0
136
2
213
0
6
13
0
0
1
116
66
0
63
78
0
2
132
0
17
0
39
20
26
20
8
1
33
1
1
28
0
44
9
170
5
11
