5
29
0
2
3
7
5
10
11
0
15
142
0
8
0
40
5
7
10
4
0
0
585
17
0
0
0
0
11
0
15
0
78
0
0
0
0
10
9
5
0
15
0
0
0
0
0
0
0
0
0
0
0
7
387
0
0
20
0
2
0
0
0
0
0
1
0
23
0
0
0
0
15
0
2
0
0
0
15
0
0
0
2
0
0
0
0
0
0
15
0
0
15
0
0
0
7
23
0
0
1
0
15
0
0
0
22
9
0
10
0
0
0
8
0
0
2
0
3
4
0
15
3
1
0
26
221
87
84
1
3
8
34
110
239
16
16
29
19
15
0
0
195
17
0
18
0
0
17
15
15
12
1
26
15
3
3
6
5
63
9
24
25
18
32
25
105
80
3
12
4
18
9
0
1
6
15
2
18
2
1
105
15
5
1
3
0
0
0
0
5
8
28
0
2
3
15
14
11
0
4
1
0
83
15
18
3
8
0
31
0
3
15
29
14
5
8
7
3
12
16
40
7
27
409
81
1
5
20
11
10
13
9
10
12
0
0
27
22
9
3
3
0
27
10
8
3
3
3
0
9
4
13
3
6
2
0
77
15
11
3
5
23
4
41
35
6
15
23
0
3
150
0
3
0
20
23
2
31
1
7
4
22
24
63
29
21
6
1
30
1
13
18
23
0
0
0
15
20
16
5
0
16
11
0
0
2
18
7
0
62
23
17
0
110
0
1
0
15
0
0
0
84
38
11
10
23
3
5
0
0
5
0
9
3
13
4
3
5
0
19
6
6
2
7
6
4
4
9
18
25
0
3
0
6
8
21
4
2
13
10
38
3
5
0
11
7
3
12
3
13
26
9
0
418
2
3
4
387
0
8
8
196
391
6
6
6
18
5
38
24
23
75
8
25
0
24
3
6
3
0
41
73
9
18
0
65
455
23
19
3
57
0
10
1
58
0
3
1
12
0
6
15
0
0
33
5
19
5
9
18
0
15
17
0
1
23
7
157
90
6
15
5
5
12
20
88
9
87
6
7
14
3
11
0
1
0
3
23
48
23
11
0
16
0
18
11
500
8
7
394
20
6
5
0
154
1
31
0
92
0
1
21
6
208
0
8
6
15
3
0
7
3
13
66
6
8
21
10
16
0
18
30
8
9
7
1
11
5
0
6
20
39
3
97
13
14
22
9
44
0
443
85
22
16
403
4
15
3
1
9
21
12
10
18
3
4
5
15
0
0
18
24
23
20
3
11
23
49
0
30
27
3
33
3
12
35
0
1
33
4
8
12
0
0
11
8
71
484
0
0
0
20
15
22
19
13
216
9
9
166
1
9
5
6
31
8
16
5
37
9
30
4
30
2
0
5
123
390
10
47
6
77
2
6
190
36
7
189
16
5
20
6
9
6
9
0
108
8
54
409
5
15
0
412
7
7
153
30
0
0
15
0
0
389
10
30
6
0
0
4
10
23
46
33
0
10
22
20
0
0
0
3
0
0
2
15
0
15
18
3
0
0
0
0
0
0
0
0
0
0
0
0
0
0
0
0
0
0
0
14
0
0
0
0
0
0
0
0
0
0
0
8
15
25
22
20
29
5
0
14
0
0
0
0
0
0
0
0
0
0
0
0
0
0
0
0
8
5
5
0
0
0
0
0
14
0
0
0
0
0
0
32
5
0
0
0
0
0
0
14
0
0
0
0
0
0
0
0
0
0
0
0
0
0
0
0
0
0
0
0
0
0
0
0
0
0
0
0
0
0
0
15
0
1
0
0
0
0
0
0
0
0
0
0
13
6
