139
0
0
7
1
2
1
1
0
0
47
1
1
0
1
6
9
0
2
4
17
0
21
0
17
0
1
21
40
3
1
2
0
27
0
1
0
1
7
0
0
0
0
0
3
0
0
0
5
1
8
13
7
0
42
1
1
13
12
0
2
0
3
19
0
0
16
5
1
0
13
0
0
2
0
31
0
0
0
0
1
0
1
0
0
0
33
0
428
390
394
41
10
0
0
1
44
1
2
0
11
0
0
1
0
0
0
49
0
11
0
0
0
0
0
39
22
1
11
4
25
8
1
0
0
0
0
4
1
0
0
0
0
0
0
0
0
0
0
0
3
0
0
0
0
0
0
0
0
0
0
0
0
0
0
8
0
4
20
0
5
29
1
0
0
0
0
0
0
6
0
1
0
0
0
0
0
0
8
20
0
0
0
0
0
0
0
0
0
0
0
0
0
0
0
0
0
0
0
0
0
11
6
0
25
0
0
0
1
0
2
53
0
2
0
1
1
2
0
0
16
3
0
17
2
0
20
59
1
70
98
0
68
33
0
4
0
64
0
20
0
0
0
0
0
0
0
1
22
84
21
20
64
21
5
61
20
3
2
6
0
0
0
0
11
1
0
2
0
0
0
0
0
3
0
0
3
3
7
5
21
84
0
0
0
20
0
0
0
0
0
0
0
4
2
0
3
8
0
0
0
13
0
12
25
0
0
4
0
10
0
0
5
0
20
2
19
39
6
38
16
0
50
2
14
60
3
33
61
20
0
2
0
0
0
6
0
2
0
49
8
6
18
5
12
47
47
1
7
0
2
2
2
3
3
6
0
3
0
0
0
0
2
2
1
3
11
0
1
10
5
0
2
1
64
455
23
392
3
2
1
6
13
2
4
0
0
4
1
8
5
249
40
5
0
8
2
4
4
5
6
13
0
20
4
4
6
12
13
6
5
26
29
3
25
20
39
23
0
98
3
3
2
40
6
1
2
0
1
4
6
6
10
20
12
10
4
129
1
0
104
7
1
1
0
