20
7
0
16
2
16
0
42
15
27
16
1
1
7
1
3
1
110
52
15
18
18
15
6
93
24
15
41
5
0
18
6
0
0
0
0
0
0
0
0
0
2
6
1
7
8
26
16
0
3
0
1
28
387
18
2
16
73
407
7
16
0
0
0
387
0
2
10
127
0
17
44
2
59
6
71
16
3
2
57
38
99
0
0
0
0
0
0
0
0
0
0
0
0
0
33
22
0
0
0
0
0
0
0
0
0
0
0
0
0
0
0
0
0
0
0
0
0
0
0
0
0
0
0
0
0
0
0
0
0
0
0
0
0
25
2
56
72
1
1
11
5
2
0
0
0
11
2
0
0
1
0
0
0
16
3
17
34
0
0
0
0
12
448
2
0
0
0
0
0
0
0
0
0
64
6
12
0
3
0
0
3
8
4
0
0
0
0
0
0
0
0
0
0
0
0
0
0
0
0
0
0
0
0
0
0
0
15
16
0
0
0
12
0
10
24
9
0
12
1
0
0
194
94
73
22
0
15
19
22
20
0
0
69
0
2
0
0
0
0
0
0
0
0
0
0
0
0
0
0
0
1
33
22
33
22
0
0
0
0
0
0
0
0
0
0
0
0
0
0
0
0
0
0
0
0
0
0
0
0
0
24
2
0
2
0
0
0
0
2
0
0
0
0
0
0
0
0
0
0
0
34
0
16
0
0
0
0
0
0
0
0
0
0
0
0
0
0
0
0
0
0
0
1
56
1
1
24
0
0
0
0
11
0
0
0
0
0
0
0
0
0
0
0
0
0
0
0
0
0
0
0
0
0
0
0
0
0
0
0
0
0
0
0
0
0
0
0
0
0
0
0
0
0
0
0
0
0
0
0
2
0
0
0
0
0
0
0
0
83
0
0
10
20
1
74
60
10
2
32
2
1
0
11
4
9
0
16
0
0
117
0
6
2
1
18
1
1
21
0
1
20
0
5
2
26
32
22
20
17
21
17
38
20
15
22
23
23
6
9
6
7
23
23
12
29
22
1
6
1
0
15
15
6
15
11
8
11
9
15
2
25
5
5
6
3
15
22
11
6
0
23
20
20
7
15
23
16
8
1
87
5
20
7
5
15
423
18
12
7
5
0
20
11
15
5
8
37
1
0
0
3
16
0
21
21
20
17
0
18
19
53
7
13
30
20
6
0
5
15
15
11
0
2
69
6
73
20
17
0
26
13
17
0
29
8
17
0
28
13
23
1
13
26
0
13
37
9
0
1
8
16
190
15
1
18
39
0
0
13
12
0
23
11
35
0
20
5
3
26
6
9
0
15
0
0
397
11
0
16
32
2
0
0
18
0
143
1
1
0
0
0
0
0
5
0
0
0
0
0
8
9
0
0
0
0
0
5
0
0
0
0
0
8
0
0
0
0
0
0
0
0
0
0
2
0
0
0
0
0
1
1
0
0
0
0
22
79
33
22
0
0
0
0
0
0
0
0
0
0
0
0
0
0
0
0
0
0
39
0
0
0
2
20
0
0
0
5
0
0
0
