4
2
1
4
0
0
1
3
0
5
0
0
104
8
34
0
12
0
79
0
20
7
385
8
4
0
17
2
0
12
0
61
12
0
0
0
12
0
4
429
5
386
1
0
387
1
414
0
386
117
0
1
0
0
0
3
1
4
1
0
3
0
0
0
0
0
0
0
0
0
0
2
6
0
1
1
1
3
2
1
20
20
1
0
5
1
21
1
2
76
0
0
22
16
9
0
8
8
0
0
0
390
58
59
1
7
0
4
0
1
0
0
0
477
6
2
0
0
0
0
0
1
0
0
0
428
0
415
397
451
7
390
494
59
60
54
61
49
4
53
7
58
1
184
54
49
58
63
6
5
6
1
0
6
35
21
4
0
5
2
0
391
0
54
1
2
27
15
0
5
2
30
407
0
27
27
0
1
20
0
69
4
417
400
0
405
0
15
400
385
388
0
0
15
400
385
388
0
0
0
0
0
0
0
0
0
0
0
0
0
0
0
0
0
0
0
0
0
0
0
0
0
0
0
0
0
0
0
0
0
0
0
0
0
0
0
0
0
0
0
0
0
0
0
0
0
0
0
0
0
0
0
0
0
0
0
0
0
0
0
0
0
0
0
0
0
0
0
0
0
0
0
0
0
0
0
0
0
0
0
0
0
0
0
396
0
0
4
0
1
0
427
460
415
6
0
6
38
10
11
0
1
0
391
408
0
6
388
0
7
0
408
6
5
409
0
0
11
0
0
1
6
8
10
0
6
0
1
0
8
0
1
0
10
17
7
1
6
1
4
20
5
14
0
5
1
425
27
14
0
5
21
9
4
2
0
0
0
403
0
1
3
1
0
421
4
5
5
5
0
5
65
455
23
97
7
1
0
5
482
1
127
0
84
1
84
1
91
6
13
8
30
5
27
0
25
1
17
0
22
23
11
9
26
7
0
4
20
13
44
1
36
5
6
0
0
18
0
0
6
0
8
21
6
83
4
5
1
11
0
6
2
5
6
1
1
6
3
0
385
99
0
0
29
0
1
0
34
25
5
6
5
0
15
106
1
8
385
3
0
6
27
2
74
24
1
4
112
21
5
1
1
6
5
2
4
83
74
5
24
5
1
5
0
0
7
0
78
6
1
0
24
119
0
5
147
0
59
15
5
34
48
26
108
385
111
25
6
0
386
67
6
20
1
12
1
12
444
4
0
4
403
29
0
10
7
20
35
0
0
22
5
1
436
404
0
92
27
418
56
67
20
388
2
0
431
401
4
1
117
0
0
0
400
0
0
385
0
0
388
0
0
0
0
0
0
0
0
0
15
400
0
0
0
0
0
385
0
0
388
0
0
0
0
0
0
0
0
0
0
0
0
10
10
0
0
0
0
0
0
0
0
0
0
0
0
0
0
0
0
0
1
1
0
15
400
0
0
0
0
0
385
0
0
388
0
0
0
0
0
0
0
0
0
0
0
0
388
0
0
0
0
0
388
0
0
0
400
0
0
385
0
0
388
0
0
0
0
0
388
0
0
0
0
0
0
0
0
0
0
0
0
0
0
0
388
0
0
0
0
3
