191
0
0
16
2
22
17
55
34
3
0
1
0
0
0
5
0
1
0
0
77
20
30
0
16
0
0
83
27
33
33
1
17
0
0
0
0
0
0
0
0
0
0
0
0
0
0
0
0
0
0
0
0
21
1
0
0
53
63
80
103
22
27
20
19
42
18
0
0
0
0
5
0
19
0
0
37
0
3
18
0
0
0
0
0
0
0
0
0
0
0
0
0
0
0
0
0
0
0
0
0
0
0
0
0
0
0
1
15
0
3
18
2
1
0
0
0
0
0
0
0
56
25
3
1
0
0
4
15
1
16
17
1
1
1
27
0
0
0
0
0
0
0
5
0
0
0
0
27
0
0
0
0
0
0
0
13
8
0
0
1
2
1
0
0
0
0
7
0
7
0
0
1
17
0
10
33
0
0
0
0
0
0
33
0
0
0
83
83
0
84
298
89
88
6
1
44
38
20
0
46
6
49
20
44
0
0
0
0
0
33
0
0
0
63
0
33
0
9
83
42
0
0
1
0
65
83
108
85
96
90
0
4
0
0
0
0
0
0
0
0
0
0
0
0
0
0
0
0
0
0
0
0
0
17
0
0
0
0
0
0
0
55
0
33
0
140
1
0
0
55
28
0
0
17
17
0
0
18
19
17
0
1
2
21
1
143
22
2
33
0
33
0
0
0
0
0
0
0
0
1
0
5
2
0
38
0
37
1
19
7
0
41
0
15
8
0
20
2
15
37
38
190
0
20
15
0
20
15
5
15
0
15
0
0
7
0
0
82
21
0
52
42
6
64
455
14
18
9
8
0
15
7
20
1
6
6
8
4
18
4
0
5
14
8
0
385
14
94
15
12
209
396
23
43
7
0
11
27
23
20
255
15
188
391
114
426
21
1
6
0
0
26
11
13
60
15
0
0
37
28
15
17
19
15
5
17
0
27
399
11
28
7
6
0
0
29
9
231
196
15
64
13
1
106
35
12
44
11
300
15
21
6
0
18
59
0
30
0
7
0
6
0
0
9
0
0
10
10
10
0
3
21
1
3
63
3
20
23
20
58
33
2
33
33
0
0
0
0
0
0
0
0
20
0
0
20
20
0
0
0
0
0
0
0
1
0
0
0
0
0
0
0
0
0
0
0
0
0
0
0
0
0
0
0
0
0
0
0
0
0
0
0
0
63
33
0
33
143
0
0
0
0
0
1
0
6
0
3
0
5
