4
105
0
0
6
25
0
10
0
0
0
9
1
5
5
0
8
5
91
1
43
17
0
0
4
0
0
1
11
10
1
39
1
1
0
1
0
0
0
54
5
5
1
1
0
0
0
5
15
0
84
2
11
3
0
0
58
91
52
0
0
26
5
0
104
0
8
85
0
0
5
0
0
0
0
49
0
0
0
20
6
1
49
56
65
0
5
0
0
64
0
0
0
0
64
50
0
124
5
0
0
4
89
0
5
0
55
8
5
0
0
5
0
1
5
0
0
0
0
0
0
0
0
2
1
2
0
0
0
0
49
0
0
0
0
0
106
8
0
0
0
0
0
0
1
0
7
2
0
0
0
0
0
54
0
0
49
49
49
0
0
0
0
2
1
4
0
0
0
0
0
0
0
0
0
36
0
0
0
0
0
0
0
0
1
0
0
5
81
0
0
59
51
49
72
0
3
0
0
18
0
0
0
64
0
9
0
0
0
12
19
1
1
7
12
21
0
76
49
64
6
49
0
2
3
3
0
0
3
0
1
0
50
1
49
113
1
0
0
50
21
1
0
0
9
0
0
1
3
50
13
1
5
5
14
0
0
0
11
49
0
58
9
0
0
0
0
0
0
0
0
0
0
0
0
0
62
2
69
9
0
9
0
5
0
5
0
5
0
0
0
0
54
0
8
0
0
1
0
0
10
0
10
8
4
1
0
2
2
0
0
0
5
0
104
1
0
17
20
125
0
1
225
94
0
5
9
4
0
5
7
0
0
17
0
1
27
9
9
14
4
2
0
15
0
13
0
18
3
0
136
6
12
0
22
0
32
0
33
6
1
2
2
0
2
0
0
35
420
63
5
6
7
10
15
6
1
