4
73
0
1
49
0
50
0
54
1
0
20
0
0
0
6
5
0
0
0
1
53
50
0
0
69
0
50
17
34
0
0
1
2
4
23
57
51
1
1
50
6
0
0
0
0
4
0
0
94
89
0
0
0
0
2
119
52
21
4
19
0
12
0
38
0
1
0
102
41
0
6
100
0
0
2
0
0
0
0
0
5
0
0
0
0
0
0
0
5
6
5
6
5
1
5
4
0
5
0
1
5
0
65
66
49
50
0
0
0
0
0
0
0
0
8
72
36
1
0
0
0
0
0
0
0
0
0
0
0
0
0
0
0
4
0
6
0
0
64
0
0
16
0
52
32
47
0
0
0
1
0
21
0
0
0
0
30
0
0
0
0
0
0
0
0
0
0
0
0
0
1
25
0
0
0
0
0
0
25
0
0
0
0
0
0
0
0
0
0
0
0
0
69
6
0
0
3
0
1
3
0
1
0
3
0
0
0
0
0
0
20
15
0
1
0
0
0
0
1
1
0
22
0
0
50
21
64
21
36
117
2
21
49
60
2
65
9
10
20
16
18
10
100
20
20
1
20
62
62
152
0
0
0
0
1
0
0
64
20
52
70
0
49
0
0
0
0
1
3
5
53
0
64
5
0
0
0
3
1
1
2
0
0
130
58
0
5
0
29
50
1
5
0
0
4
4
10
62
1
0
0
54
0
0
0
0
0
0
0
21
8
2
0
4
2
6
20
3
6
0
131
4
5
1
0
162
117
11
0
3
2
0
5
4
1
43
5
0
10
8
1
14
4
0
7
1
7
84
10
0
277
4
0
42
5
31
0
0
5
1
0
11
3
0
9
21
132
23
0
129
3
0
102
4
0
138
4
82
5
0
6
0
90
10
105
0
4
0
20
0
87
0
2
0
5
0
33
10
0
8
10
0
0
0
1
0
7
7
1
44
4
0
