6
297
0
0
0
86
0
6
1
19
95
0
5
0
0
0
0
0
0
139
22
18
5
0
1
0
22
80
1
69
22
11
7
5
127
0
25
0
64
100
1
63
23
20
1
0
1
17
6
5
0
54
76
5
68
0
8
25
5
5
5
0
0
0
5
0
144
54
0
21
1
24
0
85
17
5
17
16
23
0
0
0
9
66
3
11
22
0
0
0
18
0
0
0
0
0
0
0
0
0
1
6
0
13
7
7
0
0
3
5
5
15
0
0
1
0
0
0
55
1
1
0
5
8
0
36
0
0
2
0
0
0
0
0
2
1
10
1
2
0
1
83
37
32
31
12
91
0
1
12
0
0
415
20
661
0
0
0
0
0
0
0
0
0
0
0
0
0
0
0
2
0
0
1
52
425
4
20
427
391
20
67
1
406
20
164
104
0
0
0
0
59
0
1
415
20
8
0
0
0
0
415
20
0
0
0
0
0
0
0
0
0
0
59
43
0
0
68
35
21
0
11
19
0
1
20
17
0
4
0
0
0
0
0
0
0
0
20
415
415
415
20
0
0
0
0
0
0
0
0
0
0
0
0
0
0
0
0
0
6
27
1
21
1
5
1
23
59
390
39
385
0
12
64
391
385
0
503
50
5
4
1
2
94
1
30
6
16
0
0
0
44
12
4
4
0
0
0
2
2
215
1
6
90
2
4
49
2
0
64
455
23
134
0
104
0
156
0
5
10
9
13
5
5
6
49
115
4
5
22
0
13
0
11
22
0
1
392
22
2
12
0
0
16
450
85
92
0
5
6
8
26
21
16
54
398
77
386
0
18
6
6
13
18
10
97
5
0
59
15
5
0
99
17
9
20
0
70
6
0
39
14
0
5
185
35
0
0
0
0
10
0
15
5
11
2
0
7
12
2
7
1
0
2
0
10
0
23
1
1
0
27
0
2
0
3
0
62
56
60
0
15
0
2
0
0
59
5
1
5
0
29
1
1
30
0
25
110
0
51
0
415
20
0
0
0
0
0
0
0
0
0
0
0
0
51
0
415
20
117
0
0
0
0
0
0
0
0
0
0
0
110
0
51
0
415
25
104
0
0
0
0
0
0
0
110
0
0
0
0
0
0
0
415
20
445
59
0
