0
390
0
1
1
6
7
0
12
52
0
0
0
3
3
1
2
1
2
3
0
135
0
0
22
6
39
7
4
8
0
17
6
6
1
0
0
5
3
5
3
1
0
26
11
7
7
2
21
21
0
23
81
59
0
0
0
0
3
0
0
0
0
0
0
0
0
25
0
0
13
0
0
23
67
11
0
7
0
0
8
0
0
0
56
2
1
0
0
14
1
10
5
0
0
0
0
3
0
18
0
12
0
0
0
0
0
0
10
3
1
11
0
1
0
10
0
0
0
0
7
0
0
1
0
0
1
2
6
0
1
15
0
0
1
0
3
0
0
0
0
0
1
0
0
39
39
0
0
39
39
39
0
0
0
0
0
0
0
0
0
0
0
4
0
0
0
30
1
0
0
0
0
0
0
0
2
2
0
20
22
0
3
0
10
0
1
0
13
10
0
11
1
5
1
1
2
0
0
3
0
50
0
0
0
2
0
1
5
6
0
12
7
1
0
0
15
0
1
1
10
0
36
12
27
19
2
1
0
18
5
3
0
7
22
15
1
0
0
31
31
10
11
5
12
1
0
0
2
1
4
1
2
16
1
1
2
0
1
5
5
2
7
1
1
5
0
8
16
2
6
1
11
1
0
3
391
2
13
0
11
3
12
5
3
4
0
6
389
0
0
0
7
22
1
12
7
0
151
90
6
17
5
0
12
0
28
13
10
10
4
4
3
6
12
5
16
10
7
1
7
3
9
9
6
0
11
3
20
10
0
0
27
3
7
0
0
11
16
0
146
5
148
8
0
44
16
3
11
39
0
0
0
0
0
0
3
0
0
0
0
0
0
0
0
0
0
0
0
0
