142
4
0
90
460
10
440
64
3
2
0
49
0
4
11
51
16
40
21
91
2
19
86
21
3
17
0
29
344
50
0
4
0
79
0
69
28
90
65
0
0
23
30
10
0
0
0
1
15
0
0
0
0
0
0
0
0
0
10
11
0
31
0
11
516
445
0
18
31
10
10
10
0
0
0
2
6
49
10
1
0
418
16
462
41
6
25
11
11
8
10
20
2
10
38
40
0
5
0
0
0
0
11
15
0
0
19
10
30
0
15
11
10
0
1
0
21
136
402
0
0
0
30
6
0
6
15
3
0
6
36
0
16
0
0
10
13
10
13
449
84
9
427
437
10
0
69
97
10
0
19
20
409
49
6
39
1
1
0
0
449
77
0
81
0
64
77
23
66
3
0
0
389
0
0
0
450
0
0
0
0
38
1
84
16
1
0
2
3
0
385
13
0
0
0
15
161
0
35
27
5
1
388
7
0
0
450
5
5
0
0
0
0
0
0
0
0
0
0
0
0
0
0
0
0
0
0
0
0
0
0
0
0
0
0
0
0
0
5
60
8
391
68
415
11
15
20
407
1
31
6
0
65
1
4
0
8
0
0
7
16
81
455
23
19
0
8
0
0
6
0
1
6
12
0
4
5
6
20
9
20
5
1
4
7
1
9
0
88
10
5
49
6
0
77
0
7
2
1
1
7
0
24
4
4
11
11
1
49
0
4
22
6
0
31
9
167
20
6
64
391
1
12
