385
6
50
0
74
425
3
435
0
121
15
11
0
8
1
0
3
2
12
68
488
5
3
433
65
33
13
0
0
435
6
8
2
7
10
4
0
9
0
15
0
402
0
0
394
2
387
58
3
6
14
0
7
0
408
1
5
6
4
15
93
392
6
453
0
6
0
385
5
0
0
6
0
385
5
0
0
0
0
0
0
0
5
0
0
0
0
0
0
0
0
5
0
0
0
0
0
0
0
0
0
0
0
0
0
0
0
0
0
0
0
0
0
0
0
0
23
0
0
63
50
5
28
0
6
452
0
0
0
0
0
0
0
0
0
0
0
0
0
0
0
0
0
0
0
0
0
0
0
0
0
0
0
0
0
385
425
0
1
0
385
425
0
0
0
60
46
0
2
1
2
1
1
0
484
1
501
484
149
8
8
5
1
3
0
14
15
0
0
0
0
0
385
425
0
0
0
0
0
0
0
0
0
0
0
0
0
0
1
18
5
10
6
9
5
1
1
7
0
10
0
14
0
12
6
3
22
0
0
0
2
10
1
0
0
1
10
1
0
0
0
0
0
0
0
1
0
7
1
0
0
0
1
0
0
0
0
6
6
1
1
1
1
2
2
0
8
4
2
1
3
0
1
0
7
10
3
0
0
0
0
0
0
0
0
0
0
0
0
0
0
0
0
0
0
0
0
0
0
0
0
0
0
0
0
0
0
0
0
0
0
0
0
0
0
0
0
0
3
59
0
425
10
6
0
62
0
0
1
7
0
1
0
0
1
1
2
1
1
2
0
0
0
0
0
0
0
0
0
0
0
425
1
0
0
1
0
1
1
0
2
0
385
0
0
425
0
0
0
0
59
59
0
0
0
386
7
1
1
4
0
1
2
0
27
1
0
0
0
0
429
386
0
0
437
1
72
0
3
4
5
38
3
0
3
0
1
44
0
0
7
7
0
0
9
0
64
455
20
391
21
2
7
10
216
10
3
0
56
5
45
16
28
0
12
44
5
0
2
0
0
12
17
386
6
0
6
23
1
8
3
1
0
10
0
114
426
4
83
8
6
10
0
11
0
9
84
1
0
6
2
11
2
1
11
385
50
5
6
7
10
438
0
7
385
20
2
5
5
151
6
36
2
49
63
46
6
0
59
9
0
0
0
59
0
0
0
1
0
450
5
70
7
0
60
0
0
0
3
0
425
9
10
385
425
441
0
0
0
0
0
1
1
1
1
2
1
1
1
1
0
2
2
0
0
0
0
0
0
0
0
0
0
0
0
0
0
0
0
0
0
0
0
0
0
0
0
0
0
0
0
0
0
0
0
0
0
0
0
0
0
0
0
0
0
0
0
0
0
0
0
0
0
0
0
0
0
0
0
0
0
0
0
0
0
0
0
0
0
0
0
0
0
0
0
0
0
0
0
0
0
0
0
0
0
0
0
0
0
0
0
0
0
0
0
0
0
385
