102
0
97
104
0
85
21
84
100
89
97
25
0
64
138
134
81
0
105
26
30
92
84
0
96
172
15
105
17
0
0
0
0
0
0
0
0
0
0
0
0
64
88
79
107
165
63
5
0
0
0
0
77
0
0
0
64
64
90
77
0
0
1
0
0
0
65
0
0
110
0
0
64
79
0
0
0
0
0
16
0
0
3
0
0
0
0
0
0
0
0
0
20
0
147
127
0
0
0
0
0
64
0
87
64
0
0
64
0
117
85
0
0
64
116
18
15
7
18
22
1
84
92
75
33
0
0
209
244
0
0
0
0
0
0
0
64
0
0
0
0
105
21
83
133
0
84
120
123
200
227
6
170
12
10
90
64
80
296
0
33
0
0
0
0
0
127
0
0
0
20
0
0
0
0
33
0
0
0
166
0
80
84
170
64
66
2
64
85
3
0
153
69
106
0
33
0
0
0
0
0
0
0
0
0
0
64
33
0
0
0
0
0
129
0
0
0
108
5
69
6
0
0
123
147
10
0
131
139
94
127
84
1
1
61
176
80
176
0
0
13
14
90
10
0
23
74
84
83
30
0
209
23
156
118
147
2
0
2
11
19
199
0
23
9
199
0
23
5
129
19
8
66
40
6
16
10
6
0
1
12
1
1
17
0
19
26
15
124
96
7
10
22
15
6
17
28
7
32
21
16
22
3
0
76
21
13
105
0
78
2
113
0
17
5
37
9
10
234
15
148
22
5
18
13
9
0
24
6
103
0
22
6
6
63
97
0
21
6
171
17
14
6
