1
6
6
0
0
20
0
0
20
1
22
20
20
0
15
5
0
11
20
5
5
5
0
6
1
2
17
0
1
0
1
2
2
0
0
0
2
0
2
81
3
0
0
1
20
0
0
23
0
0
3
1
1
1
24
7
3
17
21
20
0
20
81
0
81
0
0
0
0
49
3
1
25
0
4
8
0
11
49
0
0
52
0
0
0
0
5
0
0
0
0
0
81
0
0
0
0
0
14
0
0
0
0
0
1
13
81
0
10
1
0
0
0
0
0
0
4
0
0
0
0
0
0
1
0
1
30
0
0
0
0
0
0
1
1
1
0
0
1
2
3
0
2
55
4
0
0
0
0
0
52
49
6
2
5
2
0
0
0
7
0
0
0
0
5
0
1
0
0
0
0
0
0
0
0
0
0
6
0
0
10
5
0
5
0
0
0
1
0
0
0
1
7
5
1
27
92
16
17
0
0
0
0
17
0
0
0
0
0
27
0
0
33
0
0
33
0
0
38
0
0
0
0
0
0
0
0
0
0
0
38
0
0
0
0
0
0
0
0
0
0
0
0
0
0
0
0
5
0
9
6
2
32
83
45
9
0
5
0
71
20
20
23
8
0
0
41
131
0
0
9
0
36
38
21
0
1
38
82
36
14
0
0
6
0
78
0
0
1
0
6
0
0
7
13
0
0
2
0
1
2
0
0
0
0
0
0
5
0
0
1
21
20
30
71
0
0
0
21
9
38
0
20
0
0
0
0
0
0
5
8
4
25
0
0
1
7
0
1
8
21
0
5
82
1
18
19
64
455
23
11
20
11
23
3
0
0
1
17
0
7
25
0
8
42
9
10
6
10
19
1
10
8
1
8
11
5
1
6
1
0
13
0
9
34
20
19
20
33
6
1
36
0
13
6
0
0
0
5
5
0
3
0
0
0
20
0
0
0
3
0
3
4
1
11
0
5
0
25
13
0
0
0
0
6
0
0
0
0
0
0
0
0
0
0
1
0
0
0
1
0
0
20
0
1
45
0
0
0
0
0
0
0
0
0
0
0
0
0
0
0
39
0
0
0
0
0
0
0
0
0
0
0
1
0
0
0
0
49
0
0
0
0
0
0
0
0
0
0
0
0
0
46
0
0
0
0
0
0
0
0
0
0
