1
141
0
2
0
1
0
0
6
12
0
4
3
5
0
1
7
2
9
0
0
4
1
2
0
91
33
1
56
9
0
9
9
0
0
59
2
1
76
5
70
15
5
1
15
0
0
0
0
0
0
0
0
0
0
0
0
0
0
0
0
1
0
27
49
64
66
81
132
21
49
60
54
5
25
25
5
89
0
5
49
0
1
0
3
15
0
49
4
55
0
49
123
11
156
64
3
7
0
0
0
0
58
2
6
0
0
14
9
122
5
0
0
9
73
64
10
6
16
0
9
5
5
0
5
50
0
0
0
0
0
8
5
0
0
0
0
5
83
19
0
0
0
0
0
39
1
386
0
49
0
15
1
27
2
0
180
56
0
12
0
600
21
59
84
21
59
21
5
9
54
49
13
64
49
584
83
47
1
20
85
0
63
20
46
25
0
11
0
6
5
0
0
15
0
0
5
5
0
0
0
36
28
6
20
25
23
0
1
2
20
1
2
0
2
0
2
0
341
0
3
188
7
39
153
1
5
168
56
1
2
1
35
18
0
0
0
0
2
7
0
1
7
11
22
165
1
59
46
9
67
0
51
18
0
1
94
29
1
0
64
1
0
6
9
8
1
3
0
16
1
0
149
69
43
1
2
19
140
22
8
27
9
24
7
1
4
6
72
6
19
53
7
85
1
178
14
88
7
128
0
1
58
0
64
146
1
14
140
0
81
0
65
76
0
386
158
16
52
9
1
25
123
0
2
160
0
10
1
0
5
