0
15
0
0
0
24
64
44
25
24
0
2
9
0
51
1
1
9
0
31
25
33
18
0
26
73
1
59
0
4
40
27
40
14
5
3
64
1
199
88
0
36
5
23
16
24
31
3
16
38
25
16
0
1
3
0
0
0
12
5
0
0
0
18
6
1
0
0
36
5
5
0
0
83
0
15
79
4
0
1
0
1
0
0
6
0
0
0
0
0
1
64
0
0
33
64
0
0
0
64
6
147
75
0
0
0
4
6
27
0
0
0
0
13
69
0
0
17
64
155
0
0
8
1
76
11
7
21
0
52
15
69
66
0
0
0
0
0
0
0
0
0
0
0
20
1
16
5
3
0
2
7
1
1
2
7
6
89
50
0
0
16
13
1
20
1
0
12
0
25
21
84
0
84
84
64
3
64
3
47
0
5
84
20
0
0
0
20
0
59
0
26
0
0
24
0
25
0
84
0
0
3
64
59
3
20
0
4
4
4
0
11
1
1
0
10
9
1
0
1
0
0
3
5
21
5
11
25
2
0
11
15
6
73
7
0
84
11
2
0
0
17
0
6
8
0
1
0
20
0
18
2
26
0
1
26
0
1
2
9
4
0
3
75
5
6
0
28
0
5
11
8
16
155
5
5
17
2
31
9
145
2
28
1
5
6
144
0
5
7
3
7
26
2
28
11
1
1
0
0
0
0
13
2
49
0
1
1
21
2
10
0
0
0
0
0
0
5
0
1
27
37
64
26
0
5
0
0
0
0
0
0
0
31
35
0
0
39
0
0
0
49
0
0
0
0
20
71
21
4
