3
1
0
0
0
0
2
0
0
0
0
1
2
0
1
40
0
40
7
0
0
0
0
3
0
17
0
0
0
0
1
1
49
19
0
0
0
9
0
0
0
50
1
8
29
20
52
1
11
2
6
1
6
1
0
40
39
39
0
49
0
0
0
0
0
0
0
0
0
0
0
0
0
0
0
0
0
0
0
3
0
0
0
0
0
0
0
0
0
0
0
0
0
0
0
0
0
2
2
0
0
0
0
0
0
0
0
0
0
0
0
0
0
22
61
0
1
0
0
0
0
0
0
0
0
0
0
0
0
0
0
0
0
0
2
20
2
0
0
0
0
0
0
0
0
0
0
0
0
70
0
62
0
0
0
2
0
17
0
0
0
6
0
0
0
0
0
0
0
120
0
0
0
0
0
0
0
0
0
0
0
0
0
0
0
0
0
0
0
0
0
0
0
0
0
0
10
0
0
0
0
0
0
10
0
0
0
3
0
0
0
0
0
0
0
0
0
0
0
0
0
0
0
0
0
0
0
0
59
0
59
0
0
0
0
59
0
4
0
0
7
5
26
0
3
0
0
4
62
0
10
10
0
59
59
0
59
59
0
0
12
8
0
5
0
25
1
5
0
73
12
0
41
68
0
39
1
0
4
2
4
0
0
0
387
0
0
13
0
3
17
0
0
0
0
0
0
0
0
0
0
0
4
20
0
20
0
8
2
0
4
0
10
0
0
1
0
0
0
59
0
0
0
0
0
0
0
4
3
59
0
4
0
0
20
62
0
0
0
0
0
0
0
0
0
0
0
0
12
8
0
0
0
14
0
0
2
0
0
0
2
2
0
0
0
21
2
6
3
0
0
0
0
0
0
49
6
0
0
0
0
0
0
0
4
2
5
0
1
5
2
4
7
1
5
1
12
0
8
0
10
8
2
20
16
3
10
0
0
22
2
0
5
0
0
5
0
2
2
1
32
0
0
1
2
19
0
27
0
34
5
5
0
3
8
6
5
0
0
7
5
35
1
0
7
82
0
13
1
5
13
2
389
47
4
1
6
6
21
5
0
0
0
20
20
0
0
0
0
4
10
0
0
0
0
0
0
0
12
8
0
3
