27
10
0
58
15
37
0
62
49
121
9
32
3
17
27
0
18
3
0
17
31
17
17
12
12
8
15
0
0
0
23
35
54
15
41
2
26
22
11
15
0
12
0
32
24
7
0
15
0
16
0
0
0
15
1
0
0
0
0
0
0
15
27
5
20
23
17
4
8
0
2
3
0
0
0
0
2
6
1
15
0
94
8
5
7
77
33
8
33
0
22
0
0
0
0
0
0
0
0
0
0
0
0
0
0
0
0
118
15
55
0
47
30
11
38
50
150
0
8
0
0
5
0
0
15
10
10
103
15
0
3
0
0
55
55
0
0
0
0
0
0
0
0
0
0
0
0
0
0
0
0
0
0
0
0
31
12
1
6
26
0
0
53
23
0
0
0
15
0
0
17
18
14
23
31
1
29
2
0
18
11
43
34
15
1
88
15
26
26
4
20
0
8
8
34
22
24
0
8
0
5
1
0
83
6
6
18
10
5
6
18
15
8
4
82
33
23
13
43
18
18
29
21
0
15
11
8
4
0
7
4
15
0
3
20
7
15
23
8
18
15
7
28
7
8
37
4
26
18
17
24
15
26
22
53
0
11
25
1
17
0
18
20
53
7
6
8
15
8
34
20
10
0
6
160
23
13
19
6
1
5
2
10
8
18
11
24
3
5
0
5
0
1
20
20
21
20
10
27
5
37
9
2
24
6
5
5
0
99
17
133
19
14
6
0
0
0
0
0
0
0
0
0
0
0
0
0
1
0
56
2
33
33
4
33
35
3
3
10
0
1
43
7
33
0
0
33
33
0
0
0
22
0
0
0
0
0
0
0
0
0
0
0
0
0
0
0
0
0
0
0
0
0
0
0
0
0
0
0
0
0
0
0
15
