1
7
0
1
2
0
8
9
4
4
7
5
8
3
19
0
60
14
13
22
13
20
5
4
5
0
0
0
0
0
0
0
0
1
46
2
69
1
1
0
3
0
3
7
2
0
0
0
0
0
0
0
0
1
0
0
0
0
0
1
0
0
1
0
1
0
3
11
2
0
0
0
49
1
5
0
40
0
7
13
5
4
1
3
0
1
39
0
9
12
0
6
2
9
76
6
0
15
16
0
448
5
2
55
33
0
0
0
0
23
0
0
0
3
4
104
1
4
69
43
40
0
2
3
3
0
0
9
0
3
0
0
44
48
0
1
0
40
0
7
0
0
0
0
1
20
4
74
5
13
0
11
8
2
0
1
1
6
0
0
0
1
1
1
0
2
0
0
0
0
2
0
0
0
0
0
1
0
0
0
0
0
0
1
0
3
0
0
0
1
0
0
40
2
1
1
0
0
2
42
0
2
0
56
8
7
0
0
6
41
45
0
1
0
33
1
50
2
0
0
0
0
3
0
2
1
0
3
11
9
2
0
28
0
49
0
0
0
0
7
2
0
0
0
1
2
76
22
12
3
1
2
3
8
0
0
0
19
0
0
44
1
0
6
9
11
11
4
12
11
70
13
18
0
0
39
5
7
1
6
0
13
3
12
1
9
5
9
9
0
18
5
0
0
0
1
1
1
7
4
15
0
17
164
1
10
8
22
6
14
0
8
12
1
8
394
20
1
1
35
8
12
13
0
69
455
14
0
22
11
6
5
6
2
5
6
5
0
8
1
18
22
30
1
6
5
3
15
13
0
11
8
0
13
0
69
8
13
1
14
0
1
21
14
0
6
22
8
0
1
8
4
0
4
21
1
119
2
6
0
0
20
179
9
11
16
0
6
1
16
0
1
6
16
0
6
6
4
7
1
2
1
17
6
17
1
0
28
6
25
0
15
7
6
1
1
0
0
5
8
0
5
5
1
7
0
1
7
6
1
8
0
11
7
0
11
1
2
0
7
21
5
18
1
13
17
0
0
19
0
5
0
21
0
0
6
0
7
0
6
8
0
0
1
0
1
13
5
0
15
6
24
6
7
3
0
0
1
3
6
20
0
6
0
0
0
0
2
5
5
8
1
6
15
1
1
0
0
6
0
4
7
0
12
1
5
14
0
12
50
0
0
12
7
0
6
7
1
12
1
5
28
0
50
5
54
21
41
0
0
1
10
6
8
5
0
0
0
6
2
0
0
3
0
0
0
0
0
0
0
0
0
3
5
0
3
0
0
0
0
0
15
2
2
54
40
0
0
1
0
