1
20
0
1
0
1
4
62
1
0
0
0
15
69
0
76
0
3
7
407
0
443
3
4
0
2
26
65
0
6
10
62
19
0
59
0
60
6
66
0
21
62
11
3
0
1
0
0
0
3
0
5
0
0
2
4
5
0
0
0
6
513
0
0
2
0
0
0
0
0
0
6
7
6
1
0
82
0
391
387
0
387
0
1
0
0
2
0
405
1
4
4
0
1
0
1
0
0
0
0
1
4
17
0
1
0
0
0
0
0
0
2
0
0
0
0
0
0
0
4
28
0
0
0
0
0
27
0
7
22
5
43
40
35
7
3
46
3
7
110
0
0
0
0
1
0
0
0
0
2
1
0
1
1
70
64
11
20
30
411
9
387
0
79
9
0
0
0
0
0
0
0
0
8
1
2
2
399
71
9
3
72
21
1
393
445
65
0
0
0
0
0
0
385
385
20
0
0
0
0
0
0
0
0
0
0
0
0
0
0
0
63
3
2
0
63
445
63
4
0
63
5
0
63
0
64
65
5
1
445
0
0
0
0
0
22
0
0
0
0
0
0
0
0
0
0
0
0
0
0
0
0
0
0
0
0
0
0
0
0
0
60
4
0
0
0
20
0
0
0
0
65
0
0
0
0
64
64
11
8
5
66
1
4
0
6
2
12
59
2
0
0
0
20
7
4
0
0
0
20
20
3
9
0
0
2
21
1
0
25
0
0
36
3
3
22
3
2
0
29
29
7
20
0
86
2
31
0
1
451
1
72
1
1
0
2
1
66
0
29
4
1
3
2
0
0
3
4
5
1
22
0
1
72
2
1
4
10
6
0
5
2
116
26
79
5
99
69
89
1
70
455
32
1
2
0
7
7
92
5
10
9
483
0
130
424
26
0
151
0
1
25
0
63
32
0
0
57
5
0
22
1
3
0
5
164
12
124
6
451
85
388
0
2
1
0
7
16
3
31
9
17
1
1
1
108
4
447
37
391
76
27
68
1
2
64
21
10
33
1
1
0
0
28
0
3
3
4
8
72
0
385
28
8
394
2
0
0
0
1
0
1
0
41
20
24
13
5
4
0
2
0
0
0
0
0
0
0
0
0
0
0
15
21
0
3
2
0
0
0
0
1
5
0
0
0
6
0
0
7
0
0
0
0
1
5
9
19
7
60
0
0
12
2
15
0
3
6
2
0
2
0
1
76
