23
248
0
0
4
4
3
0
27
10
0
100
47
39
0
1
0
0
0
0
4
4
1
2
2
10
0
33
58
4
27
10
49
60
50
32
10
1
0
0
7
9
57
69
117
0
9
0
4
0
0
0
1
4
117
148
4
0
9
0
0
33
2
2
30
220
0
6
117
5
10
37
4
0
5
3
0
0
0
9
0
0
5
0
0
0
0
5
21
66
0
39
3
0
0
0
3
0
13
0
0
0
23
39
0
10
0
0
33
3
0
118
36
0
0
0
0
0
0
0
0
1
0
0
0
0
0
0
0
0
11
72
0
0
0
20
0
0
0
0
0
0
0
0
81
0
0
0
0
0
0
0
0
0
0
0
0
0
4
8
0
0
0
0
0
15
0
0
0
0
6
0
27
0
0
0
0
34
90
58
0
0
9
0
0
0
0
0
0
0
0
3
9
0
0
0
0
0
0
0
0
0
0
0
0
0
0
0
0
27
0
0
0
33
1
1
0
0
0
0
0
0
2
35
5
0
0
0
17
0
16
1
0
60
23
198
25
32
1
0
0
0
0
0
0
0
0
0
0
129
0
0
0
0
0
0
0
0
0
0
0
0
0
0
0
0
0
0
0
0
20
0
32
38
10
6
42
0
23
0
0
64
0
0
0
0
1
0
0
3
1
0
0
0
0
0
0
0
0
0
0
0
0
0
0
0
15
20
0
0
35
39
0
15
0
15
0
15
20
15
15
21
1
0
15
0
0
0
0
0
0
0
0
0
0
0
0
0
0
0
0
0
0
15
0
35
35
0
0
0
0
0
0
0
0
26
3
424
4
0
0
0
0
9
0
233
4
67
40
6
0
0
5
21
4
24
2
225
0
2
0
96
8
236
2
30
0
386
9
22
1
5
0
0
0
13
12
20
4
25
12
85
4
38
9
2
0
6
35
13
5
14
5
17
0
30
9
149
0
5
142
0
63
5
30
1
0
1
5
76
0
248
9
117
4
47
0
0
6
81
0
127
21
209
1
44
20
153
35
7
0
2
0
0
0
0
0
0
0
0
0
0
0
0
0
0
0
0
0
0
3
14
0
0
0
10
0
0
5
0
5
0
