142
0
126
46
1
21
0
10
14
5
75
49
53
0
1
8
13
46
145
0
40
12
39
77
40
0
4
524
31
6
129
106
0
0
1
1
1
1
28
0
1
28
2
88
7
83
39
39
0
59
22
0
0
49
0
0
0
0
2
0
0
0
0
0
0
0
3
39
0
0
22
39
134
39
0
0
174
0
5
5
5
0
0
0
0
0
0
5
8
7
37
1
1
21
12
0
84
0
11
1
11
0
15
25
83
23
25
54
16
11
2
3
2
68
0
59
0
0
0
0
0
0
0
0
23
22
43
39
45
0
0
0
0
0
5
0
8
0
0
0
0
0
0
0
0
0
0
0
0
11
0
44
5
3
40
0
0
0
2
44
1
0
0
0
2
0
0
0
2
0
0
0
0
0
0
8
0
0
0
0
3
0
0
0
0
0
0
0
6
55
0
1
49
0
0
0
0
0
0
1
0
0
0
4
0
0
0
0
10
71
69
5
0
0
0
0
0
0
0
0
0
0
0
0
0
0
6
44
0
1
55
0
1
39
1
0
1
39
1
0
0
0
0
0
0
0
0
0
0
0
0
0
0
0
0
0
0
0
0
1
6
0
0
0
0
2
0
0
1
27
22
1
28
20
43
1
1
7
4
1
0
0
0
0
7
2
39
7
45
7
1
1
1
0
55
7
0
7
0
7
0
7
0
0
0
0
0
0
0
0
0
0
0
0
0
0
0
0
0
0
0
0
0
0
0
6
7
6
7
0
0
0
1
0
50
1
1
21
39
41
39
40
94
39
0
1
39
62
0
7
0
7
63
0
0
0
5
5
0
0
7
7
0
0
0
0
0
0
0
0
0
0
1
12
7
3
39
46
0
0
60
47
0
1
1
47
0
1
0
0
0
20
0
3
16
1
7
0
7
2
7
0
7
0
2
124
60
1
40
65
5
5
0
10
63
90
2
7
43
82
455
5
0
0
4
0
86
1
25
58
95
2
230
2
77
1
6
0
114
426
0
392
0
8
19
48
11
1
38
0
14
0
1
23
1
7
0
12
1
2
6
13
18
2
1
0
20
222
10
134
2
8
1
133
1
0
