5
122
0
0
5
2
0
0
3
41
0
2
117
7
7
0
4
0
4
0
7
1
1
3
2
19
0
1
7
1
6
11
0
1
9
11
11
7
1
5
5
0
0
0
11
20
0
6
0
5
0
5
0
8
0
10
5
1
7
8
2
0
2
4
1
1
4
4
1
3
30
0
0
0
0
0
0
0
0
22
0
0
0
0
29
130
2
4
0
0
0
0
0
0
0
5
1
0
0
0
0
0
0
0
0
0
0
27
2
1
36
1
0
0
0
0
0
0
0
0
2
0
0
0
0
0
0
0
8
110
5
64
0
64
5
0
0
0
0
0
0
0
0
0
0
0
0
0
0
1
0
0
0
0
0
0
0
0
0
0
5
0
0
8
8
1
0
0
0
0
0
0
0
0
0
0
0
0
0
0
0
0
0
0
0
4
0
0
0
0
5
0
0
1
0
10
139
0
2
0
0
0
0
0
0
0
29
9
80
64
1
81
10
20
17
3
15
433
27
0
0
0
117
140
0
124
25
0
124
25
0
124
25
0
0
0
0
0
0
0
0
0
0
0
0
0
0
0
0
0
0
0
0
0
0
0
0
0
0
0
0
0
0
0
0
395
0
25
499
387
562
1
0
51
0
12
385
13
0
27
158
396
117
12
0
396
393
26
66
424
392
5
5
2
5
0
0
0
25
25
0
0
0
0
0
0
5
12
120
1
5
0
6
117
0
0
0
0
0
0
0
0
19
86
55
52
2
17
0
26
2
25
0
0
0
0
0
0
0
0
0
0
0
0
0
0
54
39
26
0
6
1
1
19
26
3
28
12
3
72
69
78
99
76
7
6
0
7
21
117
44
11
44
1
20
0
117
47
0
117
36
7
2
5
0
2
0
0
0
0
11
6
8
0
2
0
0
169
6
13
15
0
70
455
23
20
0
5
31
0
5
6
7
8
10
0
0
24
64
13
5
17
11
5
17
6
2
9
7
6
11
0
18
7
3
386
0
0
0
9
0
0
5
15
5
22
29
0
12
9
85
13
8
6
8
6
16
5
54
1
1
33
13
6
10
1
36
7
5
7
15
6
37
0
5
35
4
32
16
3
3
1
123
0
5
123
35
5
199
0
6
13
0
13
102
64
13
36
0
10
6
