2
3
2
0
5
4
2
0
0
1
3
2
6
1
0
0
17
5
12
8
6
5
0
22
5
0
19
1
20
0
64
20
3
0
87
2
1
0
0
0
0
1
0
0
0
0
2
0
9
1
1
27
20
3
1
1
5
1
12
1
0
8
10
2
2
0
0
5
447
4
404
0
1
0
0
0
1
1
0
0
0
0
0
0
0
0
0
0
0
0
0
0
0
0
0
0
0
9
1
0
385
0
0
0
0
0
0
0
0
0
0
0
9
0
79
10
9
0
1
2
3
5
22
57
1
3
3
20
0
21
411
0
0
1
504
1
4
0
0
0
0
0
0
0
0
0
0
0
0
0
0
0
0
0
0
0
0
0
60
8
0
0
0
0
0
4
65
0
1
0
5
10
2
12
84
1
1
45
0
3
64
0
0
0
0
0
20
0
66
1
34
0
1
0
0
0
25
0
1
0
0
0
0
0
0
0
0
0
0
0
0
0
0
0
1
0
0
0
0
1
0
9
0
0
2
0
1
0
0
5
69
0
0
0
0
0
0
0
0
0
0
0
0
0
0
0
0
0
0
0
0
0
20
0
64
1
6
0
0
64
0
0
0
0
0
0
0
0
0
0
0
0
0
64
64
0
5
64
65
106
0
64
12
0
81
2
0
0
0
1
20
0
1
33
2
9
0
0
1
10
0
0
64
0
0
0
0
0
0
0
71
0
0
64
0
0
9
0
0
0
0
0
0
0
0
0
0
0
15
0
0
0
0
0
0
0
0
0
0
0
1
0
0
0
0
0
0
0
0
0
385
0
0
97
1
21
1
39
88
0
5
1
0
31
90
88
6
0
0
5
15
0
0
0
6
1
104
191
0
11
1
66
6
0
0
5
157
0
0
0
0
2
408
69
416
0
405
15
6
95
0
7
81
8
245
0
234
0
5
13
0
15
0
64
455
163
6
26
0
13
0
86
9
10
1
9
0
107
2
0
5
153
0
59
15
42
6
173
0
1
0
169
9
156
5
9
5
0
3
6
0
482
0
25
0
103
69
114
426
18
0
90
0
8
0
91
0
1
16
0
0
0
0
43
0
0
0
15
0
5
20
2
25
64
25
64
0
20
23
483
17
2
0
0
13
63
0
0
0
9
0
0
51
0
11
4
0
0
0
0
0
0
0
0
0
0
1
0
4
5
