0
394
0
4
0
5
1
0
21
0
12
0
23
9
1
13
0
2
8
2
88
1
3
22
81
0
110
0
0
119
49
20
1
26
1
23
0
9
0
5
9
137
125
0
0
0
101
8
4
439
17
0
0
76
129
86
81
22
20
1
21
57
2
0
0
3
9
0
2
3
2
5
21
21
24
47
3
10
1
1
5
1
0
11
1
147
107
0
0
1
11
0
10
30
2
20
25
18
1
0
0
10
51
5
0
0
0
0
0
0
27
39
0
0
0
0
0
0
0
24
1
21
44
130
552
144
477
1
407
10
0
10
20
1
18
11
0
92
59
61
12
515
0
8
52
7
1
0
129
385
385
14
6
0
0
0
0
0
0
0
0
0
0
0
0
0
0
0
0
0
0
0
0
0
0
0
72
8
10
27
22
3
71
20
429
567
0
0
0
0
0
0
0
0
0
403
49
8
31
522
581
578
50
435
0
402
0
3
0
0
10
0
2
0
0
0
0
0
0
37
24
0
1
2
3
22
10
40
31
1
0
79
49
2
1
1
60
62
0
82
0
20
0
0
14
6
0
0
0
0
0
129
385
385
0
0
0
0
0
0
0
0
0
0
0
0
0
0
0
0
0
0
0
0
0
0
0
0
9
0
15
0
0
0
0
129
385
385
0
0
0
0
0
0
0
0
0
0
0
0
0
0
0
0
0
0
14
1
1
8
1
0
165
29
0
9
19
53
88
0
0
0
0
1
1
0
1
1
0
1
1
0
1
15
9
40
43
22
0
0
9
14
35
10
0
20
0
0
5
0
0
0
0
21
9
21
0
0
0
6
60
32
5
2
1
0
24
1
0
20
0
1
405
4
11
24
7
0
1
4
4
8
0
82
95
79
116
3
86
5
83
87
64
449
11
0
18
1
21
6
0
12
1
7
2
14
9
8
6
5
21
1
19
1
35
14
11
0
12
208
0
3
14
8
40
2
130
12
17
10
40
11
43
0
0
0
14
1
30
0
14
0
0
0
165
5
0
28
63
91
2
110
4
23
7
24
1
223
12
8
0
0
114
8
33
0
254
1
59
1
127
0
5
