89
146
0
16
2
83
12
5
6
18
24
404
0
12
0
0
10
86
11
0
1
99
68
29
3
11
16
27
83
17
24
0
0
0
13
0
0
0
0
0
0
0
0
0
31
0
0
7
2
0
24
17
85
64
0
0
5
0
64
3
0
0
6
0
0
27
0
0
3
0
28
0
0
0
0
0
0
0
0
6
0
0
0
0
1
5
0
69
0
5
0
0
0
6
0
0
0
1
0
5
7
3
9
0
4
1
1
1
5
7
7
0
8
0
1
7
0
7
1
0
4
8
0
1
396
0
0
0
0
12
6
27
0
1
2
14
0
13
0
20
36
6
0
0
0
0
0
0
0
0
0
0
33
435
1
83
93
10
76
468
0
0
69
1
74
1
3
14
79
84
25
12
0
4
0
0
0
1
0
0
0
1
1
0
15
63
14
1
7
140
481
64
2
1
0
20
405
0
2
0
4
0
3
31
3
10
11
70
7
0
2
2
0
13
65
0
413
0
0
0
449
0
0
0
10
4
0
0
0
0
39
2
19
14
1
12
33
0
0
29
0
0
0
0
0
0
0
28
21
36
1
30
10
10
0
5
9
0
7
0
20
10
0
0
449
0
0
0
0
0
0
0
0
0
5
10
69
4
0
1
10
43
25
17
0
0
0
0
0
0
13
10
0
0
0
0
0
69
10
30
21
25
12
7
75
89
6
0
397
11
0
0
122
108
73
398
34
132
65
1
394
0
5
1
24
0
20
15
1
0
2
0
15
0
2
0
5
3
64
455
23
84
7
6
9
2
28
21
3
18
6
17
6
11
0
5
14
27
6
0
0
0
0
10
0
0
14
16
0
3
22
115
405
1
7
5
10
81
37
7
1
12
5
36
1
29
9
79
394
12
11
0
0
0
44
11
126
11
5
24
0
0
1
6
5
14
1
5
28
15
17
22
9
8
33
6
6
26
5
67
7
5
44
7
12
6
0
0
0
0
0
0
0
0
0
0
0
0
2
2
4
0
0
2
2
0
0
2
2
27
27
0
