15
388
6
0
32
21
36
12
15
31
38
25
488
0
0
0
15
5
1
5
0
0
56
29
16
413
19
53
21
35
12
0
15
42
21
181
0
15
37
31
30
57
44
19
386
15
52
16
33
0
10
0
0
5
0
0
15
0
0
5
27
0
0
0
0
34
14
385
0
0
0
0
0
0
0
15
15
17
0
0
0
0
0
0
1
0
0
0
0
0
5
0
0
0
5
423
6
385
0
0
0
0
0
0
390
400
391
0
0
0
0
0
0
0
5
9
0
0
15
0
0
0
0
0
5
387
9
400
1
0
0
0
0
0
0
0
0
0
0
0
0
0
0
0
16
26
0
2
0
0
1
9
0
6
0
0
0
0
0
0
0
0
0
0
0
50
0
0
12
0
0
0
0
0
0
0
0
0
2
14
31
0
0
1
0
4
51
51
6
12
0
2
3
12
0
0
0
12
12
58
38
0
24
0
1
7
0
6
475
38
0
0
12
38
0
0
0
0
0
0
0
0
0
0
0
0
0
0
0
0
35
15
465
22
0
15
15
0
1
417
392
0
385
0
0
0
0
0
385
0
0
0
0
0
0
10
0
0
12
38
0
0
0
0
0
0
0
0
0
0
0
0
0
0
0
0
35
15
0
25
8
0
0
0
0
33
0
0
0
0
0
0
409
0
0
0
0
0
10
6
6
6
6
1
0
1
1
0
1
0
22
10
7
23
0
15
0
0
0
0
26
11
26
25
14
22
31
6
0
0
0
0
0
0
0
2
5
1
0
0
0
5
27
0
0
0
0
3
6
11
0
1
0
0
12
3
18
12
9
5
1
5
3
0
8
4
13
0
47
477
0
7
38
0
0
0
0
0
2
15
459
401
21
420
26
15
0
0
28
26
0
5
11
1
0
0
7
29
387
15
3
10
21
3
0
39
3
14
385
2
4
0
18
2
6
6
7
0
11
13
0
67
454
36
1
8
15
1
50
11
0
0
8
1
13
0
21
84
9
10
385
13
10
417
2
391
54
14
23
3
0
6
0
14
0
14
9
385
0
4
0
4
0
54
16
401
386
95
21
1
3
6
385
7
10
3
0
0
4
7
0
9
9
5
15
5
0
11
0
9
1
16
9
9
0
3
9
397
392
0
0
7
0
0
10
0
0
14
25
26
6
0
395
385
87
0
10
90
0
10
0
9
0
4
11
46
15
17
9
8
24
17
41
13
87
4
36
0
10
29
0
16
387
0
0
10
0
1
16
1
11
3
4
39
445
85
391
6
16
0
15
1
10
6
6
385
4
1
17
0
5
1
5
83
4
1
5
0
0
4
20
39
54
50
5
7
14
8
3
10
1
232
0
18
2
2
6
10
388
9
13
0
15
13
0
15
8
385
15
4
2
0
37
3
65
6
83
17
14
16
52
38
140
15
1
0
10
0
13
392
0
415
22
1
1
0
0
12
38
0
0
0
0
0
0
0
0
0
0
0
0
0
0
0
0
0
0
0
0
0
0
0
0
8
15
115
38
3
0
0
17
0
0
415
3
0
0
102
16
3
0
11
0
13
53
3
0
0
1
2
3
0
0
86
9
3
0
0
395
0
12
38
0
0
0
0
0
0
0
0
0
0
0
0
0
0
0
0
0
0
0
0
0
0
0
0
0
0
0
0
0
0
0
0
0
0
2
0
115
38
0
0
0
0
0
0
0
0
0
0
0
0
0
2
15
76
3
0
0
17
418
3
0
0
60
9
3
0
