0
69
0
0
10
1
11
1
21
0
12
29
0
11
0
5
0
0
21
5
9
4
69
4
3
11
80
0
33
0
20
4
1
39
5
19
0
0
0
0
0
11
1
0
10
10
10
0
10
0
9
1
0
0
0
0
0
0
0
0
26
1
0
0
0
2
10
4
0
1
5
0
1
1
0
6
3
5
0
4
0
0
0
0
5
0
4
22
0
5
0
0
0
0
0
0
0
0
0
0
0
0
0
0
0
0
0
0
0
0
0
0
0
0
0
0
0
0
0
0
0
0
0
0
0
0
0
0
0
0
0
0
0
0
0
0
0
0
0
0
0
0
0
0
0
0
0
0
0
0
0
0
0
0
0
0
0
0
0
0
0
0
0
9
0
1
0
0
10
5
4
0
0
0
0
0
18
20
4
0
0
0
0
0
0
0
0
0
11
7
5
2
4
0
0
0
0
0
0
0
0
0
0
0
0
0
0
0
0
0
0
0
19
0
0
0
0
0
0
0
0
0
0
0
0
2
0
4
0
11
27
27
5
3
7
31
22
12
0
23
15
10
56
4
10
0
2
0
11
0
16
1
5
0
2
29
0
0
0
0
0
0
0
0
0
0
0
0
0
0
0
0
9
0
0
2
5
0
22
0
0
0
12
0
29
2
0
10
0
3
2
0
26
1
0
5
5
43
5
10
10
3
4
3
0
18
0
10
10
28
0
69
1
0
0
16
16
0
12
0
10
30
6
1
5
0
12
0
0
5
0
0
26
0
0
0
0
0
0
0
0
18
43
0
0
99
20
0
28
9
1
5
0
5
0
13
43
33
0
0
0
25
0
20
0
0
21
5
0
73
25
2
32
0
36
29
0
0
1
135
23
12
92
4
0
0
0
1
0
55
0
0
0
0
0
0
1
10
0
0
13
6
11
9
5
13
9
2
6
9
3
78
7
6
9
0
2
18
9
9
0
2
27
13
0
5
18
20
0
7
0
19
7
5
6
6
6
0
6
0
14
6
0
2
6
11
2
0
5
2
0
0
23
0
5
5
23
0
0
44
1
14
14
5
45
11
7
20
5
97
3
0
5
0
6
7
0
20
11
0
14
31
25
36
0
12
35
0
12
6
0
7
5
0
0
2
2
9
5
7
6
0
5
21
1
11
0
16
44
4
2
7
12
389
1
10
12
0
79
1
6
63
30
10
0
13
13
7
13
25
11
7
45
5
6
73
0
18
135
0
18
144
0
6
43
0
11
14
0
21
0
20
0
0
0
0
0
0
0
0
0
0
0
0
0
0
0
0
2
0
0
3
5
0
3
0
