20
105
0
9
0
20
0
0
0
11
0
30
6
43
0
5
148
0
6
205
0
35
0
152
15
128
25
10
1
20
53
11
9
437
0
4
0
92
152
39
1
0
12
26
89
187
454
111
23
121
121
30
41
24
3
10
0
35
8
137
0
35
0
132
0
15
0
9
0
20
228
49
0
0
20
0
0
490
1
1
0
0
19
433
395
11
10
14
0
131
10
0
12
0
0
0
20
11
0
0
0
0
0
0
0
0
3
10
43
27
0
0
0
16
4
11
28
0
1
3
10
10
0
0
0
0
0
0
6
5
5
0
0
0
0
0
5
0
0
0
0
27
0
0
0
27
50
0
0
5
5
0
5
1
0
0
0
0
0
0
0
0
0
0
0
0
0
0
0
0
0
0
0
2
31
118
0
3
10
0
0
0
0
8
448
4
119
0
119
0
1
1
0
1
0
0
0
0
1
34
150
171
0
0
16
3
0
0
0
433
0
23
0
0
0
497
0
0
137
0
0
0
0
433
0
0
0
0
3
3
0
0
38
49
20
65
2
0
385
13
0
408
0
1
385
525
0
8
3
20
154
20
35
0
35
0
0
405
201
554
0
20
162
162
18
0
36
35
0
20
210
144
0
19
2
117
0
57
385
1
0
0
0
0
436
0
0
0
30
35
65
30
30
10
5
1
5
0
1
0
0
1
0
0
408
0
1
0
5
0
0
0
7
0
0
11
18
390
9
0
10
19
5
1
1
0
104
5
8
15
9
35
12
70
455
23
34
6
11
0
28
0
6
2
11
0
35
6
0
90
4
86
5
1
12
0
1
3
64
4
0
14
5
199
0
5
5
6
0
6
2
14
13
12
10
0
21
0
12
0
0
0
15
0
0
15
0
5
0
4
1
31
11
44
3
15
0
20
70
45
2
6
0
0
88
10
14
0
1
6
16
39
13
34
10
140
0
14
0
0
208
0
128
13
91
45
130
4
36
0
229
40
11
1
3
0
12
325
21
247
64
45
1
31
9
8
0
123
0
123
6
118
35
545
0
11
10
25
430
32
32
31
150
395
395
11
0
10
10
143
139
78
10
0
0
0
0
139
10
395
60
154
141
602
524
0
4
11
1
0
0
0
2
1
10
5
30
0
0
0
0
0
1
1
6
0
25
385
4
0
20
0
425
524
616
474
0
