26
92
0
0
12
10
46
22
17
1
263
1
2
6
496
0
0
15
1
0
7
0
5
17
0
26
1
25
16
0
1
0
0
17
0
50
0
18
79
70
300
123
3
81
78
3
32
0
85
15
0
0
0
0
0
0
3
0
0
0
22
45
0
0
0
0
23
128
0
0
0
2
6
5
11
0
0
0
0
0
0
0
0
0
0
0
13
9
3
1
2
0
5
0
0
0
0
0
0
0
1
2
0
0
4
0
0
0
0
0
0
0
5
6
45
11
12
0
0
11
0
0
0
0
0
6
6
0
1
5
0
0
0
0
5
1
81
0
7
0
0
0
0
0
27
0
40
3
25
20
3
16
21
0
0
99
30
20
5
54
81
84
0
0
4
1
107
0
119
2
403
0
0
0
0
0
20
46
0
0
0
0
0
0
0
0
0
0
0
0
0
0
0
1
0
0
0
0
0
0
0
2
0
81
101
0
0
3
0
59
107
0
0
153
88
40
486
77
128
63
434
17
3
31
0
0
20
33
51
0
0
0
0
0
33
0
0
507
42
0
57
42
0
0
0
0
0
0
0
0
0
0
0
0
0
0
0
0
0
0
0
0
0
6
9
0
0
0
33
0
0
0
18
1
0
33
0
0
0
33
0
0
0
0
0
0
0
0
0
0
38
33
33
40
33
20
21
36
1
1
6
4
0
81
9
0
0
0
6
0
0
29
12
82
20
42
11
5
0
0
1
0
0
81
1
152
26
1
0
17
1
9
0
1
96
0
0
72
0
0
34
10
0
0
2
3
0
0
0
1
1
31
6
227
0
0
12
239
0
1
6
356
0
20
94
0
1
362
0
5
6
23
0
5
96
3
0
6
5
0
6
16
1
16
5
15
0
6
137
19
21
9
2
16
28
195
5
9
237
5
118
5
1
140
2
4
8
14
25
48
12
159
0
6
8
3
39
215
1
12
8
0
9
29
9
124
8
1
