29
1
0
11
12
10
29
18
31
29
0
4
65
0
12
118
221
2
22
22
34
0
31
46
39
0
4
24
24
4
87
20
29
12
0
9
13
0
1
12
0
12
20
0
13
0
1
37
29
23
21
4
44
23
10
0
19
0
0
0
0
0
32
113
9
455
44
10
10
0
0
0
0
0
6
10
0
52
0
0
0
49
22
0
0
0
18
0
0
0
0
6
15
0
10
0
0
0
19
19
0
0
11
0
18
395
0
2
0
43
58
17
0
59
50
0
0
0
0
0
2
9
64
5
11
5
0
0
20
84
0
5
8
19
29
8
5
25
19
5
9
3
34
0
13
0
42
0
0
13
0
32
2
0
69
29
56
11
9
0
0
0
0
405
0
0
498
13
0
21
0
0
49
0
0
0
29
13
1
2
0
0
0
0
0
409
451
74
69
434
6
3
34
49
0
0
0
0
0
0
0
0
49
44
13
41
0
0
0
24
436
390
0
387
9
387
49
9
50
0
9
1
9
12
0
0
3
385
29
1
53
387
62
35
0
10
106
0
12
0
0
44
12
0
61
12
50
0
0
0
0
449
0
13
0
53
0
0
88
0
97
0
12
29
29
4
0
23
386
1
0
392
3
11
6
1
17
19
6
0
89
16
0
8
18
64
4
0
18
120
16
1
162
9
64
41
17
10
67
455
21
35
0
10
0
15
0
12
1
3
0
12
6
14
14
1
12
37
20
3
1
386
3
8
33
3
0
5
91
0
5
15
0
7
14
12
1
0
0
2
1
27
11
101
27
1
4
24
12
23
5
17
39
13
18
29
12
0
45
29
0
1
17
6
3
23
0
168
93
10
9
63
63
5
20
5
62
10
18
528
4
33
12
12
13
14
63
6
1
48
385
6
10
5
12
7
0
6
2
6
3
6
21
6
16
9
31
9
0
