0
3
0
0
0
51
8
0
0
0
15
1
2
15
0
2
0
0
0
0
0
2
0
0
1
0
4
0
0
0
0
6
18
17
0
0
2
1
0
2
4
0
3
0
0
5
1
0
12
1
1
1
1
0
20
7
1
0
0
6
6
15
1
0
0
6
6
6
9
6
0
13
10
0
12
11
64
65
0
13
23
12
0
12
18
8
0
32
0
0
0
14
2
12
0
22
8
12
14
13
0
19
0
0
0
1
0
0
0
0
0
0
0
0
0
0
0
0
0
1
0
0
0
0
0
0
0
0
0
0
1
1
0
0
0
1
0
0
0
10
0
3
0
5
8
0
5
0
0
0
5
0
1
2
0
12
14
1
13
1
0
0
0
0
1
2
6
13
0
0
0
0
0
0
0
0
5
0
5
0
3
0
6
0
0
0
0
0
0
0
0
5
0
0
0
0
10
0
0
0
0
0
0
6
1
0
387
3
1
0
0
39
0
0
0
12
0
0
6
0
0
0
2
0
387
390
5
0
4
8
0
1
7
1
0
1
0
1
0
385
429
406
30
6
1
9
0
51
0
39
4
0
0
0
385
0
0
0
0
0
0
0
0
0
0
0
0
0
0
0
385
0
0
0
0
0
0
0
0
0
0
0
0
0
0
0
0
0
0
0
0
0
0
14
0
385
1
0
5
5
2
0
0
39
41
0
44
3
39
49
46
0
2
0
0
0
20
1
3
0
0
0
12
52
10
7
12
0
1
5
0
0
8
1
5
0
0
0
5
12
409
5
5
70
455
23
6
3
19
0
5
18
0
6
0
8
0
6
22
6
0
0
19
40
5
0
0
6
3
61
48
1
1
391
0
4
10
11
1
0
57
63
5
18
12
12
2
8
7
0
1
0
0
8
0
7
0
0
8
0
0
0
0
1
0
7
0
23
1
0
8
4
0
0
0
32
0
0
0
0
0
0
10
10
0
0
0
8
0
7
13
0
7
0
8
8
0
13
7
0
10
0
6
0
1
0
0
0
8
0
1
18
0
0
0
0
0
9
0
5
0
7
0
1
1
0
10
0
7
20
7
0
0
0
7
23
21
0
0
0
6
4
5
0
11
0
0
0
14
0
0
0
0
0
0
0
0
0
0
0
0
0
7
1
0
0
1
0
7
1
2
1
0
0
0
0
7
0
0
0
3
0
0
0
0
0
10
0
0
0
0
3
0
0
0
0
0
0
0
1
0
10
0
0
0
1
0
1
0
0
0
0
0
1
1
0
0
10
0
39
0
0
0
0
0
0
0
0
0
9
0
12
0
0
1
0
0
0
0
0
23
0
0
11
0
10
9
0
0
0
12
12
2
13
0
18
0
0
