18
52
0
23
3
0
16
15
15
0
15
9
1
170
24
160
0
15
15
0
0
99
5
0
9
7
0
15
17
15
121
15
20
0
18
0
99
22
0
9
24
14
75
4
0
122
21
0
0
0
0
0
16
5
16
15
0
0
1
0
0
0
0
15
15
26
23
2
12
3
23
3
1
1
1
0
1
0
15
0
0
0
0
0
0
0
0
0
1
0
0
0
0
0
0
0
0
0
0
0
0
0
1
0
0
0
15
0
0
0
0
35
0
15
6
0
36
1
0
0
0
0
16
0
0
0
0
0
0
0
2
83
76
0
23
0
7
16
15
1
3
0
1
63
0
29
7
0
35
16
0
0
0
0
0
0
0
0
0
0
0
0
0
0
0
64
0
0
0
0
0
0
0
63
81
17
0
0
0
2
1
1
5
0
33
38
36
5
15
0
0
0
16
32
0
8
7
7
8
0
19
2
7
0
41
33
59
103
0
23
4
71
15
32
71
69
2
0
0
0
0
0
0
0
0
10
10
11
2
0
0
0
0
22
1
9
61
0
85
0
119
0
63
7
0
0
0
47
0
0
63
0
7
0
157
53
0
0
15
105
5
20
21
72
5
97
0
15
20
64
42
9
47
34
92
0
0
7
7
35
9
39
72
63
69
0
0
0
0
0
0
0
0
7
0
0
0
40
15
0
28
20
20
7
33
0
2
0
0
0
42
106
63
0
1
8
41
8
0
0
3
2
15
1
14
64
22
21
49
12
0
0
81
0
7
120
0
20
15
99
5
0
1
6
18
5
18
16
0
0
22
72
0
0
11
19
2
4
0
3
5
390
18
208
23
7
90
69
7
10
38
12
56
40
23
45
4
17
5
13
10
10
6
94
40
1
17
6
9
9
3
63
2
17
0
423
18
12
10
37
20
71
22
3
17
4
31
9
118
0
27
5
87
5
5
139
19
14
251
24
13
10
15
20
19
15
1
23
12
7
29
7
7
17
25
53
7
11
9
0
11
28
13
19
15
18
0
