5
91
0
1
1
0
27
4
13
23
0
1
11
8
13
18
162
3
0
0
38
168
3
4
135
23
0
60
6
159
49
117
20
1
117
37
96
1
42
2
0
0
0
5
0
59
5
2
0
1
0
0
5
1
1
6
3
0
0
1
0
1
1
1
7
0
0
0
0
1
0
1
0
0
0
25
59
1
71
0
0
0
59
0
0
0
119
2
10
5
69
2
5
71
64
0
0
0
0
0
15
69
0
15
5
1
21
64
20
0
0
58
69
0
0
0
7
69
9
9
16
9
5
5
27
1
32
49
0
0
0
0
0
0
0
0
2
0
0
5
0
0
0
69
0
0
0
0
6
0
0
2
1
1
6
2
59
6
83
20
46
0
101
97
487
0
494
471
1
2
1
0
0
10
116
181
0
1
20
387
1
425
435
512
533
0
0
0
0
0
0
489
489
0
0
0
0
0
0
0
59
0
489
489
0
0
0
0
0
0
0
59
0
0
0
0
15
1
2
0
0
0
489
489
0
0
0
0
0
0
0
0
0
59
3
0
0
0
0
0
0
10
5
21
0
59
76
0
1
84
0
0
0
0
0
0
489
0
489
59
0
0
0
0
0
59
489
59
64
0
59
1
2
0
6
0
5
1
2
2
0
0
9
0
0
0
22
20
20
0
3
77
8
25
12
19
9
0
79
449
2
3
35
6
399
3
0
196
388
46
9
176
20
24
0
1
5
0
9
1
21
5
129
9
214
2
117
426
0
0
0
4
1
15
1
6
18
0
0
0
1
133
0
27
245
1
204
0
1
15
0
3
0
39
5
7
3
0
2
8
0
0
0
0
19
64
31
9
9
0
126
0
5
196
0
8
202
0
0
210
0
130
6
98
1
0
5
11
0
87
594
0
5
5
0
0
440
437
0
0
59
0
80
0
0
9
5
1
8
0
0
61
13
0
10
0
0
5
0
3
0
0
0
0
0
0
59
2
2
0
0
