21
139
0
1
22
0
1
0
1
20
9
6
12
1
15
3
5
17
1
6
17
36
20
1
5
443
563
107
30
0
28
158
0
4
1
0
51
141
3
24
21
20
0
38
4
102
6
21
8
0
1
0
0
0
0
1
5
5
0
7
12
6
481
414
2
0
31
2
0
0
0
0
0
0
7
7
23
0
0
3
57
2
23
6
0
0
2
18
3
3
0
1
29
102
11
10
0
0
0
0
35
3
0
84
15
38
0
0
0
0
0
0
0
0
0
0
0
0
0
50
25
52
0
0
0
43
30
27
0
0
10
25
25
0
0
0
0
0
0
0
1
10
11
1
0
0
0
0
0
0
0
0
0
0
40
0
14
7
51
0
15
0
0
0
0
139
1
143
137
116
0
0
0
0
0
0
0
0
138
9
44
9
0
31
6
0
0
0
0
0
0
0
0
1
0
0
0
20
128
0
118
20
0
0
126
0
26
54
9
21
20
126
2
9
28
9
18
118
49
4
52
49
26
0
0
0
0
0
0
0
0
0
0
0
20
118
1
121
34
0
9
0
0
1
168
1
0
2
0
0
10
9
1
54
1
0
21
20
38
20
82
1
0
7
50
27
0
5
2
6
25
13
2
0
0
69
12
19
5
414
16
0
90
0
1
90
0
78
0
0
1
23
4
64
449
5
310
20
5
2
29
0
14
20
2
121
0
3
0
243
39
1
12
9
150
0
0
0
8
0
14
20
2
0
0
13
0
0
19
15
15
0
33
13
11
0
5
1
28
0
14
0
1
116
0
10
0
37
9
11
10
154
10
6
0
6
19
5
108
0
99
25
20
21
123
26
53
0
0
7
0
0
1
0
4
1
7
0
6
9
33
66
2
2
0
3
26
0
24
61
66
17
28
0
130
20
72
59
55
10
30
54
63
52
76
0
20
21
1
0
0
70
69
78
0
0
1
1
0
0
0
0
0
0
