4
2
0
0
19
1
3
30
2
14
0
15
22
9
3
4
21
37
101
30
7
19
3
17
22
6
84
3
3
3
142
3
4
15
0
78
53
0
3
15
0
3
2
59
6
65
24
7
59
0
1
0
0
4
0
0
0
0
0
3
53
0
0
0
0
0
9
1
12
22
23
2
0
1
0
99
46
0
169
23
5
18
12
3
3
3
4
4
0
0
0
0
0
0
0
0
1
1
0
0
0
0
0
0
0
2
20
0
0
0
0
0
0
0
0
3
0
0
4
0
3
1
0
3
13
32
0
0
0
0
0
0
0
0
0
0
0
0
0
0
0
0
0
0
0
0
0
0
0
0
0
0
0
0
0
0
0
0
0
0
0
0
0
0
0
0
0
0
0
0
0
0
0
0
0
0
0
0
0
0
0
0
0
0
0
0
0
0
0
0
0
5
0
0
0
0
0
0
32
0
0
1
0
2
0
2
3
0
6
1
0
1
27
8
3
0
0
0
0
0
0
0
0
0
0
0
0
0
0
8
0
0
0
0
0
0
0
0
0
8
8
0
78
0
0
0
0
0
0
0
1
0
0
0
1
0
0
0
0
2
59
54
48
0
5
56
6
38
3
1
60
65
0
15
0
3
63
58
29
3
0
2
0
20
0
0
0
0
0
6
0
0
0
2
0
0
2
0
0
60
3
0
66
0
2
5
26
5
63
1
109
3
9
0
75
23
11
4
4
38
4
66
6
0
0
0
0
0
0
6
63
0
0
0
0
0
3
4
0
18
0
0
59
0
54
4
4
77
24
0
0
75
22
0
0
8
4
0
4
5
0
0
0
0
97
74
3
3
0
0
0
21
33
74
0
0
7
0
0
0
0
33
0
24
31
6
1
54
9
1
18
0
1
3
5
0
119
0
0
142
2
5
0
15
0
201
0
5
39
4
4
17
5
0
6
0
6
1
16
20
1
9
5
8
10
33
11
2
7
6
127
0
0
1
2
23
2
15
6
6
0
3
2
7
36
15
5
0
1
17
1
6
0
37
4
51
110
4
7
5
9
0
5
19
3
0
1
0
2
0
9
9
2
1
6
0
0
0
1
28
5
5
22
0
14
1
9
19
16
0
0
1
8
7
0
1
0
2
34
0
23
1
15
0
0
43
0
443
37
0
6
2
5
0
1
4
11
28
13
35
4
9
4
2
0
1
16
3
3
15
7
0
22
21
1
1
6
63
69
15
57
211
0
4
79
15
3
15
26
21
1
3
0
1
7
1
6
89
38
84
15
4
6
5
