6
323
0
2
0
31
20
6
0
13
5
0
1
4
1
2
0
51
2
0
28
0
0
0
0
17
40
1
1
6
0
9
0
25
20
71
28
63
1
20
10
0
14
0
0
24
0
9
7
24
0
9
0
1
1
5
0
0
0
0
0
13
22
7
0
2
0
69
108
85
1
20
0
20
20
0
0
1
0
0
1
0
0
0
20
0
0
0
0
0
20
0
1
0
5
0
0
0
0
0
0
1
0
0
0
0
0
0
0
0
0
0
0
9
0
1
0
0
0
0
0
0
0
0
0
0
0
1
0
0
0
10
0
0
2
0
33
0
20
0
2
3
0
0
5
0
20
1
0
2
0
11
0
0
0
0
0
0
0
0
0
0
0
0
0
0
0
0
54
0
2
18
20
0
452
409
0
1
0
1
22
4
0
9
3
390
5
428
0
5
6
4
0
5
6
22
0
1
0
0
0
0
0
0
0
5
0
0
0
0
0
0
0
0
0
0
5
3
8
5
0
1
10
8
0
9
2
0
0
428
0
9
3
408
430
51
0
0
0
0
3
4
0
385
33
0
0
34
59
0
0
4
1
0
0
0
0
3
0
0
0
0
1
0
0
0
0
0
0
0
0
0
0
1
0
416
12
473
468
1
20
4
49
0
0
414
0
0
0
0
416
414
1
420
8
10
404
0
0
0
8
0
21
0
1
388
0
0
39
6
41
2
0
5
5
0
0
1
0
3
0
6
0
0
0
0
96
16
0
90
61
41
6
70
0
519
0
455
2
0
4
0
9
6
14
12
84
1
91
8
0
2
6
22
0
109
481
3
0
9
50
8
0
8
0
0
0
408
5
1
0
37
445
85
5
0
15
0
0
13
1
17
5
1
30
1
29
1
0
1
0
0
0
0
0
0
1
0
1
0
