1
15
6
18
0
0
9
3
1
0
0
56
3
15
35
0
28
3
0
0
18
0
0
0
1
24
91
0
1
17
0
1
20
0
0
5
2
0
14
2
61
5
0
0
0
0
0
5
5
0
0
0
0
1
3
0
27
9
0
2
6
0
0
0
0
0
0
0
0
15
1
8
27
5
1
0
2
11
147
0
0
0
0
0
3
44
20
0
16
8
7
9
28
21
0
1
0
0
0
0
1
8
1
1
0
0
2
2
39
22
20
18
34
2
21
0
0
0
0
0
0
0
0
53
0
1
20
24
37
13
1
32
1
0
0
1
0
0
0
0
1
9
12
17
0
0
0
0
0
0
0
0
0
0
28
19
6
2
1
12
0
0
26
0
0
0
0
0
0
0
0
0
0
0
0
0
0
0
0
4
449
13
0
3
0
1
7
17
10
3
32
84
0
7
0
3
0
6
22
62
38
3
1
16
5
0
0
32
1
26
1
0
0
0
0
0
0
0
92
4
20
20
0
0
0
0
0
0
0
0
0
0
0
0
0
0
0
0
0
0
0
0
0
0
0
0
0
0
0
1
9
0
1
59
0
114
5
0
10
3
1
9
26
59
59
0
23
59
6
8
22
23
21
0
0
21
0
0
0
0
0
0
20
20
0
0
0
0
0
0
0
2
0
20
20
0
0
0
0
28
1
0
21
21
20
0
0
20
0
7
23
0
0
0
1
79
2
2
0
104
1
5
19
0
2
21
21
1
2
0
0
0
0
0
0
0
0
0
0
0
33
0
0
0
0
0
0
0
0
0
0
0
33
33
0
0
20
0
0
0
5
5
0
0
0
0
0
0
0
0
81
1
0
33
33
0
1
6
0
2
2
0
3
0
33
36
0
88
11
2
1
17
2
84
2
29
2
12
15
16
12
7
21
0
27
7
2
17
5
0
142
0
4
35
10
28
8
0
5
3
64
455
23
41
9
48
6
13
10
0
105
0
8
9
2
5
0
2
9
1
3
9
169
20
14
0
6
3
21
0
0
0
0
8
1
13
0
0
16
13
0
3
22
6
10
10
17
5
0
9
1
5
3
1
4
1
5
18
5
40
1
0
128
155
0
5
5
242
1
4
0
0
57
10
3
7
0
15
2
18
5
12
449
85
1
0
6
6
6
0
6
19
0
24
20
25
5
27
20
13
27
23
15
4
1
21
1
31
9
0
6
58
61
12
0
18
18
30
0
245
1
5
11
23
16
6
5
0
6
46
1
0
0
0
0
1
1
0
0
0
1
0
0
1
5
4
16
14
1
6
0
1
0
1
13
0
0
0
3
0
6
1
0
0
0
0
0
0
0
0
0
0
0
0
0
0
0
0
0
0
0
0
0
0
0
0
0
0
0
0
0
0
0
0
0
1
0
0
0
1
3
0
0
1
0
0
1
2
10
1
0
0
0
0
0
0
0
0
0
1
13
0
5
9
21
23
16
0
23
0
0
0
0
0
446
21
17
1
0
481
405
386
1
0
0
416
21
21
0
0
402
0
1
0
21
0
1
0
21
20
0
20
7
2
0
2
4
22
0
0
0
0
0
0
0
0
0
0
5
10
9
20
20
33
0
0
0
0
0
0
0
10
0
1
2
1
2
1
1
