1
6
0
0
0
13
0
10
62
0
1
0
11
0
0
12
0
0
0
1
1
59
0
8
8
4
4
1
0
17
0
0
0
0
0
0
0
3
3
0
0
1
0
0
0
0
0
0
0
0
0
0
0
0
0
0
0
0
0
0
0
0
0
0
0
0
0
0
0
0
0
0
0
0
0
0
0
0
10
10
22
11
2
60
0
0
3
0
0
1
0
2
3
0
0
0
0
4
0
0
0
0
0
0
4
0
1
4
5
10
15
14
4
0
0
6
0
0
0
0
0
0
0
0
0
0
0
0
0
0
0
0
69
0
0
9
20
0
10
0
0
0
0
0
0
0
0
0
0
0
0
0
0
0
0
0
0
0
0
0
0
0
0
0
0
0
0
0
0
0
0
10
0
10
0
0
10
10
5
16
2
0
2
12
12
0
0
30
12
0
0
64
0
19
3
0
70
28
0
20
0
1
13
12
60
9
0
0
2
0
5
0
68
0
0
0
2
0
59
59
10
6
0
11
60
69
9
0
59
0
0
1
7
12
62
0
0
5
0
0
1
3
11
2
0
0
0
0
0
0
0
0
0
0
0
0
0
0
0
0
0
0
9
0
0
0
0
0
2
11
12
2
9
0
2
3
13
10
16
0
0
0
0
68
0
3
0
9
19
3
2
2
1
2
12
0
12
11
12
0
12
2
12
1
2
2
1
16
0
3
4
1
5
0
22
14
59
1
17
3
17
14
0
15
21
30
0
0
0
68
15
0
8
16
0
0
10
24
0
4
0
0
0
8
18
3
0
0
0
15
3
20
0
4
0
4
6
9
15
14
0
23
6
18
20
0
3
0
8
6
0
0
75
3
16
0
20
0
0
0
0
0
8
6
18
6
6
5
75
27
1
38
0
2
6
9
8
15
0
15
3
0
0
0
17
0
151
6
25
0
21
0
59
0
61
4
60
60
3
0
2
1
0
0
4
60
0
62
8
6
0
2
71
0
27
0
0
0
0
0
0
0
0
1
1
1
1
0
0
0
0
0
0
0
0
0
0
0
3
3
3
3
0
3
0
3
3
3
3
3
0
0
0
0
0
0
0
0
0
0
0
0
0
0
0
0
0
0
0
0
0
0
0
0
0
0
0
0
0
0
0
0
0
0
0
0
0
0
0
0
6
0
0
