35
91
95
0
0
0
6
26
1
35
15
11
0
41
2
0
26
23
35
23
42
6
60
15
17
0
15
46
0
0
0
35
35
35
15
1
3
0
0
0
0
0
0
0
24
0
0
0
0
1
15
15
16
0
0
0
16
0
0
0
0
35
0
10
10
0
0
0
0
0
20
0
0
0
0
1
0
0
0
6
0
0
0
0
3
1
0
0
0
1
0
0
0
0
0
32
1
0
2
0
0
0
0
5
4
0
13
0
117
438
158
14
0
129
0
0
64
64
0
5
0
0
0
0
0
1
0
0
2
0
5
0
163
2
8
127
5
0
3
0
4
2
0
0
0
0
0
1
0
0
24
69
25
9
64
155
1
2
24
27
9
20
35
49
44
84
0
25
0
0
0
21
0
8
21
10
0
0
0
49
198
0
0
0
10
1
7
1
58
0
0
0
0
0
0
0
0
0
0
0
0
0
0
0
56
60
661
287
0
23
0
84
23
44
5
1
243
37
44
45
9
0
0
0
0
0
0
0
35
0
0
11
1
0
77
0
64
455
387
0
1
5
21
20
134
36
5
78
0
80
0
87
411
92
14
8
1
9
0
0
393
1
386
0
88
0
5
260
20
11
2
410
0
0
0
21
0
0
16
0
107
35
9
70
0
99
15
33
13
29
10
99
35
6
53
5
4
1
8
17
5
1
200
0
218
110
1
217
1
134
35
2
35
5
412
5
8
6
0
215
212
1
227
124
37
222
1
0
